11551155
7611.000000
10874.000000
7567.000000
10834.000000
7518.000000
10791.000000
7465.000000
10747.000000
7410.000000
10703.000000
7355.000000
10662.000000
7301.000000
10624.000000
7250.000000
10589.000000
11551155
7755.000000
11027.000000
7720.000000
10992.000000
7679.000000
10954.000000
7632.000000
10913.000000
7582.000000
10871.000000
7529.000000
10829.000000
7476.000000
10788.000000
7424.000000
10751.000000
11551155
7755.000000
11027.000000
7720.000000
10992.000000
7679.000000
10954.000000
7632.000000
10913.000000
7582.000000
10871.000000
7529.000000
10829.000000
7476.000000
10788.000000
7424.000000
10751.000000
11551155
7755.000000
11027.000000
7720.000000
10992.000000
7679.000000
10954.000000
7632.000000
10913.000000
7582.000000
10871.000000
7529.000000
10829.000000
7476.000000
10788.000000
7424.000000
10751.000000
11551155
7880.000000
11143.000000
7839.000000
11103.000000
7792.000000
11059.000000
7739.000000
11013.000000
7683.000000
10966.000000
7624.000000
10920.000000
7565.000000
10876.000000
7508.000000
10836.000000
11551155
7880.000000
11143.000000
7839.000000
11103.000000
7792.000000
11059.000000
7739.000000
11013.000000
7683.000000
10966.000000
7624.000000
10920.000000
7565.000000
10876.000000
7508.000000
10836.000000
11551155
7880.000000
11143.000000
7839.000000
11103.000000
7792.000000
11059.000000
7739.000000
11013.000000
7683.000000
10966.000000
7624.000000
10920.000000
7565.000000
10876.000000
7508.000000
10836.000000
11551155
7955.000000
11203.000000
7909.000000
11159.000000
7856.000000
11111.000000
7798.000000
11062.000000
7737.000000
11012.000000
7674.000000
10963.000000
7611.000000
10917.000000
7551.000000
10875.000000
11551155
7955.000000
11203.000000
7909.000000
11159.000000
7856.000000
11111.000000
7798.000000
11062.000000
7737.000000
11012.000000
7674.000000
10963.000000
7611.000000
10917.000000
7551.000000
10875.000000
11551155
7955.000000
11203.000000
7909.000000
11159.000000
7856.000000
11111.000000
7798.000000
11062.000000
7737.000000
11012.000000
7674.000000
10963.000000
7611.000000
10917.000000
7551.000000
10875.000000
11551155
7958.000000
11258.000000
7929.000000
11229.000000
7894.000000
11197.000000
7854.000000
11161.000000
7810.000000
11124.000000
7764.000000
11087.000000
7716.000000
11049.000000
7668.000000
11013.000000
11551155
7958.000000
11258.000000
7929.000000
11229.000000
7894.000000
11197.000000
7854.000000
11161.000000
7810.000000
11124.000000
7764.000000
11087.000000
7716.000000
11049.000000
7668.000000
11013.000000
11551155
7958.000000
11258.000000
7929.000000
11229.000000
7894.000000
11197.000000
7854.000000
11161.000000
7810.000000
11124.000000
7764.000000
11087.000000
7716.000000
11049.000000
7668.000000
11013.000000
11551155
7970.000000
11260.000000
7933.000000
11226.000000
7892.000000
11190.000000
7848.000000
11153.000000
7801.000000
11115.000000
7753.000000
11078.000000
7705.000000
11042.000000
7658.000000
11008.000000
11551155
7970.000000
11260.000000
7933.000000
11226.000000
7892.000000
11190.000000
7848.000000
11153.000000
7801.000000
11115.000000
7753.000000
11078.000000
7705.000000
11042.000000
7658.000000
11008.000000
11551155
7970.000000
11260.000000
7933.000000
11226.000000
7892.000000
11190.000000
7848.000000
11153.000000
7801.000000
11115.000000
7753.000000
11078.000000
7705.000000
11042.000000
7658.000000
11008.000000
11551155
7968.000000
11258.000000
7935.000000
11227.000000
7897.000000
11192.000000
7855.000000
11156.000000
7810.000000
11119.000000
7763.000000
11081.000000
7715.000000
11045.000000
7668.000000
11009.000000
11551155
7968.000000
11258.000000
7935.000000
11227.000000
7897.000000
11192.000000
7855.000000
11156.000000
7810.000000
11119.000000
7763.000000
11081.000000
7715.000000
11045.000000
7668.000000
11009.000000
11551155
7968.000000
11258.000000
7935.000000
11227.000000
7897.000000
11192.000000
7855.000000
11156.000000
7810.000000
11119.000000
7763.000000
11081.000000
7715.000000
11045.000000
7668.000000
11009.000000
11551155
7974.000000
11263.000000
7944.000000
11234.000000
7909.000000
11202.000000
7870.000000
11168.000000
7828.000000
11133.000000
7783.000000
11097.000000
7737.000000
11062.000000
7692.000000
11028.000000
11551155
7974.000000
11263.000000
7944.000000
11234.000000
7909.000000
11202.000000
7870.000000
11168.000000
7828.000000
11133.000000
7783.000000
11097.000000
7737.000000
11062.000000
7692.000000
11028.000000
11551155
7974.000000
11263.000000
7944.000000
11234.000000
7909.000000
11202.000000
7870.000000
11168.000000
7828.000000
11133.000000
7783.000000
11097.000000
7737.000000
11062.000000
7692.000000
11028.000000
11551155
8028.000000
11284.000000
7998.000000
11254.000000
7962.000000
11221.000000
7922.000000
11186.000000
7878.000000
11149.000000
7832.000000
11113.000000
7785.000000
11076.000000
7737.000000
11041.000000
11551155
8028.000000
11284.000000
7998.000000
11254.000000
7962.000000
11221.000000
7922.000000
11186.000000
7878.000000
11149.000000
7832.000000
11113.000000
7785.000000
11076.000000
7737.000000
11041.000000
11551155
8028.000000
11284.000000
7998.000000
11254.000000
7962.000000
11221.000000
7922.000000
11186.000000
7878.000000
11149.000000
7832.000000
11113.000000
7785.000000
11076.000000
7737.000000
11041.000000
11551155
8056.000000
11293.000000
8024.000000
11262.000000
7986.000000
11227.000000
7943.000000
11190.000000
7897.000000
11151.000000
7848.000000
11113.000000
7798.000000
11075.000000
7749.000000
11038.000000
11551155
8056.000000
11293.000000
8024.000000
11262.000000
7986.000000
11227.000000
7943.000000
11190.000000
7897.000000
11151.000000
7848.000000
11113.000000
7798.000000
11075.000000
7749.000000
11038.000000
11551155
8056.000000
11293.000000
8024.000000
11262.000000
7986.000000
11227.000000
7943.000000
11190.000000
7897.000000
11151.000000
7848.000000
11113.000000
7798.000000
11075.000000
7749.000000
11038.000000
11551155
8099.000000
11315.000000
8070.000000
11286.000000
8036.000000
11253.000000
7997.000000
11218.000000
7954.000000
11182.000000
7907.000000
11144.000000
7859.000000
11107.000000
7811.000000
11071.000000
11551155
8099.000000
11315.000000
8070.000000
11286.000000
8036.000000
11253.000000
7997.000000
11218.000000
7954.000000
11182.000000
7907.000000
11144.000000
7859.000000
11107.000000
7811.000000
11071.000000
11551155
8099.000000
11315.000000
8070.000000
11286.000000
8036.000000
11253.000000
7997.000000
11218.000000
7954.000000
11182.000000
7907.000000
11144.000000
7859.000000
11107.000000
7811.000000
11071.000000
11551155
8099.000000
11301.000000
8063.000000
11267.000000
8022.000000
11231.000000
7977.000000
11193.000000
7929.000000
11154.000000
7879.000000
11116.000000
7829.000000
11078.000000
7780.000000
11043.000000
11551155
8099.000000
11301.000000
8063.000000
11267.000000
8022.000000
11231.000000
7977.000000
11193.000000
7929.000000
11154.000000
7879.000000
11116.000000
7829.000000
11078.000000
7780.000000
11043.000000
11551155
8099.000000
11301.000000
8063.000000
11267.000000
8022.000000
11231.000000
7977.000000
11193.000000
7929.000000
11154.000000
7879.000000
11116.000000
7829.000000
11078.000000
7780.000000
11043.000000
11551155
8090.000000
11282.000000
8054.000000
11248.000000
8013.000000
11211.000000
7968.000000
11172.000000
7920.000000
11133.000000
7871.000000
11093.000000
7821.000000
11055.000000
7772.000000
11019.000000
11551155
8090.000000
11282.000000
8054.000000
11248.000000
8013.000000
11211.000000
7968.000000
11172.000000
7920.000000
11133.000000
7871.000000
11093.000000
7821.000000
11055.000000
7772.000000
11019.000000
11551155
8090.000000
11282.000000
8054.000000
11248.000000
8013.000000
11211.000000
7968.000000
11172.000000
7920.000000
11133.000000
7871.000000
11093.000000
7821.000000
11055.000000
7772.000000
11019.000000
11551155
8016.000000
11204.000000
7979.000000
11171.000000
7937.000000
11135.000000
7892.000000
11098.000000
7845.000000
11061.000000
7797.000000
11025.000000
7750.000000
10991.000000
7704.000000
10958.000000
11551155
8016.000000
11204.000000
7979.000000
11171.000000
7937.000000
11135.000000
7892.000000
11098.000000
7845.000000
11061.000000
7797.000000
11025.000000
7750.000000
10991.000000
7704.000000
10958.000000
11551155
8016.000000
11204.000000
7979.000000
11171.000000
7937.000000
11135.000000
7892.000000
11098.000000
7845.000000
11061.000000
7797.000000
11025.000000
7750.000000
10991.000000
7704.000000
10958.000000
11551155
7968.000000
11151.000000
7929.000000
11117.000000
7886.000000
11081.000000
7840.000000
11044.000000
7793.000000
11008.000000
7745.000000
10973.000000
7698.000000
10940.000000
7653.000000
10909.000000
11551155
7968.000000
11151.000000
7929.000000
11117.000000
7886.000000
11081.000000
7840.000000
11044.000000
7793.000000
11008.000000
7745.000000
10973.000000
7698.000000
10940.000000
7653.000000
10909.000000
11551155
7968.000000
11151.000000
7929.000000
11117.000000
7886.000000
11081.000000
7840.000000
11044.000000
7793.000000
11008.000000
7745.000000
10973.000000
7698.000000
10940.000000
7653.000000
10909.000000
11551155
7979.000000
11143.000000
7942.000000
11109.000000
7901.000000
11073.000000
7856.000000
11037.000000
7809.000000
11000.000000
7761.000000
10964.000000
7714.000000
10930.000000
7668.000000
10898.000000
11551155
7979.000000
11143.000000
7942.000000
11109.000000
7901.000000
11073.000000
7856.000000
11037.000000
7809.000000
11000.000000
7761.000000
10964.000000
7714.000000
10930.000000
7668.000000
10898.000000
11551155
7979.000000
11143.000000
7942.000000
11109.000000
7901.000000
11073.000000
7856.000000
11037.000000
7809.000000
11000.000000
7761.000000
10964.000000
7714.000000
10930.000000
7668.000000
10898.000000
11551155
7980.000000
11136.000000
7942.000000
11101.000000
7901.000000
11065.000000
7856.000000
11028.000000
7809.000000
10991.000000
7761.000000
10955.000000
7714.000000
10921.000000
7668.000000
10889.000000
11551155
7980.000000
11136.000000
7942.000000
11101.000000
7901.000000
11065.000000
7856.000000
11028.000000
7809.000000
10991.000000
7761.000000
10955.000000
7714.000000
10921.000000
7668.000000
10889.000000
11551155
7980.000000
11136.000000
7942.000000
11101.000000
7901.000000
11065.000000
7856.000000
11028.000000
7809.000000
10991.000000
7761.000000
10955.000000
7714.000000
10921.000000
7668.000000
10889.000000
11551155
7949.000000
11098.000000
7912.000000
11065.000000
7870.000000
11029.000000
7825.000000
10993.000000
7779.000000
10957.000000
7732.000000
10922.000000
7686.000000
10888.000000
7642.000000
10857.000000
11551155
7949.000000
11098.000000
7912.000000
11065.000000
7870.000000
11029.000000
7825.000000
10993.000000
7779.000000
10957.000000
7732.000000
10922.000000
7686.000000
10888.000000
7642.000000
10857.000000
11551155
7949.000000
11098.000000
7912.000000
11065.000000
7870.000000
11029.000000
7825.000000
10993.000000
7779.000000
10957.000000
7732.000000
10922.000000
7686.000000
10888.000000
7642.000000
10857.000000
11551155
7937.000000
11069.000000
7897.000000
11034.000000
7810.000000
10999.000000
7763.000000
10963.000000
7739.000000
10928.000000
7704.000000
10896.000000
7664.000000
10865.000000
7624.000000
10837.000000
11551155
7937.000000
11069.000000
7897.000000
11034.000000
7810.000000
10999.000000
7763.000000
10963.000000
7739.000000
10928.000000
7704.000000
10896.000000
7664.000000
10865.000000
7624.000000
10837.000000
11551155
8038.000000
11148.000000
8003.000000
11116.000000
7963.000000
11081.000000
7920.000000
11044.000000
7874.000000
11007.000000
7826.000000
10969.000000
7778.000000
10933.000000
7730.000000
10899.000000
11551155
8038.000000
11148.000000
8003.000000
11116.000000
7963.000000
11081.000000
7920.000000
11044.000000
7874.000000
11007.000000
7826.000000
10969.000000
7778.000000
10933.000000
7730.000000
10899.000000
11551155
8038.000000
11148.000000
8003.000000
11116.000000
7963.000000
11081.000000
7920.000000
11044.000000
7874.000000
11007.000000
7826.000000
10969.000000
7778.000000
10933.000000
7730.000000
10899.000000
11551155
8105.000000
11195.000000
8071.000000
11164.000000
8032.000000
11129.000000
7989.000000
11093.000000
7943.000000
11056.000000
7895.000000
11018.000000
7846.000000
10982.000000
7798.000000
10947.000000
11551155
8105.000000
11195.000000
8071.000000
11164.000000
8032.000000
11129.000000
7989.000000
11093.000000
7943.000000
11056.000000
7895.000000
11018.000000
7846.000000
10982.000000
7798.000000
10947.000000
11551155
8105.000000
11195.000000
8071.000000
11164.000000
8032.000000
11129.000000
7989.000000
11093.000000
7943.000000
11056.000000
7895.000000
11018.000000
7846.000000
10982.000000
7798.000000
10947.000000
11551155
8054.000000
11142.000000
8010.000000
11105.000000
7962.000000
11066.000000
7911.000000
11027.000000
7859.000000
10988.000000
7808.000000
10952.000000
7759.000000
10917.000000
7712.000000
10886.000000
11551155
8054.000000
11142.000000
8010.000000
11105.000000
7962.000000
11066.000000
7911.000000
11027.000000
7859.000000
10988.000000
7808.000000
10952.000000
7759.000000
10917.000000
7712.000000
10886.000000
11551155
8054.000000
11142.000000
8010.000000
11105.000000
7962.000000
11066.000000
7911.000000
11027.000000
7859.000000
10988.000000
7808.000000
10952.000000
7759.000000
10917.000000
7712.000000
10886.000000
11551155
8018.000000
11112.000000
7977.000000
11075.000000
7932.000000
11037.000000
7884.000000
10997.000000
7834.000000
10958.000000
7783.000000
10920.000000
7733.000000
10885.000000
7685.000000
10852.000000
11551155
8018.000000
11112.000000
7977.000000
11075.000000
7932.000000
11037.000000
7884.000000
10997.000000
7834.000000
10958.000000
7783.000000
10920.000000
7733.000000
10885.000000
7685.000000
10852.000000
11551155
8018.000000
11112.000000
7977.000000
11075.000000
7932.000000
11037.000000
7884.000000
10997.000000
7834.000000
10958.000000
7783.000000
10920.000000
7733.000000
10885.000000
7685.000000
10852.000000
11551155
8000.000000
11092.000000
7962.000000
11057.000000
7919.000000
11020.000000
7872.000000
10982.000000
7823.000000
10943.000000
7774.000000
10906.000000
7725.000000
10870.000000
7677.000000
10837.000000
11551155
8000.000000
11092.000000
7962.000000
11057.000000
7919.000000
11020.000000
7872.000000
10982.000000
7823.000000
10943.000000
7774.000000
10906.000000
7725.000000
10870.000000
7677.000000
10837.000000
11551155
7924.000000
11026.000000
7886.000000
10991.000000
7844.000000
10954.000000
7798.000000
10917.000000
7750.000000
10879.000000
7702.000000
10842.000000
7654.000000
10808.000000
7609.000000
10776.000000
11551155
7924.000000
11026.000000
7886.000000
10991.000000
7844.000000
10954.000000
7798.000000
10917.000000
7750.000000
10879.000000
7702.000000
10842.000000
7654.000000
10808.000000
7609.000000
10776.000000
11551155
7924.000000
11026.000000
7886.000000
10991.000000
7844.000000
10954.000000
7798.000000
10917.000000
7750.000000
10879.000000
7702.000000
10842.000000
7654.000000
10808.000000
7609.000000
10776.000000
11551155
7940.000000
11058.000000
7920.000000
11024.000000
7887.000000
10987.000000
7845.000000
10948.000000
7798.000000
10907.000000
7748.000000
10867.000000
7696.000000
10827.000000
7645.000000
10790.000000
11551155
7940.000000
11058.000000
7920.000000
11024.000000
7887.000000
10987.000000
7845.000000
10948.000000
7798.000000
10907.000000
7748.000000
10867.000000
7696.000000
10827.000000
7645.000000
10790.000000
11551155
7940.000000
11058.000000
7920.000000
11024.000000
7887.000000
10987.000000
7845.000000
10948.000000
7798.000000
10907.000000
7748.000000
10867.000000
7696.000000
10827.000000
7645.000000
10790.000000
11551155
7855.000000
10989.000000
7831.000000
10969.000000
7817.000000
10946.000000
7795.000000
10921.000000
7767.000000
10894.000000
7735.000000
10866.000000
7701.000000
10838.000000
7665.000000
10809.000000
11551155
7855.000000
10989.000000
7831.000000
10969.000000
7817.000000
10946.000000
7795.000000
10921.000000
7767.000000
10894.000000
7735.000000
10866.000000
7701.000000
10838.000000
7665.000000
10809.000000
11551155
7855.000000
10989.000000
7831.000000
10969.000000
7817.000000
10946.000000
7795.000000
10921.000000
7767.000000
10894.000000
7735.000000
10866.000000
7701.000000
10838.000000
7665.000000
10809.000000
11551155
7823.000000
10959.000000
7808.000000
10934.000000
7783.000000
10906.000000
7752.000000
10877.000000
7717.000000
10847.000000
7680.000000
10817.000000
7642.000000
10787.000000
7603.000000
10758.000000
11551155
7823.000000
10959.000000
7808.000000
10934.000000
7783.000000
10906.000000
7752.000000
10877.000000
7717.000000
10847.000000
7680.000000
10817.000000
7642.000000
10787.000000
7603.000000
10758.000000
11551155
7823.000000
10959.000000
7808.000000
10934.000000
7783.000000
10906.000000
7752.000000
10877.000000
7717.000000
10847.000000
7680.000000
10817.000000
7642.000000
10787.000000
7603.000000
10758.000000
11551155
7878.000000
10992.000000
7846.000000
10965.000000
7828.000000
10936.000000
7799.000000
10905.000000
7764.000000
10872.000000
7725.000000
10839.000000
7684.000000
10807.000000
7642.000000
10775.000000
11551155
7878.000000
10992.000000
7846.000000
10965.000000
7828.000000
10936.000000
7799.000000
10905.000000
7764.000000
10872.000000
7725.000000
10839.000000
7684.000000
10807.000000
7642.000000
10775.000000
11551155
7878.000000
10992.000000
7846.000000
10965.000000
7828.000000
10936.000000
7799.000000
10905.000000
7764.000000
10872.000000
7725.000000
10839.000000
7684.000000
10807.000000
7642.000000
10775.000000
11551155
7949.000000
11034.000000
7924.000000
11007.000000
7893.000000
10977.000000
7857.000000
10944.000000
7818.000000
10910.000000
7776.000000
10875.000000
7732.000000
10840.000000
7687.000000
10806.000000
11551155
7949.000000
11034.000000
7924.000000
11007.000000
7893.000000
10977.000000
7857.000000
10944.000000
7818.000000
10910.000000
7776.000000
10875.000000
7732.000000
10840.000000
7687.000000
10806.000000
11551155
7949.000000
11034.000000
7924.000000
11007.000000
7893.000000
10977.000000
7857.000000
10944.000000
7818.000000
10910.000000
7776.000000
10875.000000
7732.000000
10840.000000
7687.000000
10806.000000
11551155
7995.000000
11055.000000
7970.000000
11029.000000
7940.000000
11000.000000
7906.000000
10968.000000
7867.000000
10935.000000
7825.000000
10900.000000
7781.000000
10865.000000
7736.000000
10830.000000
11551155
7995.000000
11055.000000
7970.000000
11029.000000
7940.000000
11000.000000
7906.000000
10968.000000
7867.000000
10935.000000
7825.000000
10900.000000
7781.000000
10865.000000
7736.000000
10830.000000
11551155
7995.000000
11055.000000
7970.000000
11029.000000
7940.000000
11000.000000
7906.000000
10968.000000
7867.000000
10935.000000
7825.000000
10900.000000
7781.000000
10865.000000
7736.000000
10830.000000
11551155
8018.000000
11049.000000
7986.000000
11019.000000
7949.000000
10985.000000
7908.000000
10949.000000
7864.000000
10912.000000
7818.000000
10875.000000
7771.000000
10839.000000
7724.000000
10804.000000
11551155
8018.000000
11049.000000
7986.000000
11019.000000
7949.000000
10985.000000
7908.000000
10949.000000
7864.000000
10912.000000
7818.000000
10875.000000
7771.000000
10839.000000
7724.000000
10804.000000
11551155
8018.000000
11049.000000
7986.000000
11019.000000
7949.000000
10985.000000
7908.000000
10949.000000
7864.000000
10912.000000
7818.000000
10875.000000
7771.000000
10839.000000
7724.000000
10804.000000
11551155
8022.000000
11036.000000
7991.000000
11006.000000
7955.000000
10973.000000
7915.000000
10938.000000
7872.000000
10902.000000
7826.000000
10865.000000
7779.000000
10829.000000
7732.000000
10794.000000
11551155
8022.000000
11036.000000
7991.000000
11006.000000
7955.000000
10973.000000
7915.000000
10938.000000
7872.000000
10902.000000
7826.000000
10865.000000
7779.000000
10829.000000
7732.000000
10794.000000
11551155
8022.000000
11036.000000
7991.000000
11006.000000
7955.000000
10973.000000
7915.000000
10938.000000
7872.000000
10902.000000
7826.000000
10865.000000
7779.000000
10829.000000
7732.000000
10794.000000
11551155
7987.000000
10995.000000
7957.000000
10966.000000
7923.000000
10935.000000
7886.000000
10902.000000
7845.000000
10868.000000
7803.000000
10834.000000
7760.000000
10801.000000
7717.000000
10769.000000
11551155
7987.000000
10995.000000
7957.000000
10966.000000
7923.000000
10935.000000
7886.000000
10902.000000
7845.000000
10868.000000
7803.000000
10834.000000
7760.000000
10801.000000
7717.000000
10769.000000
11551155
7987.000000
10995.000000
7957.000000
10966.000000
7923.000000
10935.000000
7886.000000
10902.000000
7845.000000
10868.000000
7803.000000
10834.000000
7760.000000
10801.000000
7717.000000
10769.000000
11551155
7990.000000
10983.000000
7958.000000
10952.000000
7921.000000
10918.000000
7881.000000
10883.000000
7838.000000
10846.000000
7793.000000
10811.000000
7748.000000
10776.000000
7704.000000
10743.000000
11551155
7990.000000
10983.000000
7958.000000
10952.000000
7921.000000
10918.000000
7881.000000
10883.000000
7838.000000
10846.000000
7793.000000
10811.000000
7748.000000
10776.000000
7704.000000
10743.000000
11551155
7990.000000
10983.000000
7958.000000
10952.000000
7921.000000
10918.000000
7881.000000
10883.000000
7838.000000
10846.000000
7793.000000
10811.000000
7748.000000
10776.000000
7704.000000
10743.000000
11551155
7988.000000
10983.000000
7959.000000
10954.000000
7925.000000
10922.000000
7887.000000
10887.000000
7845.000000
10852.000000
7801.000000
10815.000000
7755.000000
10780.000000
7709.000000
10746.000000
11551155
7988.000000
10983.000000
7959.000000
10954.000000
7925.000000
10922.000000
7887.000000
10887.000000
7845.000000
10852.000000
7801.000000
10815.000000
7755.000000
10780.000000
7709.000000
10746.000000
11551155
7988.000000
10983.000000
7959.000000
10954.000000
7925.000000
10922.000000
7887.000000
10887.000000
7845.000000
10852.000000
7801.000000
10815.000000
7755.000000
10780.000000
7709.000000
10746.000000
11551155
7927.000000
10924.000000
7896.000000
10895.000000
7860.000000
10864.000000
7821.000000
10831.000000
7779.000000
10797.000000
7736.000000
10764.000000
7693.000000
10732.000000
7650.000000
10701.000000
11551155
7927.000000
10924.000000
7896.000000
10895.000000
7860.000000
10864.000000
7821.000000
10831.000000
7779.000000
10797.000000
7736.000000
10764.000000
7693.000000
10732.000000
7650.000000
10701.000000
11551155
7927.000000
10924.000000
7896.000000
10895.000000
7860.000000
10864.000000
7821.000000
10831.000000
7779.000000
10797.000000
7736.000000
10764.000000
7693.000000
10732.000000
7650.000000
10701.000000
11551155
7961.000000
10948.000000
7931.000000
10919.000000
7896.000000
10887.000000
7857.000000
10853.000000
7814.000000
10817.000000
7769.000000
10781.000000
7722.000000
10745.000000
7675.000000
10710.000000
11551155
7961.000000
10948.000000
7931.000000
10919.000000
7896.000000
10887.000000
7857.000000
10853.000000
7814.000000
10817.000000
7769.000000
10781.000000
7722.000000
10745.000000
7675.000000
10710.000000
11551155
7961.000000
10948.000000
7931.000000
10919.000000
7896.000000
10887.000000
7857.000000
10853.000000
7814.000000
10817.000000
7769.000000
10781.000000
7722.000000
10745.000000
7675.000000
10710.000000
11551155
7961.000000
10948.000000
7931.000000
10919.000000
7896.000000
10887.000000
7857.000000
10853.000000
7814.000000
10817.000000
7769.000000
10781.000000
7722.000000
10745.000000
7675.000000
10710.000000
11551155
7986.000000
10961.000000
7955.000000
10931.000000
7919.000000
10899.000000
7879.000000
10864.000000
7835.000000
10829.000000
7788.000000
10793.000000
7740.000000
10758.000000
7693.000000
10724.000000
11551155
7986.000000
10961.000000
7955.000000
10931.000000
7919.000000
10899.000000
7879.000000
10864.000000
7835.000000
10829.000000
7788.000000
10793.000000
7740.000000
10758.000000
7693.000000
10724.000000
11551155
7986.000000
10961.000000
7955.000000
10931.000000
7919.000000
10899.000000
7879.000000
10864.000000
7835.000000
10829.000000
7788.000000
10793.000000
7740.000000
10758.000000
7693.000000
10724.000000
11551155
7996.000000
10980.000000
7969.000000
10952.000000
7937.000000
10922.000000
7900.000000
10888.000000
7859.000000
10853.000000
7815.000000
10817.000000
7769.000000
10781.000000
7722.000000
10746.000000
11551155
7996.000000
10980.000000
7969.000000
10952.000000
7937.000000
10922.000000
7900.000000
10888.000000
7859.000000
10853.000000
7815.000000
10817.000000
7769.000000
10781.000000
7722.000000
10746.000000
11551155
7996.000000
10980.000000
7969.000000
10952.000000
7937.000000
10922.000000
7900.000000
10888.000000
7859.000000
10853.000000
7815.000000
10817.000000
7769.000000
10781.000000
7722.000000
10746.000000
11551155
8071.000000
11048.000000
8042.000000
11018.000000
8007.000000
10984.000000
7966.000000
10947.000000
7920.000000
10907.000000
7871.000000
10866.000000
7820.000000
10825.000000
7767.000000
10785.000000
11551155
8071.000000
11048.000000
8042.000000
11018.000000
8007.000000
10984.000000
7966.000000
10947.000000
7920.000000
10907.000000
7871.000000
10866.000000
7820.000000
10825.000000
7767.000000
10785.000000
11551155
8071.000000
11048.000000
8042.000000
11018.000000
8007.000000
10984.000000
7966.000000
10947.000000
7920.000000
10907.000000
7871.000000
10866.000000
7820.000000
10825.000000
7767.000000
10785.000000
11551155
8105.000000
11071.000000
8070.000000
11037.000000
8029.000000
10998.000000
7982.000000
10956.000000
7929.000000
10911.000000
7873.000000
10866.000000
7815.000000
10821.000000
7757.000000
10778.000000
11551155
8105.000000
11071.000000
8070.000000
11037.000000
8029.000000
10998.000000
7982.000000
10956.000000
7929.000000
10911.000000
7873.000000
10866.000000
7815.000000
10821.000000
7757.000000
10778.000000
11551155
8105.000000
11071.000000
8070.000000
11037.000000
8029.000000
10998.000000
7982.000000
10956.000000
7929.000000
10911.000000
7873.000000
10866.000000
7815.000000
10821.000000
7757.000000
10778.000000
11551155
8072.000000
11044.000000
8033.000000
11007.000000
7988.000000
10967.000000
7938.000000
10923.000000
7883.000000
10879.000000
7826.000000
10835.000000
7769.000000
10792.000000
7712.000000
10752.000000
11551155
8072.000000
11044.000000
8033.000000
11007.000000
7988.000000
10967.000000
7938.000000
10923.000000
7883.000000
10879.000000
7826.000000
10835.000000
7769.000000
10792.000000
7712.000000
10752.000000
11551155
8072.000000
11044.000000
8033.000000
11007.000000
7988.000000
10967.000000
7938.000000
10923.000000
7883.000000
10879.000000
7826.000000
10835.000000
7769.000000
10792.000000
7712.000000
10752.000000
11551155
8116.000000
11084.000000
8086.000000
11052.000000
8048.000000
11015.000000
8004.000000
10974.000000
7955.000000
10931.000000
7901.000000
10886.000000
7845.000000
10840.000000
7787.000000
10796.000000
11551155
8116.000000
11084.000000
8086.000000
11052.000000
8048.000000
11015.000000
8004.000000
10974.000000
7955.000000
10931.000000
7901.000000
10886.000000
7845.000000
10840.000000
7787.000000
10796.000000
11551155
8116.000000
11084.000000
8086.000000
11052.000000
8048.000000
11015.000000
8004.000000
10974.000000
7955.000000
10931.000000
7901.000000
10886.000000
7845.000000
10840.000000
7787.000000
10796.000000
11551155
8114.000000
11079.000000
8086.000000
11049.000000
8050.000000
11015.000000
8008.000000
10976.000000
7960.000000
10935.000000
7908.000000
10891.000000
7853.000000
10848.000000
7796.000000
10805.000000
11551155
8114.000000
11079.000000
8086.000000
11049.000000
8050.000000
11015.000000
8008.000000
10976.000000
7960.000000
10935.000000
7908.000000
10891.000000
7853.000000
10848.000000
7796.000000
10805.000000
11551155
8114.000000
11079.000000
8086.000000
11049.000000
8050.000000
11015.000000
8008.000000
10976.000000
7960.000000
10935.000000
7908.000000
10891.000000
7853.000000
10848.000000
7796.000000
10805.000000
11551155
8104.000000
11072.000000
8075.000000
11042.000000
8039.000000
11007.000000
7997.000000
10969.000000
7949.000000
10928.000000
7897.000000
10885.000000
7842.000000
10843.000000
7786.000000
10802.000000
11551155
8104.000000
11072.000000
8075.000000
11042.000000
8039.000000
11007.000000
7997.000000
10969.000000
7949.000000
10928.000000
7897.000000
10885.000000
7842.000000
10843.000000
7786.000000
10802.000000
11551155
8104.000000
11072.000000
8075.000000
11042.000000
8039.000000
11007.000000
7997.000000
10969.000000
7949.000000
10928.000000
7897.000000
10885.000000
7842.000000
10843.000000
7786.000000
10802.000000
11551155
8145.000000
11111.000000
8121.000000
11085.000000
8090.000000
11053.000000
8052.000000
11017.000000
8008.000000
10977.000000
7959.000000
10935.000000
7905.000000
10891.000000
7849.000000
10848.000000
11551155
8145.000000
11111.000000
8121.000000
11085.000000
8090.000000
11053.000000
8052.000000
11017.000000
8008.000000
10977.000000
7959.000000
10935.000000
7905.000000
10891.000000
7849.000000
10848.000000
11551155
8145.000000
11111.000000
8121.000000
11085.000000
8090.000000
11053.000000
8052.000000
11017.000000
8008.000000
10977.000000
7959.000000
10935.000000
7905.000000
10891.000000
7849.000000
10848.000000
11551155
8145.000000
11111.000000
8121.000000
11085.000000
8090.000000
11053.000000
8052.000000
11017.000000
8008.000000
10977.000000
7959.000000
10935.000000
7905.000000
10891.000000
7849.000000
10848.000000
11551155
8174.000000
11150.000000
8155.000000
11128.000000
8130.000000
11101.000000
8098.000000
11068.000000
8060.000000
11031.000000
8015.000000
10991.000000
7965.000000
10948.000000
7912.000000
10905.000000
11551155
8174.000000
11150.000000
8155.000000
11128.000000
8130.000000
11101.000000
8098.000000
11068.000000
8060.000000
11031.000000
8015.000000
10991.000000
7965.000000
10948.000000
7912.000000
10905.000000
11551155
8174.000000
11150.000000
8155.000000
11128.000000
8130.000000
11101.000000
8098.000000
11068.000000
8060.000000
11031.000000
8015.000000
10991.000000
7965.000000
10948.000000
7912.000000
10905.000000
11551155
8171.000000
11135.000000
8140.000000
11104.000000
8102.000000
11067.000000
8014.000000
11027.000000
7958.000000
10984.000000
7928.000000
10939.000000
7883.000000
10894.000000
7831.000000
10851.000000
11551155
8171.000000
11135.000000
8140.000000
11104.000000
8102.000000
11067.000000
8014.000000
11027.000000
7958.000000
10984.000000
7928.000000
10939.000000
7883.000000
10894.000000
7831.000000
10851.000000
11551155
8171.000000
11135.000000
8140.000000
11104.000000
8102.000000
11067.000000
8014.000000
11027.000000
7958.000000
10984.000000
7928.000000
10939.000000
7883.000000
10894.000000
7831.000000
10851.000000
11551155
8214.000000
11171.000000
8183.000000
11138.000000
8144.000000
11101.000000
8098.000000
11060.000000
8046.000000
11016.000000
7989.000000
10970.000000
7930.000000
10924.000000
7869.000000
10880.000000
11551155
8214.000000
11171.000000
8183.000000
11138.000000
8144.000000
11101.000000
8098.000000
11060.000000
8046.000000
11016.000000
7989.000000
10970.000000
7930.000000
10924.000000
7869.000000
10880.000000
11551155
8214.000000
11171.000000
8183.000000
11138.000000
8144.000000
11101.000000
8098.000000
11060.000000
8046.000000
11016.000000
7989.000000
10970.000000
7930.000000
10924.000000
7869.000000
10880.000000
11551155
8242.000000
11192.000000
8208.000000
11158.000000
8167.000000
11120.000000
8120.000000
11077.000000
8067.000000
11033.000000
8010.000000
10987.000000
7950.000000
10941.000000
7890.000000
10897.000000

