11551155
6277.000000
9141.000000
6255.000000
9119.000000
6230.000000
9095.000000
6174.000000
9070.000000
6142.000000
9044.000000
6125.000000
9018.000000
6100.000000
8992.000000
6071.000000
8967.000000
11551155
6222.000000
9116.000000
6199.000000
9097.000000
6186.000000
9075.000000
6165.000000
9051.000000
6139.000000
9026.000000
6110.000000
9000.000000
6079.000000
8974.000000
6048.000000
8948.000000
11551155
6222.000000
9116.000000
6199.000000
9097.000000
6186.000000
9075.000000
6165.000000
9051.000000
6139.000000
9026.000000
6110.000000
9000.000000
6079.000000
8974.000000
6048.000000
8948.000000
11551155
6222.000000
9116.000000
6199.000000
9097.000000
6186.000000
9075.000000
6165.000000
9051.000000
6139.000000
9026.000000
6110.000000
9000.000000
6079.000000
8974.000000
6048.000000
8948.000000
11551155
6195.000000
9090.000000
6174.000000
9068.000000
6149.000000
9044.000000
6122.000000
9018.000000
6093.000000
8993.000000
6062.000000
8967.000000
6031.000000
8941.000000
6000.000000
8917.000000
11551155
6195.000000
9090.000000
6174.000000
9068.000000
6149.000000
9044.000000
6122.000000
9018.000000
6093.000000
8993.000000
6062.000000
8967.000000
6031.000000
8941.000000
6000.000000
8917.000000
11551155
6195.000000
9090.000000
6174.000000
9068.000000
6149.000000
9044.000000
6122.000000
9018.000000
6093.000000
8993.000000
6062.000000
8967.000000
6031.000000
8941.000000
6000.000000
8917.000000
11551155
6205.000000
9095.000000
6183.000000
9072.000000
6158.000000
9048.000000
6130.000000
9022.000000
6100.000000
8996.000000
6069.000000
8969.000000
6037.000000
8943.000000
6005.000000
8918.000000
11551155
6205.000000
9095.000000
6183.000000
9072.000000
6158.000000
9048.000000
6130.000000
9022.000000
6100.000000
8996.000000
6069.000000
8969.000000
6037.000000
8943.000000
6005.000000
8918.000000
11551155
6205.000000
9095.000000
6183.000000
9072.000000
6158.000000
9048.000000
6130.000000
9022.000000
6100.000000
8996.000000
6069.000000
8969.000000
6037.000000
8943.000000
6005.000000
8918.000000
11551155
6205.000000
9095.000000
6183.000000
9072.000000
6158.000000
9048.000000
6130.000000
9022.000000
6100.000000
8996.000000
6069.000000
8969.000000
6037.000000
8943.000000
6005.000000
8918.000000
11551155
6222.000000
9113.000000
6201.000000
9091.000000
6177.000000
9068.000000
6150.000000
9042.000000
6120.000000
9016.000000
6089.000000
8990.000000
6057.000000
8963.000000
6026.000000
8938.000000
11551155
6222.000000
9113.000000
6201.000000
9091.000000
6177.000000
9068.000000
6150.000000
9042.000000
6120.000000
9016.000000
6089.000000
8990.000000
6057.000000
8963.000000
6026.000000
8938.000000
11551155
6222.000000
9113.000000
6201.000000
9091.000000
6177.000000
9068.000000
6150.000000
9042.000000
6120.000000
9016.000000
6089.000000
8990.000000
6057.000000
8963.000000
6026.000000
8938.000000
11551155
6246.000000
9141.000000
6225.000000
9119.000000
6201.000000
9095.000000
6174.000000
9069.000000
6144.000000
9041.000000
6112.000000
9014.000000
6079.000000
8986.000000
6046.000000
8959.000000
11551155
6246.000000
9141.000000
6225.000000
9119.000000
6201.000000
9095.000000
6174.000000
9069.000000
6144.000000
9041.000000
6112.000000
9014.000000
6079.000000
8986.000000
6046.000000
8959.000000
11551155
6246.000000
9141.000000
6225.000000
9119.000000
6201.000000
9095.000000
6174.000000
9069.000000
6144.000000
9041.000000
6112.000000
9014.000000
6079.000000
8986.000000
6046.000000
8959.000000
11551155
6243.000000
9143.000000
6222.000000
9121.000000
6197.000000
9097.000000
6169.000000
9071.000000
6139.000000
9043.000000
6107.000000
9015.000000
6074.000000
8988.000000
6041.000000
8961.000000
11551155
6243.000000
9143.000000
6222.000000
9121.000000
6197.000000
9097.000000
6169.000000
9071.000000
6139.000000
9043.000000
6107.000000
9015.000000
6074.000000
8988.000000
6041.000000
8961.000000
11551155
6243.000000
9143.000000
6222.000000
9121.000000
6197.000000
9097.000000
6169.000000
9071.000000
6139.000000
9043.000000
6107.000000
9015.000000
6074.000000
8988.000000
6041.000000
8961.000000
11551155
6253.000000
9151.000000
6231.000000
9128.000000
6205.000000
9102.000000
6176.000000
9074.000000
6145.000000
9046.000000
6112.000000
9018.000000
6079.000000
8991.000000
6046.000000
8965.000000
11551155
6253.000000
9151.000000
6231.000000
9128.000000
6205.000000
9102.000000
6176.000000
9074.000000
6145.000000
9046.000000
6112.000000
9018.000000
6079.000000
8991.000000
6046.000000
8965.000000
11551155
6253.000000
9151.000000
6231.000000
9128.000000
6205.000000
9102.000000
6176.000000
9074.000000
6145.000000
9046.000000
6112.000000
9018.000000
6079.000000
8991.000000
6046.000000
8965.000000
11551155
6237.000000
9136.000000
6214.000000
9111.000000
6187.000000
9084.000000
6157.000000
9057.000000
6124.000000
9028.000000
6090.000000
9000.000000
6056.000000
8973.000000
6022.000000
8947.000000
11551155
6237.000000
9136.000000
6214.000000
9111.000000
6187.000000
9084.000000
6157.000000
9057.000000
6124.000000
9028.000000
6090.000000
9000.000000
6056.000000
8973.000000
6022.000000
8947.000000
11551155
6237.000000
9136.000000
6214.000000
9111.000000
6187.000000
9084.000000
6157.000000
9057.000000
6124.000000
9028.000000
6090.000000
9000.000000
6056.000000
8973.000000
6022.000000
8947.000000
11551155
6180.000000
9089.000000
6156.000000
9064.000000
6129.000000
9038.000000
6099.000000
9010.000000
6067.000000
8982.000000
6034.000000
8954.000000
6001.000000
8927.000000
5969.000000
8901.000000
11551155
6180.000000
9089.000000
6156.000000
9064.000000
6129.000000
9038.000000
6099.000000
9010.000000
6067.000000
8982.000000
6034.000000
8954.000000
6001.000000
8927.000000
5969.000000
8901.000000
11551155
6180.000000
9089.000000
6156.000000
9064.000000
6129.000000
9038.000000
6099.000000
9010.000000
6067.000000
8982.000000
6034.000000
8954.000000
6001.000000
8927.000000
5969.000000
8901.000000
11551155
6113.000000
9032.000000
6091.000000
9010.000000
6067.000000
8986.000000
6040.000000
8960.000000
6010.000000
8934.000000
5979.000000
8907.000000
5948.000000
8881.000000
5917.000000
8856.000000
11551155
6113.000000
9032.000000
6091.000000
9010.000000
6067.000000
8986.000000
6040.000000
8960.000000
6010.000000
8934.000000
5979.000000
8907.000000
5948.000000
8881.000000
5917.000000
8856.000000
11551155
6113.000000
9032.000000
6091.000000
9010.000000
6067.000000
8986.000000
6040.000000
8960.000000
6010.000000
8934.000000
5979.000000
8907.000000
5948.000000
8881.000000
5917.000000
8856.000000
11551155
6066.000000
8983.000000
6041.000000
8958.000000
6014.000000
8933.000000
5984.000000
8906.000000
5953.000000
8880.000000
5921.000000
8854.000000
5890.000000
8830.000000
5860.000000
8807.000000
11551155
6066.000000
8983.000000
6041.000000
8958.000000
6014.000000
8933.000000
5984.000000
8906.000000
5953.000000
8880.000000
5921.000000
8854.000000
5890.000000
8830.000000
5860.000000
8807.000000
11551155
6066.000000
8983.000000
6041.000000
8958.000000
6014.000000
8933.000000
5984.000000
8906.000000
5953.000000
8880.000000
5921.000000
8854.000000
5890.000000
8830.000000
5860.000000
8807.000000
11551155
6037.000000
8944.000000
6011.000000
8918.000000
5982.000000
8891.000000
5952.000000
8864.000000
5922.000000
8838.000000
5892.000000
8813.000000
5862.000000
8789.000000
5834.000000
8768.000000
11551155
6037.000000
8944.000000
6011.000000
8918.000000
5982.000000
8891.000000
5952.000000
8864.000000
5922.000000
8838.000000
5892.000000
8813.000000
5862.000000
8789.000000
5834.000000
8768.000000
11551155
6037.000000
8944.000000
6011.000000
8918.000000
5982.000000
8891.000000
5952.000000
8864.000000
5922.000000
8838.000000
5892.000000
8813.000000
5862.000000
8789.000000
5834.000000
8768.000000
11551155
6023.000000
8913.000000
6000.000000
8889.000000
5974.000000
8864.000000
5947.000000
8839.000000
5919.000000
8815.000000
5890.000000
8792.000000
5863.000000
8771.000000
5837.000000
8752.000000
11551155
6023.000000
8913.000000
6000.000000
8889.000000
5974.000000
8864.000000
5947.000000
8839.000000
5919.000000
8815.000000
5890.000000
8792.000000
5863.000000
8771.000000
5837.000000
8752.000000
11551155
6023.000000
8913.000000
6000.000000
8889.000000
5974.000000
8864.000000
5947.000000
8839.000000
5919.000000
8815.000000
5890.000000
8792.000000
5863.000000
8771.000000
5837.000000
8752.000000
11551155
6139.000000
8994.000000
6118.000000
8972.000000
6094.000000
8948.000000
6067.000000
8923.000000
6039.000000
8897.000000
5981.000000
8871.000000
5952.000000
8847.000000
5938.000000
8824.000000
11551155
6139.000000
8994.000000
6118.000000
8972.000000
6094.000000
8948.000000
6067.000000
8923.000000
6039.000000
8897.000000
5981.000000
8871.000000
5952.000000
8847.000000
5938.000000
8824.000000
11551155
6139.000000
8994.000000
6118.000000
8972.000000
6094.000000
8948.000000
6067.000000
8923.000000
6039.000000
8897.000000
5981.000000
8871.000000
5952.000000
8847.000000
5938.000000
8824.000000
11551155
6125.000000
8939.000000
6102.000000
8916.000000
6077.000000
8891.000000
6050.000000
8866.000000
6021.000000
8841.000000
5992.000000
8816.000000
5963.000000
8793.000000
5935.000000
8772.000000
11551155
6125.000000
8939.000000
6102.000000
8916.000000
6077.000000
8891.000000
6050.000000
8866.000000
6021.000000
8841.000000
5992.000000
8816.000000
5963.000000
8793.000000
5935.000000
8772.000000
11551155
6125.000000
8939.000000
6102.000000
8916.000000
6077.000000
8891.000000
6050.000000
8866.000000
6021.000000
8841.000000
5992.000000
8816.000000
5963.000000
8793.000000
5935.000000
8772.000000
11551155
6117.000000
8904.000000
6093.000000
8880.000000
6067.000000
8854.000000
6038.000000
8827.000000
6008.000000
8801.000000
5978.000000
8775.000000
5948.000000
8751.000000
5919.000000
8729.000000
11551155
6117.000000
8904.000000
6093.000000
8880.000000
6067.000000
8854.000000
6038.000000
8827.000000
6008.000000
8801.000000
5978.000000
8775.000000
5948.000000
8751.000000
5919.000000
8729.000000
11551155
6117.000000
8904.000000
6093.000000
8880.000000
6067.000000
8854.000000
6038.000000
8827.000000
6008.000000
8801.000000
5978.000000
8775.000000
5948.000000
8751.000000
5919.000000
8729.000000
11551155
6104.000000
8858.000000
6078.000000
8832.000000
6050.000000
8805.000000
6019.000000
8777.000000
5988.000000
8749.000000
5956.000000
8723.000000
5925.000000
8698.000000
5895.000000
8674.000000
11551155
6104.000000
8858.000000
6078.000000
8832.000000
6050.000000
8805.000000
6019.000000
8777.000000
5988.000000
8749.000000
5956.000000
8723.000000
5925.000000
8698.000000
5895.000000
8674.000000
11551155
6104.000000
8858.000000
6078.000000
8832.000000
6050.000000
8805.000000
6019.000000
8777.000000
5988.000000
8749.000000
5956.000000
8723.000000
5925.000000
8698.000000
5895.000000
8674.000000
11551155
6088.000000
8821.000000
6062.000000
8795.000000
6033.000000
8768.000000
6003.000000
8741.000000
5971.000000
8714.000000
5939.000000
8687.000000
5908.000000
8663.000000
5879.000000
8640.000000
11551155
6088.000000
8821.000000
6062.000000
8795.000000
6033.000000
8768.000000
6003.000000
8741.000000
5971.000000
8714.000000
5939.000000
8687.000000
5908.000000
8663.000000
5879.000000
8640.000000
11551155
6088.000000
8821.000000
6062.000000
8795.000000
6033.000000
8768.000000
6003.000000
8741.000000
5971.000000
8714.000000
5939.000000
8687.000000
5908.000000
8663.000000
5879.000000
8640.000000
11551155
6089.000000
8802.000000
6062.000000
8774.000000
6033.000000
8746.000000
6001.000000
8716.000000
5968.000000
8687.000000
5935.000000
8658.000000
5902.000000
8632.000000
5871.000000
8607.000000
11551155
6089.000000
8802.000000
6062.000000
8774.000000
6033.000000
8746.000000
6001.000000
8716.000000
5968.000000
8687.000000
5935.000000
8658.000000
5902.000000
8632.000000
5871.000000
8607.000000
11551155
6089.000000
8802.000000
6062.000000
8774.000000
6033.000000
8746.000000
6001.000000
8716.000000
5968.000000
8687.000000
5935.000000
8658.000000
5902.000000
8632.000000
5871.000000
8607.000000
11551155
6078.000000
8779.000000
6051.000000
8751.000000
6020.000000
8722.000000
5987.000000
8692.000000
5952.000000
8662.000000
5917.000000
8632.000000
5882.000000
8605.000000
5849.000000
8579.000000
11551155
6078.000000
8779.000000
6051.000000
8751.000000
6020.000000
8722.000000
5987.000000
8692.000000
5952.000000
8662.000000
5917.000000
8632.000000
5882.000000
8605.000000
5849.000000
8579.000000
11551155
6078.000000
8779.000000
6051.000000
8751.000000
6020.000000
8722.000000
5987.000000
8692.000000
5952.000000
8662.000000
5917.000000
8632.000000
5882.000000
8605.000000
5849.000000
8579.000000
11551155
6086.000000
8785.000000
6061.000000
8758.000000
6032.000000
8729.000000
6001.000000
8700.000000
5967.000000
8669.000000
5933.000000
8639.000000
5899.000000
8611.000000
5866.000000
8584.000000
11551155
6086.000000
8785.000000
6061.000000
8758.000000
6032.000000
8729.000000
6001.000000
8700.000000
5967.000000
8669.000000
5933.000000
8639.000000
5899.000000
8611.000000
5866.000000
8584.000000
11551155
6086.000000
8785.000000
6061.000000
8758.000000
6032.000000
8729.000000
6001.000000
8700.000000
5967.000000
8669.000000
5933.000000
8639.000000
5899.000000
8611.000000
5866.000000
8584.000000
11551155
6034.000000
8728.000000
6006.000000
8700.000000
5975.000000
8670.000000
5942.000000
8640.000000
5908.000000
8610.000000
5873.000000
8581.000000
5838.000000
8554.000000
5805.000000
8529.000000
11551155
6034.000000
8728.000000
6006.000000
8700.000000
5975.000000
8670.000000
5942.000000
8640.000000
5908.000000
8610.000000
5873.000000
8581.000000
5838.000000
8554.000000
5805.000000
8529.000000
11551155
6034.000000
8728.000000
6006.000000
8700.000000
5975.000000
8670.000000
5942.000000
8640.000000
5908.000000
8610.000000
5873.000000
8581.000000
5838.000000
8554.000000
5805.000000
8529.000000
11551155
6022.000000
8723.000000
5993.000000
8693.000000
5961.000000
8662.000000
5926.000000
8630.000000
5890.000000
8599.000000
5854.000000
8569.000000
5819.000000
8540.000000
5785.000000
8514.000000
11551155
6022.000000
8723.000000
5993.000000
8693.000000
5961.000000
8662.000000
5926.000000
8630.000000
5890.000000
8599.000000
5854.000000
8569.000000
5819.000000
8540.000000
5785.000000
8514.000000
11551155
6022.000000
8723.000000
5993.000000
8693.000000
5961.000000
8662.000000
5926.000000
8630.000000
5890.000000
8599.000000
5854.000000
8569.000000
5819.000000
8540.000000
5785.000000
8514.000000
11551155
6015.000000
8718.000000
5989.000000
8691.000000
5959.000000
8661.000000
5927.000000
8630.000000
5893.000000
8600.000000
5858.000000
8570.000000
5823.000000
8541.000000
5789.000000
8514.000000
11551155
6015.000000
8718.000000
5989.000000
8691.000000
5959.000000
8661.000000
5927.000000
8630.000000
5893.000000
8600.000000
5858.000000
8570.000000
5823.000000
8541.000000
5789.000000
8514.000000
11551155
6015.000000
8718.000000
5989.000000
8691.000000
5959.000000
8661.000000
5927.000000
8630.000000
5893.000000
8600.000000
5858.000000
8570.000000
5823.000000
8541.000000
5789.000000
8514.000000
11551155
6004.000000
8710.000000
5975.000000
8681.000000
5944.000000
8651.000000
5910.000000
8620.000000
5875.000000
8590.000000
5839.000000
8560.000000
5804.000000
8532.000000
5770.000000
8506.000000
11551155
6004.000000
8710.000000
5975.000000
8681.000000
5944.000000
8651.000000
5910.000000
8620.000000
5875.000000
8590.000000
5839.000000
8560.000000
5804.000000
8532.000000
5770.000000
8506.000000
11551155
6004.000000
8710.000000
5975.000000
8681.000000
5944.000000
8651.000000
5910.000000
8620.000000
5875.000000
8590.000000
5839.000000
8560.000000
5804.000000
8532.000000
5770.000000
8506.000000
11551155
5997.000000
8716.000000
5972.000000
8690.000000
5944.000000
8661.000000
5912.000000
8631.000000
5878.000000
8601.000000
5843.000000
8570.000000
5808.000000
8540.000000
5773.000000
8512.000000
11551155
5997.000000
8716.000000
5972.000000
8690.000000
5944.000000
8661.000000
5912.000000
8631.000000
5878.000000
8601.000000
5843.000000
8570.000000
5808.000000
8540.000000
5773.000000
8512.000000
11551155
5997.000000
8716.000000
5972.000000
8690.000000
5944.000000
8661.000000
5912.000000
8631.000000
5878.000000
8601.000000
5843.000000
8570.000000
5808.000000
8540.000000
5773.000000
8512.000000
11551155
6008.000000
8734.000000
5984.000000
8709.000000
5956.000000
8681.000000
5926.000000
8651.000000
5893.000000
8621.000000
5859.000000
8591.000000
5825.000000
8562.000000
5791.000000
8535.000000
11551155
6008.000000
8734.000000
5984.000000
8709.000000
5956.000000
8681.000000
5926.000000
8651.000000
5893.000000
8621.000000
5859.000000
8591.000000
5825.000000
8562.000000
5791.000000
8535.000000
11551155
6008.000000
8734.000000
5984.000000
8709.000000
5956.000000
8681.000000
5926.000000
8651.000000
5893.000000
8621.000000
5859.000000
8591.000000
5825.000000
8562.000000
5791.000000
8535.000000
11551155
6040.000000
8759.000000
6014.000000
8730.000000
5984.000000
8700.000000
5951.000000
8669.000000
5916.000000
8637.000000
5880.000000
8606.000000
5844.000000
8576.000000
5809.000000
8547.000000
11551155
6040.000000
8759.000000
6014.000000
8730.000000
5984.000000
8700.000000
5951.000000
8669.000000
5916.000000
8637.000000
5880.000000
8606.000000
5844.000000
8576.000000
5809.000000
8547.000000
11551155
6040.000000
8759.000000
6014.000000
8730.000000
5984.000000
8700.000000
5951.000000
8669.000000
5916.000000
8637.000000
5880.000000
8606.000000
5844.000000
8576.000000
5809.000000
8547.000000
11551155
6024.000000
8747.000000
5999.000000
8721.000000
5971.000000
8693.000000
5939.000000
8662.000000
5906.000000
8632.000000
5871.000000
8601.000000
5835.000000
8571.000000
5800.000000
8542.000000
11551155
6024.000000
8747.000000
5999.000000
8721.000000
5971.000000
8693.000000
5939.000000
8662.000000
5906.000000
8632.000000
5871.000000
8601.000000
5835.000000
8571.000000
5800.000000
8542.000000
11551155
6024.000000
8747.000000
5999.000000
8721.000000
5971.000000
8693.000000
5939.000000
8662.000000
5906.000000
8632.000000
5871.000000
8601.000000
5835.000000
8571.000000
5800.000000
8542.000000
11551155
6013.000000
8748.000000
5989.000000
8723.000000
5962.000000
8695.000000
5932.000000
8666.000000
5900.000000
8636.000000
5867.000000
8607.000000
5834.000000
8579.000000
5801.000000
8552.000000
11551155
6013.000000
8748.000000
5989.000000
8723.000000
5962.000000
8695.000000
5932.000000
8666.000000
5900.000000
8636.000000
5867.000000
8607.000000
5834.000000
8579.000000
5801.000000
8552.000000
11551155
6013.000000
8748.000000
5989.000000
8723.000000
5962.000000
8695.000000
5932.000000
8666.000000
5900.000000
8636.000000
5867.000000
8607.000000
5834.000000
8579.000000
5801.000000
8552.000000
11551155
6021.000000
8756.000000
5994.000000
8729.000000
5964.000000
8700.000000
5932.000000
8670.000000
5898.000000
8640.000000
5863.000000
8610.000000
5828.000000
8581.000000
5793.000000
8555.000000
11551155
6021.000000
8756.000000
5994.000000
8729.000000
5964.000000
8700.000000
5932.000000
8670.000000
5898.000000
8640.000000
5863.000000
8610.000000
5828.000000
8581.000000
5793.000000
8555.000000
11551155
6021.000000
8756.000000
5994.000000
8729.000000
5964.000000
8700.000000
5932.000000
8670.000000
5898.000000
8640.000000
5863.000000
8610.000000
5828.000000
8581.000000
5793.000000
8555.000000
11551155
6017.000000
8770.000000
5992.000000
8743.000000
5963.000000
8715.000000
5931.000000
8684.000000
5897.000000
8653.000000
5861.000000
8621.000000
5824.000000
8590.000000
5787.000000
8560.000000
11551155
6017.000000
8770.000000
5992.000000
8743.000000
5963.000000
8715.000000
5931.000000
8684.000000
5897.000000
8653.000000
5861.000000
8621.000000
5824.000000
8590.000000
5787.000000
8560.000000
11551155
6017.000000
8770.000000
5992.000000
8743.000000
5963.000000
8715.000000
5931.000000
8684.000000
5897.000000
8653.000000
5861.000000
8621.000000
5824.000000
8590.000000
5787.000000
8560.000000
11551155
6003.000000
8776.000000
5981.000000
8752.000000
5956.000000
8726.000000
5927.000000
8698.000000
5896.000000
8669.000000
5863.000000
8639.000000
5830.000000
8610.000000
5796.000000
8582.000000
11551155
6003.000000
8776.000000
5981.000000
8752.000000
5956.000000
8726.000000
5927.000000
8698.000000
5896.000000
8669.000000
5863.000000
8639.000000
5830.000000
8610.000000
5796.000000
8582.000000
11551155
6003.000000
8776.000000
5981.000000
8752.000000
5956.000000
8726.000000
5927.000000
8698.000000
5896.000000
8669.000000
5863.000000
8639.000000
5830.000000
8610.000000
5796.000000
8582.000000
11551155
6070.000000
8835.000000
6043.000000
8806.000000
6012.000000
8775.000000
5977.000000
8743.000000
5941.000000
8709.000000
5903.000000
8676.000000
5866.000000
8645.000000
5829.000000
8615.000000
11551155
6070.000000
8835.000000
6043.000000
8806.000000
6012.000000
8775.000000
5977.000000
8743.000000
5941.000000
8709.000000
5903.000000
8676.000000
5866.000000
8645.000000
5829.000000
8615.000000
11551155
6070.000000
8835.000000
6043.000000
8806.000000
6012.000000
8775.000000
5977.000000
8743.000000
5941.000000
8709.000000
5903.000000
8676.000000
5866.000000
8645.000000
5829.000000
8615.000000
11551155
6062.000000
8822.000000
6034.000000
8793.000000
6003.000000
8762.000000
5969.000000
8730.000000
5933.000000
8697.000000
5896.000000
8666.000000
5860.000000
8635.000000
5824.000000
8607.000000
11551155
6062.000000
8822.000000
6034.000000
8793.000000
6003.000000
8762.000000
5969.000000
8730.000000
5933.000000
8697.000000
5896.000000
8666.000000
5860.000000
8635.000000
5824.000000
8607.000000
11551155
6062.000000
8822.000000
6034.000000
8793.000000
6003.000000
8762.000000
5969.000000
8730.000000
5933.000000
8697.000000
5896.000000
8666.000000
5860.000000
8635.000000
5824.000000
8607.000000
11551155
6062.000000
8822.000000
6034.000000
8793.000000
6003.000000
8762.000000
5969.000000
8730.000000
5933.000000
8697.000000
5896.000000
8666.000000
5860.000000
8635.000000
5824.000000
8607.000000
11551155
6104.000000
8848.000000
6075.000000
8819.000000
6043.000000
8788.000000
6009.000000
8756.000000
5973.000000
8724.000000
5936.000000
8694.000000
5900.000000
8665.000000
5865.000000
8638.000000
11551155
6104.000000
8848.000000
6075.000000
8819.000000
6043.000000
8788.000000
6009.000000
8756.000000
5973.000000
8724.000000
5936.000000
8694.000000
5900.000000
8665.000000
5865.000000
8638.000000
11551155
6104.000000
8848.000000
6075.000000
8819.000000
6043.000000
8788.000000
6009.000000
8756.000000
5973.000000
8724.000000
5936.000000
8694.000000
5900.000000
8665.000000
5865.000000
8638.000000
11551155
6177.000000
8916.000000
6149.000000
8887.000000
6117.000000
8855.000000
6082.000000
8822.000000
6045.000000
8788.000000
6007.000000
8754.000000
5968.000000
8721.000000
5930.000000
8690.000000
11551155
6177.000000
8916.000000
6149.000000
8887.000000
6117.000000
8855.000000
6082.000000
8822.000000
6045.000000
8788.000000
6007.000000
8754.000000
5968.000000
8721.000000
5930.000000
8690.000000
11551155
6177.000000
8916.000000
6149.000000
8887.000000
6117.000000
8855.000000
6082.000000
8822.000000
6045.000000
8788.000000
6007.000000
8754.000000
5968.000000
8721.000000
5930.000000
8690.000000
11551155
6199.000000
8924.000000
6170.000000
8895.000000
6137.000000
8863.000000
6101.000000
8829.000000
6062.000000
8794.000000
6022.000000
8760.000000
5982.000000
8727.000000
5943.000000
8696.000000
11551155
6199.000000
8924.000000
6170.000000
8895.000000
6137.000000
8863.000000
6101.000000
8829.000000
6062.000000
8794.000000
6022.000000
8760.000000
5982.000000
8727.000000
5943.000000
8696.000000
11551155
6199.000000
8924.000000
6170.000000
8895.000000
6137.000000
8863.000000
6101.000000
8829.000000
6062.000000
8794.000000
6022.000000
8760.000000
5982.000000
8727.000000
5943.000000
8696.000000
11551155
6128.000000
8861.000000
6102.000000
8833.000000
6072.000000
8804.000000
6039.000000
8772.000000
6003.000000
8740.000000
5966.000000
8709.000000
5929.000000
8678.000000
5892.000000
8649.000000
11551155
6128.000000
8861.000000
6102.000000
8833.000000
6072.000000
8804.000000
6039.000000
8772.000000
6003.000000
8740.000000
5966.000000
8709.000000
5929.000000
8678.000000
5892.000000
8649.000000
11551155
6128.000000
8861.000000
6102.000000
8833.000000
6072.000000
8804.000000
6039.000000
8772.000000
6003.000000
8740.000000
5966.000000
8709.000000
5929.000000
8678.000000
5892.000000
8649.000000
11551155
6070.000000
8803.000000
6043.000000
8775.000000
6012.000000
8745.000000
5977.000000
8713.000000
5941.000000
8681.000000
5903.000000
8648.000000
5865.000000
8617.000000
5828.000000
8588.000000
11551155
6070.000000
8803.000000
6043.000000
8775.000000
6012.000000
8745.000000
5977.000000
8713.000000
5941.000000
8681.000000
5903.000000
8648.000000
5865.000000
8617.000000
5828.000000
8588.000000
11551155
6070.000000
8803.000000
6043.000000
8775.000000
6012.000000
8745.000000
5977.000000
8713.000000
5941.000000
8681.000000
5903.000000
8648.000000
5865.000000
8617.000000
5828.000000
8588.000000
11551155
5949.000000
8692.000000
5919.000000
8662.000000
5886.000000
8630.000000
5851.000000
8598.000000
5815.000000
8567.000000
5778.000000
8536.000000
5742.000000
8508.000000
5708.000000
8481.000000
11551155
5949.000000
8692.000000
5919.000000
8662.000000
5886.000000
8630.000000
5851.000000
8598.000000
5815.000000
8567.000000
5778.000000
8536.000000
5742.000000
8508.000000
5708.000000
8481.000000
11551155
5949.000000
8692.000000
5919.000000
8662.000000
5886.000000
8630.000000
5851.000000
8598.000000
5815.000000
8567.000000
5778.000000
8536.000000
5742.000000
8508.000000
5708.000000
8481.000000
11551155
5904.000000
8661.000000
5880.000000
8635.000000
5852.000000
8607.000000
5821.000000
8577.000000
5788.000000
8547.000000
5754.000000
8517.000000
5719.000000
8489.000000
5685.000000
8462.000000
11551155
5904.000000
8661.000000
5880.000000
8635.000000
5852.000000
8607.000000
5821.000000
8577.000000
5788.000000
8547.000000
5754.000000
8517.000000
5719.000000
8489.000000
5685.000000
8462.000000
11551155
5904.000000
8661.000000
5880.000000
8635.000000
5852.000000
8607.000000
5821.000000
8577.000000
5788.000000
8547.000000
5754.000000
8517.000000
5719.000000
8489.000000
5685.000000
8462.000000
11551155
5879.000000
8640.000000
5852.000000
8613.000000
5822.000000
8583.000000
5789.000000
8551.000000
5754.000000
8520.000000
5718.000000
8489.000000
5682.000000
8459.000000
5646.000000
8431.000000
11551155
5879.000000
8640.000000
5852.000000
8613.000000
5822.000000
8583.000000
5789.000000
8551.000000
5754.000000
8520.000000
5718.000000
8489.000000
5682.000000
8459.000000
5646.000000
8431.000000
11551155
5879.000000
8640.000000
5852.000000
8613.000000
5822.000000
8583.000000
5789.000000
8551.000000
5754.000000
8520.000000
5718.000000
8489.000000
5682.000000
8459.000000
5646.000000
8431.000000
11551155
5834.000000
8596.000000
5806.000000
8569.000000
5775.000000
8539.000000
5742.000000
8509.000000
5707.000000
8480.000000
5672.000000
8450.000000
5637.000000
8423.000000
5604.000000
8398.000000
11551155
5834.000000
8596.000000
5806.000000
8569.000000
5775.000000
8539.000000
5742.000000
8509.000000
5707.000000
8480.000000
5672.000000
8450.000000
5637.000000
8423.000000
5604.000000
8398.000000
11551155
5834.000000
8596.000000
5806.000000
8569.000000
5775.000000
8539.000000
5742.000000
8509.000000
5707.000000
8480.000000
5672.000000
8450.000000
5637.000000
8423.000000
5604.000000
8398.000000
11551155
5852.000000
8613.000000
5827.000000
8588.000000
5799.000000
8560.000000
5768.000000
8532.000000
5735.000000
8503.000000
5702.000000
8475.000000
5669.000000
8448.000000
5637.000000
8423.000000
11551155
5852.000000
8613.000000
5827.000000
8588.000000
5799.000000
8560.000000
5768.000000
8532.000000
5735.000000
8503.000000
5702.000000
8475.000000
5669.000000
8448.000000
5637.000000
8423.000000
11551155
5852.000000
8613.000000
5827.000000
8588.000000
5799.000000
8560.000000
5768.000000
8532.000000
5735.000000
8503.000000
5702.000000
8475.000000
5669.000000
8448.000000
5637.000000
8423.000000
11551155
5869.000000
8620.000000
5842.000000
8592.000000
5811.000000
8563.000000
5778.000000
8533.000000
5744.000000
8503.000000
5710.000000
8475.000000
5676.000000
8448.000000
5644.000000
8424.000000
11551155
5869.000000
8620.000000
5842.000000
8592.000000
5811.000000
8563.000000
5778.000000
8533.000000
5744.000000
8503.000000
5710.000000
8475.000000
5676.000000
8448.000000
5644.000000
8424.000000
11551155
5869.000000
8620.000000
5842.000000
8592.000000
5811.000000
8563.000000
5778.000000
8533.000000
5744.000000
8503.000000
5710.000000
8475.000000
5676.000000
8448.000000
5644.000000
8424.000000
11551155
5871.000000
8630.000000
5850.000000
8605.000000
5823.000000
8577.000000
5793.000000
8548.000000
5760.000000
8519.000000
5726.000000
8490.000000
5692.000000
8462.000000
5659.000000
8436.000000
11551155
5871.000000
8630.000000
5850.000000
8605.000000
5823.000000
8577.000000
5793.000000
8548.000000
5760.000000
8519.000000
5726.000000
8490.000000
5692.000000
8462.000000
5659.000000
8436.000000
11551155
5871.000000
8630.000000
5850.000000
8605.000000
5823.000000
8577.000000
5793.000000
8548.000000
5760.000000
8519.000000
5726.000000
8490.000000
5692.000000
8462.000000
5659.000000
8436.000000
11551155
5893.000000
8650.000000
5874.000000
8625.000000
5849.000000
8599.000000
5820.000000
8570.000000
5789.000000
8542.000000
5756.000000
8513.000000
5723.000000
8485.000000
5690.000000
8460.000000
11551155
5893.000000
8650.000000
5874.000000
8625.000000
5849.000000
8599.000000
5820.000000
8570.000000
5789.000000
8542.000000
5756.000000
8513.000000
5723.000000
8485.000000
5690.000000
8460.000000
11551155
5893.000000
8650.000000
5874.000000
8625.000000
5849.000000
8599.000000
5820.000000
8570.000000
5789.000000
8542.000000
5756.000000
8513.000000
5723.000000
8485.000000
5690.000000
8460.000000
11551155
5887.000000
8649.000000
5860.000000
8624.000000
5844.000000
8597.000000
5820.000000
8568.000000
5790.000000
8539.000000
5758.000000
8510.000000
5725.000000
8481.000000
5691.000000
8454.000000
11551155
5887.000000
8649.000000
5860.000000
8624.000000
5844.000000
8597.000000
5820.000000
8568.000000
5790.000000
8539.000000
5758.000000
8510.000000
5725.000000
8481.000000
5691.000000
8454.000000
11551155
5887.000000
8649.000000
5860.000000
8624.000000
5844.000000
8597.000000
5820.000000
8568.000000
5790.000000
8539.000000
5758.000000
8510.000000
5725.000000
8481.000000
5691.000000
8454.000000
11551155
5886.000000
8662.000000
5858.000000
8637.000000
5842.000000
8609.000000
5817.000000
8580.000000
5787.000000
8550.000000
5754.000000
8519.000000
5720.000000
8490.000000
5686.000000
8462.000000
11551155
5886.000000
8662.000000
5858.000000
8637.000000
5842.000000
8609.000000
5817.000000
8580.000000
5787.000000
8550.000000
5754.000000
8519.000000
5720.000000
8490.000000
5686.000000
8462.000000
11551155
5886.000000
8662.000000
5858.000000
8637.000000
5842.000000
8609.000000
5817.000000
8580.000000
5787.000000
8550.000000
5754.000000
8519.000000
5720.000000
8490.000000
5686.000000
8462.000000
11551155
5886.000000
8662.000000
5858.000000
8637.000000
5842.000000
8609.00000

