11551155
7655.000000
10599.000000
7635.000000
10579.000000
7612.000000
10556.000000
7585.000000
10531.000000
7555.000000
10505.000000
7523.000000
10478.000000
7490.000000
10451.000000
7456.000000
10426.000000
11551155
7655.000000
10599.000000
7635.000000
10579.000000
7612.000000
10556.000000
7585.000000
10531.000000
7555.000000
10505.000000
7523.000000
10478.000000
7490.000000
10451.000000
7456.000000
10426.000000
11551155
7655.000000
10599.000000
7635.000000
10579.000000
7612.000000
10556.000000
7585.000000
10531.000000
7555.000000
10505.000000
7523.000000
10478.000000
7490.000000
10451.000000
7456.000000
10426.000000
11551155
7535.000000
10499.000000
7512.000000
10478.000000
7486.000000
10454.000000
7457.000000
10429.000000
7426.000000
10403.000000
7393.000000
10377.000000
7360.000000
10352.000000
7328.000000
10328.000000
11551155
7535.000000
10499.000000
7512.000000
10478.000000
7486.000000
10454.000000
7457.000000
10429.000000
7426.000000
10403.000000
7393.000000
10377.000000
7360.000000
10352.000000
7328.000000
10328.000000
11551155
7535.000000
10499.000000
7512.000000
10478.000000
7486.000000
10454.000000
7457.000000
10429.000000
7426.000000
10403.000000
7393.000000
10377.000000
7360.000000
10352.000000
7328.000000
10328.000000
11551155
7485.000000
10483.000000
7462.000000
10460.000000
7436.000000
10436.000000
7407.000000
10410.000000
7376.000000
10384.000000
7343.000000
10358.000000
7309.000000
10332.000000
7276.000000
10308.000000
11551155
7357.000000
10391.000000
7332.000000
10367.000000
7303.000000
10340.000000
7271.000000
10313.000000
7238.000000
10285.000000
7204.000000
10258.000000
7169.000000
10233.000000
7135.000000
10208.000000
11551155
7357.000000
10391.000000
7332.000000
10367.000000
7303.000000
10340.000000
7271.000000
10313.000000
7238.000000
10285.000000
7204.000000
10258.000000
7169.000000
10233.000000
7135.000000
10208.000000
11551155
7357.000000
10391.000000
7332.000000
10367.000000
7303.000000
10340.000000
7271.000000
10313.000000
7238.000000
10285.000000
7204.000000
10258.000000
7169.000000
10233.000000
7135.000000
10208.000000
11551155
7311.000000
10357.000000
7288.000000
10333.000000
7262.000000
10308.000000
7232.000000
10281.000000
7199.000000
10253.000000
7165.000000
10225.000000
7130.000000
10198.000000
7095.000000
10172.000000
11551155
7311.000000
10357.000000
7288.000000
10333.000000
7262.000000
10308.000000
7232.000000
10281.000000
7199.000000
10253.000000
7165.000000
10225.000000
7130.000000
10198.000000
7095.000000
10172.000000
11551155
7311.000000
10357.000000
7288.000000
10333.000000
7262.000000
10308.000000
7232.000000
10281.000000
7199.000000
10253.000000
7165.000000
10225.000000
7130.000000
10198.000000
7095.000000
10172.000000
11551155
7269.000000
10330.000000
7248.000000
10308.000000
7223.000000
10283.000000
7194.000000
10257.000000
7163.000000
10229.000000
7130.000000
10201.000000
7096.000000
10174.000000
7062.000000
10147.000000
11551155
7269.000000
10330.000000
7248.000000
10308.000000
7223.000000
10283.000000
7194.000000
10257.000000
7163.000000
10229.000000
7130.000000
10201.000000
7096.000000
10174.000000
7062.000000
10147.000000
11551155
7269.000000
10330.000000
7248.000000
10308.000000
7223.000000
10283.000000
7194.000000
10257.000000
7163.000000
10229.000000
7130.000000
10201.000000
7096.000000
10174.000000
7062.000000
10147.000000
11551155
7258.000000
10311.000000
7235.000000
10287.000000
7208.000000
10260.000000
7177.000000
10232.000000
7144.000000
10202.000000
7109.000000
10173.000000
7073.000000
10145.000000
7037.000000
10118.000000
11551155
7258.000000
10311.000000
7235.000000
10287.000000
7208.000000
10260.000000
7177.000000
10232.000000
7144.000000
10202.000000
7109.000000
10173.000000
7073.000000
10145.000000
7037.000000
10118.000000
11551155
7258.000000
10311.000000
7235.000000
10287.000000
7208.000000
10260.000000
7177.000000
10232.000000
7144.000000
10202.000000
7109.000000
10173.000000
7073.000000
10145.000000
7037.000000
10118.000000
11551155
7282.000000
10337.000000
7260.000000
10314.000000
7233.000000
10288.000000
7203.000000
10260.000000
7169.000000
10230.000000
7133.000000
10200.000000
7096.000000
10171.000000
7059.000000
10142.000000
11551155
7282.000000
10337.000000
7260.000000
10314.000000
7233.000000
10288.000000
7203.000000
10260.000000
7169.000000
10230.000000
7133.000000
10200.000000
7096.000000
10171.000000
7059.000000
10142.000000
11551155
7282.000000
10337.000000
7260.000000
10314.000000
7233.000000
10288.000000
7203.000000
10260.000000
7169.000000
10230.000000
7133.000000
10200.000000
7096.000000
10171.000000
7059.000000
10142.000000
11551155
7300.000000
10345.000000
7280.000000
10322.000000
7255.000000
10296.000000
7226.000000
10268.000000
7194.000000
10239.000000
7160.000000
10210.000000
7125.000000
10181.000000
7089.000000
10154.000000
11551155
7300.000000
10345.000000
7280.000000
10322.000000
7255.000000
10296.000000
7226.000000
10268.000000
7194.000000
10239.000000
7160.000000
10210.000000
7125.000000
10181.000000
7089.000000
10154.000000
11551155
7300.000000
10345.000000
7280.000000
10322.000000
7255.000000
10296.000000
7226.000000
10268.000000
7194.000000
10239.000000
7160.000000
10210.000000
7125.000000
10181.000000
7089.000000
10154.000000
11551155
7408.000000
10409.000000
7386.000000
10385.000000
7360.000000
10359.000000
7329.000000
10329.000000
7295.000000
10298.000000
7258.000000
10267.000000
7220.000000
10235.000000
7181.000000
10204.000000
11551155
7408.000000
10409.000000
7386.000000
10385.000000
7360.000000
10359.000000
7329.000000
10329.000000
7295.000000
10298.000000
7258.000000
10267.000000
7220.000000
10235.000000
7181.000000
10204.000000
11551155
7408.000000
10409.000000
7386.000000
10385.000000
7360.000000
10359.000000
7329.000000
10329.000000
7295.000000
10298.000000
7258.000000
10267.000000
7220.000000
10235.000000
7181.000000
10204.000000
11551155
7396.000000
10399.000000
7372.000000
10373.000000
7343.000000
10344.000000
7311.000000
10314.000000
7276.000000
10281.000000
7238.000000
10249.000000
7200.000000
10218.000000
7162.000000
10188.000000
11551155
7396.000000
10399.000000
7372.000000
10373.000000
7343.000000
10344.000000
7311.000000
10314.000000
7276.000000
10281.000000
7238.000000
10249.000000
7200.000000
10218.000000
7162.000000
10188.000000
11551155
7396.000000
10399.000000
7372.000000
10373.000000
7343.000000
10344.000000
7311.000000
10314.000000
7276.000000
10281.000000
7238.000000
10249.000000
7200.000000
10218.000000
7162.000000
10188.000000
11551155
7360.000000
10364.000000
7335.000000
10337.000000
7305.000000
10308.000000
7272.000000
10277.000000
7237.000000
10245.000000
7200.000000
10214.000000
7162.000000
10184.000000
7125.000000
10156.000000
11551155
7360.000000
10364.000000
7335.000000
10337.000000
7305.000000
10308.000000
7272.000000
10277.000000
7237.000000
10245.000000
7200.000000
10214.000000
7162.000000
10184.000000
7125.000000
10156.000000
11551155
7360.000000
10364.000000
7335.000000
10337.000000
7305.000000
10308.000000
7272.000000
10277.000000
7237.000000
10245.000000
7200.000000
10214.000000
7162.000000
10184.000000
7125.000000
10156.000000
11551155
7354.000000
10362.000000
7329.000000
10337.000000
7300.000000
10308.000000
7267.000000
10279.000000
7231.000000
10248.000000
7194.000000
10217.000000
7156.000000
10187.000000
7118.000000
10158.000000
11551155
7354.000000
10362.000000
7329.000000
10337.000000
7300.000000
10308.000000
7267.000000
10279.000000
7231.000000
10248.000000
7194.000000
10217.000000
7156.000000
10187.000000
7118.000000
10158.000000
11551155
7354.000000
10362.000000
7329.000000
10337.000000
7300.000000
10308.000000
7267.000000
10279.000000
7231.000000
10248.000000
7194.000000
10217.000000
7156.000000
10187.000000
7118.000000
10158.000000
11551155
7361.000000
10368.000000
7341.000000
10346.000000
7317.000000
10321.000000
7289.000000
10294.000000
7257.000000
10265.000000
7223.000000
10236.000000
7187.000000
10206.000000
7150.000000
10177.000000
11551155
7361.000000
10368.000000
7341.000000
10346.000000
7317.000000
10321.000000
7289.000000
10294.000000
7257.000000
10265.000000
7223.000000
10236.000000
7187.000000
10206.000000
7150.000000
10177.000000
11551155
7361.000000
10368.000000
7341.000000
10346.000000
7317.000000
10321.000000
7289.000000
10294.000000
7257.000000
10265.000000
7223.000000
10236.000000
7187.000000
10206.000000
7150.000000
10177.000000
11551155
7327.000000
10333.000000
7302.000000
10307.000000
7272.000000
10279.000000
7239.000000
10249.000000
7203.000000
10218.000000
7166.000000
10188.000000
7128.000000
10158.000000
7090.000000
10130.000000
11551155
7327.000000
10333.000000
7302.000000
10307.000000
7272.000000
10279.000000
7239.000000
10249.000000
7203.000000
10218.000000
7166.000000
10188.000000
7128.000000
10158.000000
7090.000000
10130.000000
11551155
7327.000000
10333.000000
7302.000000
10307.000000
7272.000000
10279.000000
7239.000000
10249.000000
7203.000000
10218.000000
7166.000000
10188.000000
7128.000000
10158.000000
7090.000000
10130.000000
11551155
7330.000000
10336.000000
7307.000000
10311.000000
7279.000000
10283.000000
7247.000000
10252.000000
7212.000000
10221.000000
7175.000000
10189.000000
7136.000000
10158.000000
7098.000000
10128.000000
11551155
7330.000000
10336.000000
7307.000000
10311.000000
7279.000000
10283.000000
7247.000000
10252.000000
7212.000000
10221.000000
7175.000000
10189.000000
7136.000000
10158.000000
7098.000000
10128.000000
11551155
7330.000000
10336.000000
7307.000000
10311.000000
7279.000000
10283.000000
7247.000000
10252.000000
7212.000000
10221.000000
7175.000000
10189.000000
7136.000000
10158.000000
7098.000000
10128.000000
11551155
7290.000000
10302.000000
7264.000000
10276.000000
7235.000000
10248.000000
7202.000000
10218.000000
7167.000000
10188.000000
7130.000000
10158.000000
7093.000000
10129.000000
7057.000000
10102.000000
11551155
7290.000000
10302.000000
7264.000000
10276.000000
7235.000000
10248.000000
7202.000000
10218.000000
7167.000000
10188.000000
7130.000000
10158.000000
7093.000000
10129.000000
7057.000000
10102.000000
11551155
7290.000000
10302.000000
7264.000000
10276.000000
7235.000000
10248.000000
7202.000000
10218.000000
7167.000000
10188.000000
7130.000000
10158.000000
7093.000000
10129.000000
7057.000000
10102.000000
11551155
7329.000000
10338.000000
7305.000000
10313.000000
7277.000000
10284.000000
7244.000000
10254.000000
7209.000000
10223.000000
7171.000000
10191.000000
7133.000000
10159.000000
7094.000000
10129.000000
11551155
7329.000000
10338.000000
7305.000000
10313.000000
7277.000000
10284.000000
7244.000000
10254.000000
7209.000000
10223.000000
7171.000000
10191.000000
7133.000000
10159.000000
7094.000000
10129.000000
11551155
7329.000000
10338.000000
7305.000000
10313.000000
7277.000000
10284.000000
7244.000000
10254.000000
7209.000000
10223.000000
7171.000000
10191.000000
7133.000000
10159.000000
7094.000000
10129.000000
11551155
7355.000000
10350.000000
7331.000000
10324.000000
7303.000000
10295.000000
7270.000000
10264.000000
7234.000000
10232.000000
7196.000000
10199.000000
7156.000000
10167.000000
7116.000000
10136.000000
11551155
7355.000000
10350.000000
7331.000000
10324.000000
7303.000000
10295.000000
7270.000000
10264.000000
7234.000000
10232.000000
7196.000000
10199.000000
7156.000000
10167.000000
7116.000000
10136.000000
11551155
7355.000000
10350.000000
7331.000000
10324.000000
7303.000000
10295.000000
7270.000000
10264.000000
7234.000000
10232.000000
7196.000000
10199.000000
7156.000000
10167.000000
7116.000000
10136.000000
11551155
7312.000000
10315.000000
7287.000000
10288.000000
7257.000000
10259.000000
7223.000000
10228.000000
7187.000000
10195.000000
7149.000000
10164.000000
7110.000000
10132.000000
7071.000000
10103.000000
11551155
7312.000000
10315.000000
7287.000000
10288.000000
7257.000000
10259.000000
7223.000000
10228.000000
7187.000000
10195.000000
7149.000000
10164.000000
7110.000000
10132.000000
7071.000000
10103.000000
11551155
7312.000000
10315.000000
7287.000000
10288.000000
7257.000000
10259.000000
7223.000000
10228.000000
7187.000000
10195.000000
7149.000000
10164.000000
7110.000000
10132.000000
7071.000000
10103.000000
11551155
7289.000000
10296.000000
7264.000000
10270.000000
7234.000000
10241.000000
7201.000000
10209.000000
7164.000000
10177.000000
7126.000000
10144.000000
7087.000000
10112.000000
7048.000000
10081.000000
11551155
7289.000000
10296.000000
7264.000000
10270.000000
7234.000000
10241.000000
7201.000000
10209.000000
7164.000000
10177.000000
7126.000000
10144.000000
7087.000000
10112.000000
7048.000000
10081.000000
11551155
7289.000000
10296.000000
7264.000000
10270.000000
7234.000000
10241.000000
7201.000000
10209.000000
7164.000000
10177.000000
7126.000000
10144.000000
7087.000000
10112.000000
7048.000000
10081.000000
11551155
7265.000000
10270.000000
7243.000000
10246.000000
7216.000000
10219.000000
7186.000000
10190.000000
7152.000000
10159.000000
7115.000000
10127.000000
7077.000000
10095.000000
7039.000000
10065.000000
11551155
7265.000000
10270.000000
7243.000000
10246.000000
7216.000000
10219.000000
7186.000000
10190.000000
7152.000000
10159.000000
7115.000000
10127.000000
7077.000000
10095.000000
7039.000000
10065.000000
11551155
7265.000000
10270.000000
7243.000000
10246.000000
7216.000000
10219.000000
7186.000000
10190.000000
7152.000000
10159.000000
7115.000000
10127.000000
7077.000000
10095.000000
7039.000000
10065.000000
11551155
7221.000000
10227.000000
7196.000000
10202.000000
7167.000000
10173.000000
7134.000000
10143.000000
7098.000000
10111.000000
7060.000000
10079.000000
7021.000000
10048.000000
6982.000000
10017.000000
11551155
7221.000000
10227.000000
7196.000000
10202.000000
7167.000000
10173.000000
7134.000000
10143.000000
7098.000000
10111.000000
7060.000000
10079.000000
7021.000000
10048.000000
6982.000000
10017.000000
11551155
7221.000000
10227.000000
7196.000000
10202.000000
7167.000000
10173.000000
7134.000000
10143.000000
7098.000000
10111.000000
7060.000000
10079.000000
7021.000000
10048.000000
6982.000000
10017.000000
11551155
7178.000000
10183.000000
7152.000000
10156.000000
7122.000000
10127.000000
7088.000000
10095.000000
7051.000000
10062.000000
7013.000000
10029.000000
6974.000000
9997.000000
6935.000000
9967.000000
11551155
7178.000000
10183.000000
7152.000000
10156.000000
7122.000000
10127.000000
7088.000000
10095.000000
7051.000000
10062.000000
7013.000000
10029.000000
6974.000000
9997.000000
6935.000000
9967.000000
11551155
7178.000000
10183.000000
7152.000000
10156.000000
7122.000000
10127.000000
7088.000000
10095.000000
7051.000000
10062.000000
7013.000000
10029.000000
6974.000000
9997.000000
6935.000000
9967.000000
11551155
7134.000000
10142.000000
7107.000000
10115.000000
7076.000000
10086.000000
7042.000000
10055.000000
7006.000000
10023.000000
6968.000000
9991.000000
6930.000000
9961.000000
6893.000000
9932.000000
11551155
7134.000000
10142.000000
7107.000000
10115.000000
7076.000000
10086.000000
7042.000000
10055.000000
7006.000000
10023.000000
6968.000000
9991.000000
6930.000000
9961.000000
6893.000000
9932.000000
11551155
7134.000000
10142.000000
7107.000000
10115.000000
7076.000000
10086.000000
7042.000000
10055.000000
7006.000000
10023.000000
6968.000000
9991.000000
6930.000000
9961.000000
6893.000000
9932.000000
11551155
7149.000000
10150.000000
7122.000000
10122.000000
7091.000000
10091.000000
7056.000000
10058.000000
7018.000000
10025.000000
6979.000000
9991.000000
6938.000000
9958.000000
6898.000000
9927.000000
11551155
7149.000000
10150.000000
7122.000000
10122.000000
7091.000000
10091.000000
7056.000000
10058.000000
7018.000000
10025.000000
6979.000000
9991.000000
6938.000000
9958.000000
6898.000000
9927.000000
11551155
7149.000000
10150.000000
7122.000000
10122.000000
7091.000000
10091.000000
7056.000000
10058.000000
7018.000000
10025.000000
6979.000000
9991.000000
6938.000000
9958.000000
6898.000000
9927.000000
11551155
7150.000000
10140.000000
7121.000000
10111.000000
7088.000000
10079.000000
7051.000000
10046.000000
7011.000000
10011.000000
6970.000000
9977.000000
6928.000000
9944.000000
6887.000000
9913.000000
11551155
7150.000000
10140.000000
7121.000000
10111.000000
7088.000000
10079.000000
7051.000000
10046.000000
7011.000000
10011.000000
6970.000000
9977.000000
6928.000000
9944.000000
6887.000000
9913.000000
11551155
7150.000000
10140.000000
7121.000000
10111.000000
7088.000000
10079.000000
7051.000000
10046.000000
7011.000000
10011.000000
6970.000000
9977.000000
6928.000000
9944.000000
6887.000000
9913.000000
11551155
7162.000000
10164.000000
7137.000000
10136.000000
7108.000000
10106.000000
7075.000000
10073.000000
7038.000000
10039.000000
6999.000000
10005.000000
6959.000000
9971.000000
6918.000000
9940.000000
11551155
7162.000000
10164.000000
7137.000000
10136.000000
7108.000000
10106.000000
7075.000000
10073.000000
7038.000000
10039.000000
6999.000000
10005.000000
6959.000000
9971.000000
6918.000000
9940.000000
11551155
7162.000000
10164.000000
7137.000000
10136.000000
7108.000000
10106.000000
7075.000000
10073.000000
7038.000000
10039.000000
6999.000000
10005.000000
6959.000000
9971.000000
6918.000000
9940.000000
11551155
7229.000000
10218.000000
7204.000000
10191.000000
7174.000000
10160.000000
7139.000000
10126.000000
7101.000000
10090.000000
7060.000000
10054.000000
7017.000000
10018.000000
6974.000000
9984.000000
11551155
7229.000000
10218.000000
7204.000000
10191.000000
7174.000000
10160.000000
7139.000000
10126.000000
7101.000000
10090.000000
7060.000000
10054.000000
7017.000000
10018.000000
6974.000000
9984.000000
11551155
7229.000000
10218.000000
7204.000000
10191.000000
7174.000000
10160.000000
7139.000000
10126.000000
7101.000000
10090.000000
7060.000000
10054.000000
7017.000000
10018.000000
6974.000000
9984.000000
11551155
7264.000000
10240.000000
7236.000000
10210.000000
7203.000000
10177.000000
7166.000000
10142.000000
7126.000000
10105.000000
7083.000000
10068.000000
7038.000000
10031.000000
6994.000000
9997.000000
11551155
7264.000000
10240.000000
7236.000000
10210.000000
7203.000000
10177.000000
7166.000000
10142.000000
7126.000000
10105.000000
7083.000000
10068.000000
7038.000000
10031.000000
6994.000000
9997.000000
11551155
7264.000000
10240.000000
7236.000000
10210.000000
7203.000000
10177.000000
7166.000000
10142.000000
7126.000000
10105.000000
7083.000000
10068.000000
7038.000000
10031.000000
6994.000000
9997.000000
11551155
7242.000000
10228.000000
7214.000000
10199.000000
7181.000000
10166.000000
7144.000000
10131.000000
7104.000000
10096.000000
7062.000000
10060.000000
7020.000000
10026.000000
6978.000000
9994.000000
11551155
7242.000000
10228.000000
7214.000000
10199.000000
7181.000000
10166.000000
7144.000000
10131.000000
7104.000000
10096.000000
7062.000000
10060.000000
7020.000000
10026.000000
6978.000000
9994.000000
11551155
7242.000000
10228.000000
7214.000000
10199.000000
7181.000000
10166.000000
7144.000000
10131.000000
7104.000000
10096.000000
7062.000000
10060.000000
7020.000000
10026.000000
6978.000000
9994.000000
11551155
7278.000000
10258.000000
7251.000000
10229.000000
7219.000000
10197.000000
7183.000000
10162.000000
7143.000000
10125.000000
7100.000000
10089.000000
7056.000000
10053.000000
7012.000000
10018.000000
11551155
7278.000000
10258.000000
7251.000000
10229.000000
7219.000000
10197.000000
7183.000000
10162.000000
7143.000000
10125.000000
7100.000000
10089.000000
7056.000000
10053.000000
7012.000000
10018.000000
11551155
7278.000000
10258.000000
7251.000000
10229.000000
7219.000000
10197.000000
7183.000000
10162.000000
7143.000000
10125.000000
7100.000000
10089.000000
7056.000000
10053.000000
7012.000000
10018.000000
11551155
7281.000000
10264.000000
7257.000000
10237.000000
7228.000000
10207.000000
7193.000000
10173.000000
7155.000000
10138.000000
7113.000000
10101.000000
7070.000000
10064.000000
7026.000000
10028.000000
11551155
7281.000000
10264.000000
7257.000000
10237.000000
7228.000000
10207.000000
7193.000000
10173.000000
7155.000000
10138.000000
7113.000000
10101.000000
7070.000000
10064.000000
7026.000000
10028.000000
11551155
7281.000000
10264.000000
7257.000000
10237.000000
7228.000000
10207.000000
7193.000000
10173.000000
7155.000000
10138.000000
7113.000000
10101.000000
7070.000000
10064.000000
7026.000000
10028.000000
11551155
7199.000000
10197.000000
7170.000000
10166.000000
7136.000000
10133.000000
7098.000000
10098.000000
7058.000000
10063.000000
7017.000000
10028.000000
6975.000000
9994.000000
6935.000000
9962.000000
11551155
7199.000000
10197.000000
7170.000000
10166.000000
7136.000000
10133.000000
7098.000000
10098.000000
7058.000000
10063.000000
7017.000000
10028.000000
6975.000000
9994.000000
6935.000000
9962.000000
11551155
7199.000000
10197.000000
7170.000000
10166.000000
7136.000000
10133.000000
7098.000000
10098.000000
7058.000000
10063.000000
7017.000000
10028.000000
6975.000000
9994.000000
6935.000000
9962.000000
11551155
7242.000000
10230.000000
7215.000000
10202.000000
7183.000000
10170.000000
7146.000000
10135.000000
7106.000000
10099.000000
7063.000000
10063.000000
7019.000000
10027.000000
6975.000000
9993.000000
11551155
7242.000000
10230.000000
7215.000000
10202.000000
7183.000000
10170.000000
7146.000000
10135.000000
7106.000000
10099.000000
7063.000000
10063.000000
7019.000000
10027.000000
6975.000000
9993.000000
11551155
7242.000000
10230.000000
7215.000000
10202.000000
7183.000000
10170.000000
7146.000000
10135.000000
7106.000000
10099.000000
7063.000000
10063.000000
7019.000000
10027.000000
6975.000000
9993.000000
11551155
7276.000000
10264.000000
7251.000000
10237.000000
7221.000000
10206.000000
7186.000000
10172.000000
7147.000000
10137.000000
7105.000000
10100.000000
7061.000000
10064.000000
7017.000000
10028.000000
11551155
7276.000000
10264.000000
7251.000000
10237.000000
7221.000000
10206.000000
7186.000000
10172.000000
7147.000000
10137.000000
7105.000000
10100.000000
7061.000000
10064.000000
7017.000000
10028.000000
11551155
7276.000000
10264.000000
7251.000000
10237.000000
7221.000000
10206.000000
7186.000000
10172.000000
7147.000000
10137.000000
7105.000000
10100.000000
7061.000000
10064.000000
7017.000000
10028.000000
11551155
7251.000000
10240.000000
7223.000000
10211.000000
7190.000000
10178.000000
7153.000000
10143.000000
7113.000000
10106.000000
7070.000000
10070.000000
7027.000000
10034.000000
6984.000000
10000.000000
11551155
7251.000000
10240.000000
7223.000000
10211.000000
7190.000000
10178.000000
7153.000000
10143.000000
7113.000000
10106.000000
7070.000000
10070.000000
7027.000000
10034.000000
6984.000000
10000.000000
11551155
7251.000000
10240.000000
7223.000000
10211.000000
7190.000000
10178.000000
7153.000000
10143.000000
7113.000000
10106.000000
7070.000000
10070.000000
7027.000000
10034.000000
6984.000000
10000.000000
11551155
7252.000000
10237.000000
7223.000000
10207.000000
7189.000000
10173.000000
7151.000000
10138.000000
7109.000000
10101.000000
7066.000000
10065.000000
7022.000000
10029.000000
6978.000000
9996.000000
11551155
7252.000000
10237.000000
7223.000000
10207.000000
7189.000000
10173.000000
7151.000000
10138.000000
7109.000000
10101.000000
7066.000000
10065.000000
7022.000000
10029.000000
6978.000000
9996.000000
11551155
7252.000000
10237.000000
7223.000000
10207.000000
7189.000000
10173.000000
7151.000000
10138.000000
7109.000000
10101.000000
7066.000000
10065.000000
7022.000000
10029.000000
6978.000000
9996.000000
11551155
7271.000000
10254.000000
7247.000000
10227.000000
7218.000000
10197.000000
7184.000000
10164.000000
7146.000000
10129.000000
7105.000000
10094.000000
7063.000000
10058.000000
7020.000000
10024.000000
11551155
7271.000000
10254.000000
7247.000000
10227.000000
7218.000000
10197.000000
7184.000000
10164.000000
7146.000000
10129.000000
7105.000000
10094.000000
7063.000000
10058.000000
7020.000000
10024.000000
11551155
7271.000000
10254.000000
7247.000000
10227.000000
7218.000000
10197.000000
7184.000000
10164.000000
7146.000000
10129.000000
7105.000000
10094.000000
7063.000000
10058.000000
7020.000000
10024.000000
11551155
7260.000000
10239.000000
7230.000000
10208.000000
7195.000000
10175.000000
7156.000000
10139.000000
7114.000000
10102.000000
7069.000000
10065.000000
7024.000000
10029.000000
6979.000000
9995.000000
11551155
7260.000000
10239.000000
7230.000000
10208.000000
7195.000000
10175.000000
7156.000000
10139.000000
7114.000000
10102.000000
7069.000000
10065.000000
7024.000000
10029.000000
6979.000000
9995.000000
11551155
7260.000000
10239.000000
7230.000000
10208.000000
7195.000000
10175.000000
7156.000000
10139.000000
7114.000000
10102.000000
7069.000000
10065.000000
7024.000000
10029.000000
6979.000000
9995.000000
11551155
7245.000000
10226.000000
7214.000000
10193.000000
7179.000000
10158.000000
7139.000000
10121.000000
7097.000000
10083.000000
7052.000000
10045.000000
7007.000000
10009.000000
6963.000000
9975.000000
11551155
7245.000000
10226.000000
7214.000000
10193.000000
7179.000000
10158.000000
7139.000000
10121.000000
7097.000000
10083.000000
7052.000000
10045.000000
7007.000000
10009.000000
6963.000000
9975.000000
11551155
7245.000000
10226.000000
7214.000000
10193.000000
7179.000000
10158.000000
7139.000000
10121.000000
7097.000000
10083.000000
7052.000000
10045.000000
7007.000000
10009.000000
6963.000000
9975.000000
11551155
7241.000000
10223.000000
7213.000000
10193.000000
7180.000000
10160.000000
7143.000000
10124.000000
7103.000000
10088.000000
7060.000000
10051.000000
7017.000000
10016.000000
6974.000000
9983.000000
11551155
7241.000000
10223.000000
7213.000000
10193.000000
7180.000000
10160.000000
7143.000000
10124.000000
7103.000000
10088.000000
7060.000000
10051.000000
7017.000000
10016.000000
6974.000000
9983.000000
11551155
7241.000000
10223.000000
7213.000000
10193.000000
7180.000000
10160.000000
7143.000000
10124.000000
7103.000000
10088.000000
7060.000000
10051.000000
7017.000000
10016.000000
6974.000000
9983.000000
11551155
7276.000000
10246.000000
7246.000000
10214.000000
7211.000000
10179.000000
7171.000000
10142.000000
7128.000000
10103.000000
7083.000000
10065.000000
7037.000000
10028.000000
6991.000000
9993.000000
11551155
7276.000000
10246.000000
7246.000000
10214.000000
7211.000000
10179.000000
7171.000000
10142.000000
7128.000000
10103.000000
7083.000000
10065.000000
7037.000000
10028.000000
6991.000000
9993.000000
11551155
7276.000000
10246.000000
7246.000000
10214.000000
7211.000000
10179.000000
7171.000000
10142.000000
7128.000000
10103.000000
7083.000000
10065.000000
7037.000000
10028.000000
6991.000000
9993.000000
11551155
7275.000000
10237.000000
7247.000000
10206.000000
7213.000000
10172.000000
7174.000000
10134.000000
7132.000000
10095.000000
7087.000000
10056.000000
7041.000000
10018.000000
6995.000000
9982.000000
11551155
7275.000000
10237.000000
7247.000000
10206.000000
7213.000000
10172.000000
7174.000000
10134.000000
7132.000000
10095.000000
7087.000000
10056.000000
7041.000000
10018.000000
6995.000000
9982.000000
11551155
7275.000000
10237.000000
7247.000000
10206.000000
7213.000000
10172.000000
7174.000000
10134.000000
7132.000000
10095.000000
7087.000000
10056.000000
7041.000000
10018.000000
6995.000000
9982.000000
11551155
7212.000000
10191.000000
7186.000000
10163.000000
7155.000000
10131.000000
7119.000000
10096.000000
7080.000000
10060.000000
7038.000000
10023.000000
6995.000000
9987.000000
6952.000000
9953.000000
11551155
7212.000000
10191.000000
7186.000000
10163.000000
7155.000000
10131.000000
7119.000000
10096.000000
7080.000000
10060.000000
7038.000000
10023.000000
6995.000000
9987.000000
6952.000000
9953.000000
11551155
7212.000000
10191.000000
7186.000000
10163.000000
7155.000000
10131.000000
7119.000000
10096.000000
7080.000000
10060.000000
7038.000000
10023.000000
6995.000000
9987.000000
6952.000000
9953.000000
11551155
7151.000000
10128.000000
7121.000000
10097.000000
7086.000000
10062.000000
7047.000000
10026.000000
7005.000000
9989.000000
6961.000000
9953.000000
6917.000000
9917.000000
6874.000000
9885.000000
11551155
7151.000000
10128.000000
7121.000000
10097.000000
7086.000000
10062.000000
7047.000000
10026.000000
7005.000000
9989.000000
6961.000000
9953.000000
6917.000000
9917.000000
6874.000000
9885.000000
11551155
7151.000000
10128.000000
7121.000000
10097.000000
7086.000000
10062.000000
7047.000000
10026.000000
7005.000000
9989.000000
6961.000000
9953.000000
6917.000000
9917.000000
6874.000000
9885.000000
11551155
7082.000000
10071.000000
7051.000000
10040.000000
7016.000000
10006.000000
6977.000000
9970.000000
6936.000000
9934.000000
6893.000000
9898.000000
6850.000000
9863.000000
6807.000000
9831.000000
11551155
7082.000000
10071.000000
7051.000000
10040.000000
7016.000000
10006.000000
6977.000000
9970.000000
6936.000000
9934.000000
6893.000000
9898.000000
6850.000000
9863.000000
6807.000000
9831.000000
11551155
7082.000000
10071.000000
7051.000000
10040.000000
7016.000000
10006.000000
6977.000000
9970.000000
6936.000000
9934.000000
6893.000000
9898.000000
6850.000000
9863.000000
6807.000000
9831.000000
11551155
6997.000000
10010.000000
6968.000000
9980.000000
6934.000000
9948.000000
6897.000000
9914.000000
6857.000000
9880.000000
6816.000000
9846.000000
6775.000000
9813.000000
6735.000000
9782.000000
11551155
6997.000000
10010.000000
6968.000000
9980.000000
6934.000000
9948.000000
6897.000000
9914.000000
6857.000000
9880.000000
6816.000000
9846.000000
6775.000000
9813.000000
6735.000000
9782.000000
11551155
6997.000000
10010.000000
6968.000000
9980.000000
6934.000000
9948.000000
6897.000000
9914.000000
6857.000000
9880.000000
6816.000000
9846.000000
6775.000000
9813.000000
6735.000000
9782.000000
11551155
6987.000000
10000.000000
6958.000000
9970.000000
6924.000000
9937.000000
6886.000000
9902.000000
6846.000000
9866.000000
6804.000000
9831.000000
6762.000000
9797.000000
6720.000000
9765.000000
11551155
6987.000000
10000.000000
6958.000000
9970.000000
6924.000000
9937.000000
6886.000000
9902.000000
6846.000000
9866.000000
6804.000000
9831.000000
6762.000000
9797.000000
6720.000000
9765.000000
11551155
6987.000000
10000.000000
6958.000000
9970.000000
6924.000000
9937.000000
6886.000000
9902.000000
6846.000000
9866.000000
6804.000000
9831.000000
6762.000000
9797.000000
6720.000000
9765.000000
11551155
6985.000000
10003.000000
6958.000000
9975.000000
6926.000000
9943.000000
6891.000000
9909.000000
6852.000000
9874.000000
6811.000000
9839.000000
6769.000000
9804.000000
6727.000000
9771.000000
11551155
6985.000000
10003.000000
6958.000000
9975.000000
6926.000000
9943.000000
6891.000000
9909.000000
6852.000000
9874.000000
6811.000000
9839.000000
6769.000000
9804.000000
6727.000000
9771.000000
11551155
6985.000000
10003.000000
6958.000000
9975.000000
6926.000000
9943.000000
6891.00

