11551155
10090.000000
12360.000000
10052.000000
12326.000000
10005.000000
12287.000000
9950.000000
12244.000000
9889.000000
12199.000000
9824.000000
12154.000000
9756.000000
12109.000000
9689.000000
12066.000000
11551155
10090.000000
12360.000000
10052.000000
12326.000000
10005.000000
12287.000000
9950.000000
12244.000000
9889.000000
12199.000000
9824.000000
12154.000000
9756.000000
12109.000000
9689.000000
12066.000000
11551155
10068.000000
12348.000000
10030.000000
12314.000000
9983.000000
12276.000000
9929.000000
12233.000000
9869.000000
12189.000000
9804.000000
12143.000000
9736.000000
12098.000000
9669.000000
12056.000000
11551155
10068.000000
12348.000000
10030.000000
12314.000000
9983.000000
12276.000000
9929.000000
12233.000000
9869.000000
12189.000000
9804.000000
12143.000000
9736.000000
12098.000000
9669.000000
12056.000000
11551155
10068.000000
12348.000000
10030.000000
12314.000000
9983.000000
12276.000000
9929.000000
12233.000000
9869.000000
12189.000000
9804.000000
12143.000000
9736.000000
12098.000000
9669.000000
12056.000000
11551155
10034.000000
12337.000000
9998.000000
12304.000000
9953.000000
12266.000000
9900.000000
12224.000000
9841.000000
12178.000000
9776.000000
12131.000000
9709.000000
12084.000000
9641.000000
12039.000000
11551155
10034.000000
12337.000000
9998.000000
12304.000000
9953.000000
12266.000000
9900.000000
12224.000000
9841.000000
12178.000000
9776.000000
12131.000000
9709.000000
12084.000000
9641.000000
12039.000000
11551155
10034.000000
12337.000000
9998.000000
12304.000000
9953.000000
12266.000000
9900.000000
12224.000000
9841.000000
12178.000000
9776.000000
12131.000000
9709.000000
12084.000000
9641.000000
12039.000000
11551155
10001.000000
12314.000000
9964.000000
12281.000000
9918.000000
12243.000000
9864.000000
12200.000000
9803.000000
12154.000000
9737.000000
12107.000000
9668.000000
12060.000000
9598.000000
12015.000000
11551155
10001.000000
12314.000000
9964.000000
12281.000000
9918.000000
12243.000000
9864.000000
12200.000000
9803.000000
12154.000000
9737.000000
12107.000000
9668.000000
12060.000000
9598.000000
12015.000000
11551155
10001.000000
12314.000000
9964.000000
12281.000000
9918.000000
12243.000000
9864.000000
12200.000000
9803.000000
12154.000000
9737.000000
12107.000000
9668.000000
12060.000000
9598.000000
12015.000000
11551155
9932.000000
12272.000000
9892.000000
12236.000000
9844.000000
12196.000000
9788.000000
12151.000000
9726.000000
12105.000000
9660.000000
12058.000000
9591.000000
12011.000000
9523.000000
11967.000000
11551155
9932.000000
12272.000000
9892.000000
12236.000000
9844.000000
12196.000000
9788.000000
12151.000000
9726.000000
12105.000000
9660.000000
12058.000000
9591.000000
12011.000000
9523.000000
11967.000000
11551155
9932.000000
12272.000000
9892.000000
12236.000000
9844.000000
12196.000000
9788.000000
12151.000000
9726.000000
12105.000000
9660.000000
12058.000000
9591.000000
12011.000000
9523.000000
11967.000000
11551155
9924.000000
12273.000000
9883.000000
12237.000000
9834.000000
12196.000000
9777.000000
12151.000000
9713.000000
12104.000000
9646.000000
12057.000000
9577.000000
12011.000000
9508.000000
11967.000000
11551155
9924.000000
12273.000000
9883.000000
12237.000000
9834.000000
12196.000000
9777.000000
12151.000000
9713.000000
12104.000000
9646.000000
12057.000000
9577.000000
12011.000000
9508.000000
11967.000000
11551155
9924.000000
12273.000000
9883.000000
12237.000000
9834.000000
12196.000000
9777.000000
12151.000000
9713.000000
12104.000000
9646.000000
12057.000000
9577.000000
12011.000000
9508.000000
11967.000000
11551155
9952.000000
12292.000000
9913.000000
12256.000000
9866.000000
12215.000000
9810.000000
12170.000000
9748.000000
12123.000000
9681.000000
12074.000000
9611.000000
12028.000000
9471.000000
11983.000000
11551155
9952.000000
12292.000000
9913.000000
12256.000000
9866.000000
12215.000000
9810.000000
12170.000000
9748.000000
12123.000000
9681.000000
12074.000000
9611.000000
12028.000000
9471.000000
11983.000000
11551155
9952.000000
12292.000000
9913.000000
12256.000000
9866.000000
12215.000000
9810.000000
12170.000000
9748.000000
12123.000000
9681.000000
12074.000000
9611.000000
12028.000000
9471.000000
11983.000000
11551155
9869.000000
12237.000000
9824.000000
12198.000000
9771.000000
12154.000000
9711.000000
12107.000000
9645.000000
12059.000000
9576.000000
12011.000000
9506.000000
11965.000000
9369.000000
11922.000000
11551155
9869.000000
12237.000000
9824.000000
12198.000000
9771.000000
12154.000000
9711.000000
12107.000000
9645.000000
12059.000000
9576.000000
12011.000000
9506.000000
11965.000000
9369.000000
11922.000000
11551155
9869.000000
12237.000000
9824.000000
12198.000000
9771.000000
12154.000000
9711.000000
12107.000000
9645.000000
12059.000000
9576.000000
12011.000000
9506.000000
11965.000000
9369.000000
11922.000000
11551155
9854.000000
12231.000000
9809.000000
12192.000000
9756.000000
12148.000000
9695.000000
12100.000000
9629.000000
12051.000000
9559.000000
12002.000000
9489.000000
11955.000000
9420.000000
11911.000000
11551155
9854.000000
12231.000000
9809.000000
12192.000000
9756.000000
12148.000000
9695.000000
12100.000000
9629.000000
12051.000000
9559.000000
12002.000000
9489.000000
11955.000000
9420.000000
11911.000000
11551155
9854.000000
12231.000000
9809.000000
12192.000000
9756.000000
12148.000000
9695.000000
12100.000000
9629.000000
12051.000000
9559.000000
12002.000000
9489.000000
11955.000000
9420.000000
11911.000000
11551155
9809.000000
12200.000000
9763.000000
12160.000000
9708.000000
12115.000000
9647.000000
12068.000000
9581.000000
12019.000000
9513.000000
11972.000000
9444.000000
11927.000000
9377.000000
11885.000000
11551155
9809.000000
12200.000000
9763.000000
12160.000000
9708.000000
12115.000000
9647.000000
12068.000000
9581.000000
12019.000000
9513.000000
11972.000000
9444.000000
11927.000000
9377.000000
11885.000000
11551155
9809.000000
12200.000000
9763.000000
12160.000000
9708.000000
12115.000000
9647.000000
12068.000000
9581.000000
12019.000000
9513.000000
11972.000000
9444.000000
11927.000000
9377.000000
11885.000000
11551155
9761.000000
12158.000000
9713.000000
12117.000000
9657.000000
12071.000000
9596.000000
12024.000000
9530.000000
11976.000000
9462.000000
11928.000000
9395.000000
11883.000000
9330.000000
11842.000000
11551155
9761.000000
12158.000000
9713.000000
12117.000000
9657.000000
12071.000000
9596.000000
12024.000000
9530.000000
11976.000000
9462.000000
11928.000000
9395.000000
11883.000000
9330.000000
11842.000000
11551155
9761.000000
12158.000000
9713.000000
12117.000000
9657.000000
12071.000000
9596.000000
12024.000000
9530.000000
11976.000000
9462.000000
11928.000000
9395.000000
11883.000000
9330.000000
11842.000000
11551155
9768.000000
12163.000000
9718.000000
12120.000000
9660.000000
12073.000000
9596.000000
12023.000000
9528.000000
11973.000000
9457.000000
11924.000000
9387.000000
11878.000000
9320.000000
11836.000000
11551155
9768.000000
12163.000000
9718.000000
12120.000000
9660.000000
12073.000000
9596.000000
12023.000000
9528.000000
11973.000000
9457.000000
11924.000000
9387.000000
11878.000000
9320.000000
11836.000000
11551155
9768.000000
12163.000000
9718.000000
12120.000000
9660.000000
12073.000000
9596.000000
12023.000000
9528.000000
11973.000000
9457.000000
11924.000000
9387.000000
11878.000000
9320.000000
11836.000000
11551155
9781.000000
12165.000000
9733.000000
12122.000000
9677.000000
12075.000000
9615.000000
12026.000000
9548.000000
11976.000000
9478.000000
11926.000000
9408.000000
11879.000000
9340.000000
11837.000000
11551155
9781.000000
12165.000000
9733.000000
12122.000000
9677.000000
12075.000000
9615.000000
12026.000000
9548.000000
11976.000000
9478.000000
11926.000000
9408.000000
11879.000000
9340.000000
11837.000000
11551155
9781.000000
12165.000000
9733.000000
12122.000000
9677.000000
12075.000000
9615.000000
12026.000000
9548.000000
11976.000000
9478.000000
11926.000000
9408.000000
11879.000000
9340.000000
11837.000000
11551155
9796.000000
12179.000000
9750.000000
12139.000000
9696.000000
12093.000000
9636.000000
12045.000000
9570.000000
11995.000000
9501.000000
11945.000000
9431.000000
11898.000000
9363.000000
11854.000000
11551155
9796.000000
12179.000000
9750.000000
12139.000000
9696.000000
12093.000000
9636.000000
12045.000000
9570.000000
11995.000000
9501.000000
11945.000000
9431.000000
11898.000000
9363.000000
11854.000000
11551155
9796.000000
12179.000000
9750.000000
12139.000000
9696.000000
12093.000000
9636.000000
12045.000000
9570.000000
11995.000000
9501.000000
11945.000000
9431.000000
11898.000000
9363.000000
11854.000000
11551155
9802.000000
12176.000000
9753.000000
12133.000000
9696.000000
12085.000000
9633.000000
12035.000000
9564.000000
11983.000000
9493.000000
11932.000000
9421.000000
11884.000000
9352.000000
11839.000000
11551155
9802.000000
12176.000000
9753.000000
12133.000000
9696.000000
12085.000000
9633.000000
12035.000000
9564.000000
11983.000000
9493.000000
11932.000000
9421.000000
11884.000000
9352.000000
11839.000000
11551155
9802.000000
12176.000000
9753.000000
12133.000000
9696.000000
12085.000000
9633.000000
12035.000000
9564.000000
11983.000000
9493.000000
11932.000000
9421.000000
11884.000000
9352.000000
11839.000000
11551155
9755.000000
12138.000000
9705.000000
12094.000000
9647.000000
12046.000000
9583.000000
11998.000000
9515.000000
11948.000000
9446.000000
11901.000000
9378.000000
11856.000000
9313.000000
11815.000000
11551155
9755.000000
12138.000000
9705.000000
12094.000000
9647.000000
12046.000000
9583.000000
11998.000000
9515.000000
11948.000000
9446.000000
11901.000000
9378.000000
11856.000000
9313.000000
11815.000000
11551155
9755.000000
12138.000000
9705.000000
12094.000000
9647.000000
12046.000000
9583.000000
11998.000000
9515.000000
11948.000000
9446.000000
11901.000000
9378.000000
11856.000000
9313.000000
11815.000000
11551155
9775.000000
12141.000000
9722.000000
12095.000000
9661.000000
12046.000000
9594.000000
11995.000000
9523.000000
11943.000000
9451.000000
11894.000000
9380.000000
11848.000000
9312.000000
11806.000000
11551155
9775.000000
12141.000000
9722.000000
12095.000000
9661.000000
12046.000000
9594.000000
11995.000000
9523.000000
11943.000000
9451.000000
11894.000000
9380.000000
11848.000000
9312.000000
11806.000000
11551155
9775.000000
12141.000000
9722.000000
12095.000000
9661.000000
12046.000000
9594.000000
11995.000000
9523.000000
11943.000000
9451.000000
11894.000000
9380.000000
11848.000000
9312.000000
11806.000000
11551155
9834.000000
12183.000000
9784.000000
12139.000000
9725.000000
12090.000000
9660.000000
12038.000000
9589.000000
11986.000000
9516.000000
11934.000000
9443.000000
11885.000000
9372.000000
11839.000000
11551155
9834.000000
12183.000000
9784.000000
12139.000000
9725.000000
12090.000000
9660.000000
12038.000000
9589.000000
11986.000000
9516.000000
11934.000000
9443.000000
11885.000000
9372.000000
11839.000000
11551155
9834.000000
12183.000000
9784.000000
12139.000000
9725.000000
12090.000000
9660.000000
12038.000000
9589.000000
11986.000000
9516.000000
11934.000000
9443.000000
11885.000000
9372.000000
11839.000000
11551155
9753.000000
12112.000000
9698.000000
12065.000000
9636.000000
12015.000000
9570.000000
11965.000000
9500.000000
11914.000000
9430.000000
11865.000000
9361.000000
11820.000000
9296.000000
11780.000000
11551155
9753.000000
12112.000000
9698.000000
12065.000000
9636.000000
12015.000000
9570.000000
11965.000000
9500.000000
11914.000000
9430.000000
11865.000000
9361.000000
11820.000000
9296.000000
11780.000000
11551155
9753.000000
12112.000000
9698.000000
12065.000000
9636.000000
12015.000000
9570.000000
11965.000000
9500.000000
11914.000000
9430.000000
11865.000000
9361.000000
11820.000000
9296.000000
11780.000000
11551155
9799.000000
12148.000000
9749.000000
12103.000000
9690.000000
12053.000000
9625.000000
12002.000000
9556.000000
11949.000000
9484.000000
11898.000000
9412.000000
11849.000000
9343.000000
11804.000000
11551155
9799.000000
12148.000000
9749.000000
12103.000000
9690.000000
12053.000000
9625.000000
12002.000000
9556.000000
11949.000000
9484.000000
11898.000000
9412.000000
11849.000000
9343.000000
11804.000000
11551155
9799.000000
12148.000000
9749.000000
12103.000000
9690.000000
12053.000000
9625.000000
12002.000000
9556.000000
11949.000000
9484.000000
11898.000000
9412.000000
11849.000000
9343.000000
11804.000000
11551155
9794.000000
12132.000000
9742.000000
12086.000000
9681.000000
12037.000000
9615.000000
11985.000000
9544.000000
11933.000000
9472.000000
11883.000000
9400.000000
11835.000000
9331.000000
11792.000000
11551155
9794.000000
12132.000000
9742.000000
12086.000000
9681.000000
12037.000000
9615.000000
11985.000000
9544.000000
11933.000000
9472.000000
11883.000000
9400.000000
11835.000000
9331.000000
11792.000000
11551155
9794.000000
12132.000000
9742.000000
12086.000000
9681.000000
12037.000000
9615.000000
11985.000000
9544.000000
11933.000000
9472.000000
11883.000000
9400.000000
11835.000000
9331.000000
11792.000000
11551155
9705.000000
12068.000000
9652.000000
12023.000000
9592.000000
11975.000000
9527.000000
11925.000000
9459.000000
11877.000000
9391.000000
11830.000000
9324.000000
11787.000000
9261.000000
11749.000000
11551155
9705.000000
12068.000000
9652.000000
12023.000000
9592.000000
11975.000000
9527.000000
11925.000000
9459.000000
11877.000000
9391.000000
11830.000000
9324.000000
11787.000000
9261.000000
11749.000000
11551155
9705.000000
12068.000000
9652.000000
12023.000000
9592.000000
11975.000000
9527.000000
11925.000000
9459.000000
11877.000000
9391.000000
11830.000000
9324.000000
11787.000000
9261.000000
11749.000000
11551155
9565.000000
11957.000000
9504.000000
11909.000000
9439.000000
11861.000000
9372.000000
11814.000000
9305.000000
11769.000000
9240.000000
11728.000000
9180.000000
11692.000000
9125.000000
11660.000000
11551155
9565.000000
11957.000000
9504.000000
11909.000000
9439.000000
11861.000000
9372.000000
11814.000000
9305.000000
11769.000000
9240.000000
11728.000000
9180.000000
11692.000000
9125.000000
11660.000000
11551155
9565.000000
11957.000000
9504.000000
11909.000000
9439.000000
11861.000000
9372.000000
11814.000000
9305.000000
11769.000000
9240.000000
11728.000000
9180.000000
11692.000000
9125.000000
11660.000000
11551155
9484.000000
11902.000000
9426.000000
11856.000000
9364.000000
11810.000000
9301.000000
11765.000000
9238.000000
11723.000000
9178.000000
11685.000000
9122.000000
11651.000000
9071.000000
11621.000000
11551155
9484.000000
11902.000000
9426.000000
11856.000000
9364.000000
11810.000000
9301.000000
11765.000000
9238.000000
11723.000000
9178.000000
11685.000000
9122.000000
11651.000000
9071.000000
11621.000000
11551155
9484.000000
11902.000000
9426.000000
11856.000000
9364.000000
11810.000000
9301.000000
11765.000000
9238.000000
11723.000000
9178.000000
11685.000000
9122.000000
11651.000000
9071.000000
11621.000000
11551155
9423.000000
11879.000000
9378.000000
11835.000000
9324.000000
11791.000000
9266.000000
11747.000000
9206.000000
11705.000000
9148.000000
11667.000000
9093.000000
11632.000000
9042.000000
11602.000000
11551155
9423.000000
11879.000000
9378.000000
11835.000000
9324.000000
11791.000000
9266.000000
11747.000000
9206.000000
11705.000000
9148.000000
11667.000000
9093.000000
11632.000000
9042.000000
11602.000000
11551155
9423.000000
11879.000000
9378.000000
11835.000000
9324.000000
11791.000000
9266.000000
11747.000000
9206.000000
11705.000000
9148.000000
11667.000000
9093.000000
11632.000000
9042.000000
11602.000000
11551155
9525.000000
11947.000000
9470.000000
11902.000000
9410.000000
11855.000000
9346.000000
11807.000000
9281.000000
11760.000000
9217.000000
11717.000000
9095.000000
11676.000000
9043.000000
11641.000000
11551155
9525.000000
11947.000000
9470.000000
11902.000000
9410.000000
11855.000000
9346.000000
11807.000000
9281.000000
11760.000000
9217.000000
11717.000000
9095.000000
11676.000000
9043.000000
11641.000000
11551155
9583.000000
11992.000000
9534.000000
11950.000000
9478.000000
11904.000000
9416.000000
11857.000000
9351.000000
11809.000000
9284.000000
11763.000000
9218.000000
11720.000000
9155.000000
11680.000000
11551155
9583.000000
11992.000000
9534.000000
11950.000000
9478.000000
11904.000000
9416.000000
11857.000000
9351.000000
11809.000000
9284.000000
11763.000000
9218.000000
11720.000000
9155.000000
11680.000000
11551155
9583.000000
11992.000000
9534.000000
11950.000000
9478.000000
11904.000000
9416.000000
11857.000000
9351.000000
11809.000000
9284.000000
11763.000000
9218.000000
11720.000000
9155.000000
11680.000000
11551155
9540.000000
11961.000000
9483.000000
11915.000000
9420.000000
11866.000000
9354.000000
11818.000000
9286.000000
11770.000000
9219.000000
11726.000000
9155.000000
11685.000000
9096.000000
11650.000000
11551155
9540.000000
11961.000000
9483.000000
11915.000000
9420.000000
11866.000000
9354.000000
11818.000000
9286.000000
11770.000000
9219.000000
11726.000000
9155.000000
11685.000000
9096.000000
11650.000000
11551155
9540.000000
11961.000000
9483.000000
11915.000000
9420.000000
11866.000000
9354.000000
11818.000000
9286.000000
11770.000000
9219.000000
11726.000000
9155.000000
11685.000000
9096.000000
11650.000000
11551155
9633.000000
12037.000000
9578.000000
11990.000000
9516.000000
11941.000000
9449.000000
11890.000000
9378.000000
11840.000000
9307.000000
11791.000000
9237.000000
11746.000000
9171.000000
11706.000000
11551155
9633.000000
12037.000000
9578.000000
11990.000000
9516.000000
11941.000000
9449.000000
11890.000000
9378.000000
11840.000000
9307.000000
11791.000000
9237.000000
11746.000000
9171.000000
11706.000000
11551155
9633.000000
12037.000000
9578.000000
11990.000000
9516.000000
11941.000000
9449.000000
11890.000000
9378.000000
11840.000000
9307.000000
11791.000000
9237.000000
11746.000000
9171.000000
11706.000000
11551155
9575.000000
12002.000000
9519.000000
11955.000000
9457.000000
11907.000000
9390.000000
11857.000000
9321.000000
11808.000000
9253.000000
11762.000000
9187.000000
11720.000000
9125.000000
11682.000000
11551155
9575.000000
12002.000000
9519.000000
11955.000000
9457.000000
11907.000000
9390.000000
11857.000000
9321.000000
11808.000000
9253.000000
11762.000000
9187.000000
11720.000000
9125.000000
11682.000000
11551155
9575.000000
12002.000000
9519.000000
11955.000000
9457.000000
11907.000000
9390.000000
11857.000000
9321.000000
11808.000000
9253.000000
11762.000000
9187.000000
11720.000000
9125.000000
11682.000000
11551155
9608.000000
12038.000000
9556.000000
11993.000000
9497.000000
11945.000000
9433.000000
11895.000000
9366.000000
11845.000000
9297.000000
11797.000000
9229.000000
11752.000000
9164.000000
11711.000000
11551155
9608.000000
12038.000000
9556.000000
11993.000000
9497.000000
11945.000000
9433.000000
11895.000000
9366.000000
11845.000000
9297.000000
11797.000000
9229.000000
11752.000000
9164.000000
11711.000000
11551155
9608.000000
12038.000000
9556.000000
11993.000000
9497.000000
11945.000000
9433.000000
11895.000000
9366.000000
11845.000000
9297.000000
11797.000000
9229.000000
11752.000000
9164.000000
11711.000000
11551155
9619.000000
12058.000000
9567.000000
12013.000000
9508.000000
11965.000000
9444.000000
11915.000000
9376.000000
11865.000000
9306.000000
11817.000000
9237.000000
11772.000000
9172.000000
11730.000000
11551155
9619.000000
12058.000000
9567.000000
12013.000000
9508.000000
11965.000000
9444.000000
11915.000000
9376.000000
11865.000000
9306.000000
11817.000000
9237.000000
11772.000000
9172.000000
11730.000000
11551155
9619.000000
12058.000000
9567.000000
12013.000000
9508.000000
11965.000000
9444.000000
11915.000000
9376.000000
11865.000000
9306.000000
11817.000000
9237.000000
11772.000000
9172.000000
11730.000000
11551155
9626.000000
12060.000000
9571.000000
12014.000000
9509.000000
11964.000000
9441.000000
11914.000000
9370.000000
11863.000000
9299.000000
11815.000000
9229.000000
11770.000000
9162.000000
11729.000000
11551155
9626.000000
12060.000000
9571.000000
12014.000000
9509.000000
11964.000000
9441.000000
11914.000000
9370.000000
11863.000000
9299.000000
11815.000000
9229.000000
11770.000000
9162.000000
11729.000000
11551155
9626.000000
12060.000000
9571.000000
12014.000000
9509.000000
11964.000000
9441.000000
11914.000000
9370.000000
11863.000000
9299.000000
11815.000000
9229.000000
11770.000000
9162.000000
11729.000000
11551155
9749.000000
12170.000000
9704.000000
12128.000000
9650.000000
12081.000000
9588.000000
12030.000000
9519.000000
11976.000000
9446.000000
11922.000000
9371.000000
11869.000000
9297.000000
11819.000000
11551155
9749.000000
12170.000000
9704.000000
12128.000000
9650.000000
12081.000000
9588.000000
12030.000000
9519.000000
11976.000000
9446.000000
11922.000000
9371.000000
11869.000000
9297.000000
11819.000000
11551155
9749.000000
12170.000000
9704.000000
12128.000000
9650.000000
12081.000000
9588.000000
12030.000000
9519.000000
11976.000000
9446.000000
11922.000000
9371.000000
11869.000000
9297.000000
11819.000000
11551155
9718.000000
12160.000000
9671.000000
12119.000000
9616.000000
12072.000000
9553.000000
12023.000000
9485.000000
11971.000000
9414.000000
11920.000000
9342.000000
11871.000000
9271.000000
11825.000000
11551155
9718.000000
12160.000000
9671.000000
12119.000000
9616.000000
12072.000000
9553.000000
12023.000000
9485.000000
11971.000000
9414.000000
11920.000000
9342.000000
11871.000000
9271.000000
11825.000000
11551155
9718.000000
12160.000000
9671.000000
12119.000000
9616.000000
12072.000000
9553.000000
12023.000000
9485.000000
11971.000000
9414.000000
11920.000000
9342.000000
11871.000000
9271.000000
11825.000000
11551155
9758.000000
12189.000000
9710.000000
12146.000000
9653.000000
12098.000000
9588.000000
12046.000000
9517.000000
11992.000000
9443.000000
11939.000000
9368.000000
11887.000000
9294.000000
11840.000000
11551155
9758.000000
12189.000000
9710.000000
12146.000000
9653.000000
12098.000000
9588.000000
12046.000000
9517.000000
11992.000000
9443.000000
11939.000000
9368.000000
11887.000000
9294.000000
11840.000000
11551155
9758.000000
12189.000000
9710.000000
12146.000000
9653.000000
12098.000000
9588.000000
12046.000000
9517.000000
11992.000000
9443.000000
11939.000000
9368.000000
11887.000000
9294.000000
11840.000000
11551155
9758.000000
12189.000000
9710.000000
12146.000000
9653.000000
12098.000000
9588.000000
12046.000000
9517.000000
11992.000000
9443.000000
11939.000000
9368.000000
11887.000000
9294.000000
11840.000000
11551155
9801.000000
12229.000000
9754.000000
12186.000000
9698.000000
12138.000000
9633.000000
12085.000000
9562.000000
12031.000000
9486.000000
11976.000000
9409.000000
11923.000000
9333.000000
11873.000000
11551155
9801.000000
12229.000000
9754.000000
12186.000000
9698.000000
12138.000000
9633.000000
12085.000000
9562.000000
12031.000000
9486.000000
11976.000000
9409.000000
11923.000000
9333.000000
11873.000000
11551155
9801.000000
12229.000000
9754.000000
12186.000000
9698.000000
12138.000000
9633.000000
12085.000000
9562.000000
12031.000000
9486.000000
11976.000000
9409.000000
11923.000000
9333.000000
11873.000000
11551155
9774.000000
12208.000000
9729.000000
12166.000000
9674.000000
12120.000000
9611.000000
12069.000000
9542.000000
12016.000000
9468.000000
11962.000000
9392.000000
11909.000000
9317.000000
11859.000000
11551155
9774.000000
12208.000000
9729.000000
12166.000000
9674.000000
12120.000000
9611.000000
12069.000000
9542.000000
12016.000000
9468.000000
11962.000000
9392.000000
11909.000000
9317.000000
11859.000000
11551155
9774.000000
12208.000000
9729.000000
12166.000000
9674.000000
12120.000000
9611.000000
12069.000000
9542.000000
12016.000000
9468.000000
11962.000000
9392.000000
11909.000000
9317.000000
11859.000000
11551155
9782.000000
12214.000000
9736.000000
12172.000000
9680.000000
12124.000000
9616.000000
12072.000000
9545.000000
12017.000000
9470.000000
11963.000000
9316.000000
11909.000000
9240.000000
11858.000000
11551155
9782.000000
12214.000000
9736.000000
12172.000000
9680.000000
12124.000000
9616.000000
12072.000000
9545.000000
12017.000000
9470.000000
11963.000000
9316.000000
11909.000000
9240.000000
11858.000000
11551155
9782.000000
12214.000000
9736.000000
12172.000000
9680.000000
12124.000000
9616.000000
12072.000000
9545.000000
12017.000000
9470.000000
11963.000000
9316.000000
11909.000000
9240.000000
11858.000000
11551155
9716.000000
12193.000000
9661.000000
12151.000000
9629.000000
12104.000000
9578.000000
12052.000000
9515.000000
11999.000000
9445.000000
11945.000000
9372.000000
11893.000000
9300.000000
11844.000000
11551155
9716.000000
12193.000000
9661.000000
12151.000000
9629.000000
12104.000000
9578.000000
12052.000000
9515.000000
11999.000000
9445.000000
11945.000000
9372.000000
11893.000000
9300.000000
11844.000000
11551155
9716.000000
12193.000000
9661.000000
12151.000000
9629.000000
12104.000000
9578.000000
12052.000000
9515.000000
11999.000000
9445.000000
11945.000000
9372.000000
11893.000000
9300.000000
11844.000000
11551155
9766.000000
12191.000000
9717.000000
12147.000000
9659.000000
12097.000000
9593.000000
12044.000000
9521.000000
11990.000000
9446.000000
11936.000000
9370.000000
11884.000000
9296.000000
11836.000000
11551155
9766.000000
12191.000000
9717.000000
12147.000000
9659.000000
12097.000000
9593.000000
12044.000000
9521.000000
11990.000000
9446.000000
11936.000000
9370.000000
11884.000000
9296.000000
11836.000000
11551155
9766.000000
12191.000000
9717.000000
12147.000000
9659.000000
12097.000000
9593.000000
12044.000000
9521.000000
11990.000000
9446.000000
11936.000000
9370.000000
11884.000000
9296.000000
11836.000000
11551155
9840.000000
12239.000000
9791.000000
12194.000000
9732.000000
12144.000000
9665.000000
12090.000000
9591.000000
12034.000000
9513.000000
11978.000000
9434.000000
11923.000000
9356.000000
11872.000000
11551155
9840.000000
12239.000000
9791.000000
12194.000000
9732.000000
12144.000000
9665.000000
12090.000000
9591.000000
12034.000000
9513.000000
11978.000000
9434.000000
11923.000000
9356.000000
11872.000000
11551155
9840.000000
12239.000000
9791.000000
12194.000000
9732.000000
12144.000000
9665.000000
12090.000000
9591.000000
12034.000000
9513.000000
11978.000000
9434.000000
11923.000000
9356.000000
11872.000000
11551155
9810.000000
12219.000000
9757.000000
12172.000000
9694.000000
12119.000000
9624.000000
12064.000000
9549.000000
12007.000000
9471.000000
11951.000000
9392.000000
11898.000000
9315.000000
11848.000000
11551155
9810.000000
12219.000000
9757.000000
12172.000000
9694.000000
12119.000000
9624.000000
12064.000000
9549.000000
12007.000000
9471.000000
11951.000000
9392.000000
11898.000000
9315.000000
11848.000000
11551155
9810.000000
12219.000000
9757.000000
12172.000000
9694.000000
12119.000000
9624.000000
12064.000000
9549.000000
12007.000000
9471.000000
11951.000000
9392.000000
11898.000000
9315.000000
11848.000000
11551155
9836.000000
12240.000000
9785.000000
12193.000000
9724.000000
12142.000000
9655.000000
12087.000000
9580.000000
12030.000000
9501.000000
11973.000000
9421.000000
11919.000000
9343.000000
11868.000000
11551155
9836.000000
12240.000000
9785.000000
12193.000000
9724.000000
12142.000000
9655.000000
12087.000000
9580.000000
12030.000000
9501.000000
11973.000000
9421.000000
11919.000000
9343.000000
11868.000000
11551155
9836.000000
12240.000000
9785.000000
12193.000000
9724.000000
12142.000000
9655.000000
12087.000000
9580.000000
12030.000000
9501.000000
11973.000000
9421.000000
11919.000000
9343.000000
11868.000000
11551155
9768.000000
12197.000000
9715.000000
12150.000000
9653.000000
12099.000000
9584.000000
12046.000000
9510.000000
11991.000000
9434.000000
11938.000000
9358.000000
11888.000000
9284.000000
11841.000000
11551155
9768.000000
12197.000000
9715.000000
12150.000000
9653.000000
12099.000000
9584.000000
12046.000000
9510.000000
11991.000000
9434.000000
11938.000000
9358.000000
11888.000000
9284.000000
11841.000000
11551155
9768.000000
12197.000000
9715.000000
12150.000000
9653.000000
12099.000000
9584.000000
12046.000000
9510.000000
11991.000000
9434.000000
11938.000000
9358.000000
11888.000000
9284.000000
11841.000000
11551155
9753.000000
12193.000000
9702.000000
12148.000000
9642.000000
12098.000000
9575.000000
12045.000000
9502.000000
11990.000000
9426.000000
11937.000000
9350.000000
11885.000000
9276.000000
11838.000000
11551155
9753.000000
12193.000000
9702.000000
12148.000000
9642.000000
12098.000000
9575.000000
12045.000000
9502.000000
11990.000000
9426.000000
11937.000000
9350.000000
11885.000000
9276.000000
11838.000000
11551155
9753.000000
12193.000000
9702.000000
12148.000000
9642.000000
12098.000000
9575.000000
12045.000000
9502.000000
11990.000000
9426.000000
11937.000000
9350.000000
11885.000000
9276.000000
11838.000000
11551155
9699.000000
12154.000000
9645.000000
12107.000000
9583.000000
12056.000000
9514.000000
12003.000000
9441.000000
11950.000000
9366.000000
11898.000000
9291.000000
11849.000000
9219.000000
11804.000000
11551155
9699.000000
12154.000000
9645.000000
12107.000000
9583.000000
12056.000000
9514.000000
12003.000000
9441.000000
11950.000000
9366.000000
11898.000000
9291.000000
11849.000000
9219.000000
11804.000000
11551155
9699.000000
12154.000000
9645.000000
12107.000000
9583.000000
12056.000000
9514.000000
12003.000000
9441.000000
11950.000000
9366.000000
11898.000000
9291.000000
11849.000000
9219.000000
11804.000000
11551155
9652.000000
12133.000000
9600.000000
12088.000000
9540.000000
12038.000000
9474.000000
11986.000000
9403.000000
11934.000000
9330.000000
11882.000000
9257.000000
11833.000000
9186.000000
11788.000000
11551155
9652.000000
12133.000000
9600.000000
12088.000000
9540.000000
12038.000000
9474.000000
11986.000000
9403.000000
11934.000000
9330.000000
11882.000000
9257.000000
11833.000000
9186.000000
11788.000000
11551155
9652.000000
12133.000000
9600.000000
12088.000000
9540.000000
12038.000000
9474.000000
11986.000000
9403.000000
11934.000000
9330.000000
11882.000000
9257.000000
11833.000000
9186.000000
11788.000000
11551155
9642.000000
12126.000000
9589.000000
12079.000000
9528.000000
12029.000000
9460.000000
11977.000000
9388.000000
11923.000000
9313.000000
11871.000000
9238.000000
11821.000000
9166.000000
11776.000000
11551155
9642.000000
12126.000000
9589.000000
12079.000000
9528.000000
12029.000000
9460.000000
11977.000000
9388.000000
11923.000000
9313.000000
11871.000000
9238.000000
11821.000000
9166.000000
11776.000000
11551155
9642.000000
12126.000000
9589.000000
12079.000000
9528.000000
12029.000000
9460.000000
11977.000000
9388.000000
11923.000000
9313.000000
11871.000000
9238.000000
11821.000000
9166.000000
11776.000000
11551155
9626.000000
12134.000000
9578.000000

