11551155
2671.000000
4417.000000
2655.000000
4394.000000
2635.000000
4369.000000
2612.000000
4342.000000
2587.000000
4313.000000
2560.000000
4283.000000
2532.000000
4254.000000
2504.000000
4226.000000
11551155
2671.000000
4417.000000
2655.000000
4394.000000
2635.000000
4369.000000
2612.000000
4342.000000
2587.000000
4313.000000
2560.000000
4283.000000
2532.000000
4254.000000
2504.000000
4226.000000
11551155
2671.000000
4417.000000
2655.000000
4394.000000
2635.000000
4369.000000
2612.000000
4342.000000
2587.000000
4313.000000
2560.000000
4283.000000
2532.000000
4254.000000
2504.000000
4226.000000
11551155
2671.000000
4417.000000
2655.000000
4394.000000
2635.000000
4369.000000
2612.000000
4342.000000
2587.000000
4313.000000
2560.000000
4283.000000
2532.000000
4254.000000
2504.000000
4226.000000
11551155
2663.000000
4409.000000
2647.000000
4387.000000
2628.000000
4363.000000
2605.000000
4336.000000
2580.000000
4307.000000
2553.000000
4277.000000
2525.000000
4247.000000
2469.000000
4218.000000
11551155
2663.000000
4409.000000
2647.000000
4387.000000
2628.000000
4363.000000
2605.000000
4336.000000
2580.000000
4307.000000
2553.000000
4277.000000
2525.000000
4247.000000
2469.000000
4218.000000
11551155
2663.000000
4409.000000
2647.000000
4387.000000
2628.000000
4363.000000
2605.000000
4336.000000
2580.000000
4307.000000
2553.000000
4277.000000
2525.000000
4247.000000
2469.000000
4218.000000
11551155
2607.000000
4344.000000
2592.000000
4324.000000
2574.000000
4300.000000
2554.000000
4275.000000
2531.000000
4248.000000
2483.000000
4220.000000
2456.000000
4193.000000
2443.000000
4166.000000
11551155
2607.000000
4344.000000
2592.000000
4324.000000
2574.000000
4300.000000
2554.000000
4275.000000
2531.000000
4248.000000
2483.000000
4220.000000
2456.000000
4193.000000
2443.000000
4166.000000
11551155
2607.000000
4344.000000
2592.000000
4324.000000
2574.000000
4300.000000
2554.000000
4275.000000
2531.000000
4248.000000
2483.000000
4220.000000
2456.000000
4193.000000
2443.000000
4166.000000
11551155
2578.000000
4308.000000
2562.000000
4286.000000
2543.000000
4262.000000
2501.000000
4236.000000
2475.000000
4209.000000
2462.000000
4181.000000
2442.000000
4153.000000
2419.000000
4127.000000
11551155
2578.000000
4308.000000
2562.000000
4286.000000
2543.000000
4262.000000
2501.000000
4236.000000
2475.000000
4209.000000
2462.000000
4181.000000
2442.000000
4153.000000
2419.000000
4127.000000
11551155
2578.000000
4308.000000
2562.000000
4286.000000
2543.000000
4262.000000
2501.000000
4236.000000
2475.000000
4209.000000
2462.000000
4181.000000
2442.000000
4153.000000
2419.000000
4127.000000
11551155
2535.000000
4276.000000
2526.000000
4255.000000
2511.000000
4231.000000
2492.000000
4205.000000
2470.000000
4178.000000
2446.000000
4151.000000
2422.000000
4124.000000
2397.000000
4098.000000
11551155
2535.000000
4276.000000
2526.000000
4255.000000
2511.000000
4231.000000
2492.000000
4205.000000
2470.000000
4178.000000
2446.000000
4151.000000
2422.000000
4124.000000
2397.000000
4098.000000
11551155
2535.000000
4276.000000
2526.000000
4255.000000
2511.000000
4231.000000
2492.000000
4205.000000
2470.000000
4178.000000
2446.000000
4151.000000
2422.000000
4124.000000
2397.000000
4098.000000
11551155
2496.000000
4221.000000
2478.000000
4198.000000
2457.000000
4173.000000
2435.000000
4147.000000
2411.000000
4122.000000
2387.000000
4096.000000
2363.000000
4072.000000
2340.000000
4049.000000
11551155
2496.000000
4221.000000
2478.000000
4198.000000
2457.000000
4173.000000
2435.000000
4147.000000
2411.000000
4122.000000
2387.000000
4096.000000
2363.000000
4072.000000
2340.000000
4049.000000
11551155
2496.000000
4221.000000
2478.000000
4198.000000
2457.000000
4173.000000
2435.000000
4147.000000
2411.000000
4122.000000
2387.000000
4096.000000
2363.000000
4072.000000
2340.000000
4049.000000
11551155
2496.000000
4221.000000
2478.000000
4198.000000
2457.000000
4173.000000
2435.000000
4147.000000
2411.000000
4122.000000
2387.000000
4096.000000
2363.000000
4072.000000
2340.000000
4049.000000
11551155
2537.000000
4266.000000
2520.000000
4243.000000
2500.000000
4219.000000
2477.000000
4192.000000
2453.000000
4165.000000
2427.000000
4138.000000
2401.000000
4112.000000
2376.000000
4087.000000
11551155
2537.000000
4266.000000
2520.000000
4243.000000
2500.000000
4219.000000
2477.000000
4192.000000
2453.000000
4165.000000
2427.000000
4138.000000
2401.000000
4112.000000
2376.000000
4087.000000
11551155
2537.000000
4266.000000
2520.000000
4243.000000
2500.000000
4219.000000
2477.000000
4192.000000
2453.000000
4165.000000
2427.000000
4138.000000
2401.000000
4112.000000
2376.000000
4087.000000
11551155
2548.000000
4290.000000
2532.000000
4268.000000
2513.000000
4244.000000
2491.000000
4217.000000
2468.000000
4190.000000
2443.000000
4163.000000
2418.000000
4136.000000
2392.000000
4110.000000
11551155
2548.000000
4290.000000
2532.000000
4268.000000
2513.000000
4244.000000
2491.000000
4217.000000
2468.000000
4190.000000
2443.000000
4163.000000
2418.000000
4136.000000
2392.000000
4110.000000
11551155
2548.000000
4290.000000
2532.000000
4268.000000
2513.000000
4244.000000
2491.000000
4217.000000
2468.000000
4190.000000
2443.000000
4163.000000
2418.000000
4136.000000
2392.000000
4110.000000
11551155
2561.000000
4302.000000
2544.000000
4279.000000
2525.000000
4255.000000
2503.000000
4228.000000
2479.000000
4201.000000
2453.000000
4173.000000
2427.000000
4146.000000
2401.000000
4120.000000
11551155
2561.000000
4302.000000
2544.000000
4279.000000
2525.000000
4255.000000
2503.000000
4228.000000
2479.000000
4201.000000
2453.000000
4173.000000
2427.000000
4146.000000
2401.000000
4120.000000
11551155
2561.000000
4302.000000
2544.000000
4279.000000
2525.000000
4255.000000
2503.000000
4228.000000
2479.000000
4201.000000
2453.000000
4173.000000
2427.000000
4146.000000
2401.000000
4120.000000
11551155
2559.000000
4296.000000
2541.000000
4272.000000
2519.000000
4245.000000
2495.000000
4217.000000
2470.000000
4188.000000
2444.000000
4160.000000
2417.000000
4133.000000
2391.000000
4107.000000
11551155
2559.000000
4296.000000
2541.000000
4272.000000
2519.000000
4245.000000
2495.000000
4217.000000
2470.000000
4188.000000
2444.000000
4160.000000
2417.000000
4133.000000
2391.000000
4107.000000
11551155
2559.000000
4296.000000
2541.000000
4272.000000
2519.000000
4245.000000
2495.000000
4217.000000
2470.000000
4188.000000
2444.000000
4160.000000
2417.000000
4133.000000
2391.000000
4107.000000
11551155
2559.000000
4296.000000
2541.000000
4272.000000
2519.000000
4245.000000
2495.000000
4217.000000
2470.000000
4188.000000
2444.000000
4160.000000
2417.000000
4133.000000
2391.000000
4107.000000
11551155
2523.000000
4267.000000
2505.000000
4244.000000
2484.000000
4219.000000
2461.000000
4193.000000
2437.000000
4166.000000
2412.000000
4140.000000
2387.000000
4114.000000
2363.000000
4090.000000
11551155
2523.000000
4267.000000
2505.000000
4244.000000
2484.000000
4219.000000
2461.000000
4193.000000
2437.000000
4166.000000
2412.000000
4140.000000
2387.000000
4114.000000
2363.000000
4090.000000
11551155
2523.000000
4267.000000
2505.000000
4244.000000
2484.000000
4219.000000
2461.000000
4193.000000
2437.000000
4166.000000
2412.000000
4140.000000
2387.000000
4114.000000
2363.000000
4090.000000
11551155
2525.000000
4260.000000
2505.000000
4235.000000
2483.000000
4209.000000
2459.000000
4182.000000
2434.000000
4154.000000
2409.000000
4126.000000
2383.000000
4100.000000
2358.000000
4075.000000
11551155
2525.000000
4260.000000
2505.000000
4235.000000
2483.000000
4209.000000
2459.000000
4182.000000
2434.000000
4154.000000
2409.000000
4126.000000
2383.000000
4100.000000
2358.000000
4075.000000
11551155
2525.000000
4260.000000
2505.000000
4235.000000
2483.000000
4209.000000
2459.000000
4182.000000
2434.000000
4154.000000
2409.000000
4126.000000
2383.000000
4100.000000
2358.000000
4075.000000
11551155
2517.000000
4255.000000
2500.000000
4232.000000
2480.000000
4207.000000
2458.000000
4181.000000
2434.000000
4154.000000
2409.000000
4126.000000
2383.000000
4099.000000
2358.000000
4073.000000
11551155
2517.000000
4255.000000
2500.000000
4232.000000
2480.000000
4207.000000
2458.000000
4181.000000
2434.000000
4154.000000
2409.000000
4126.000000
2383.000000
4099.000000
2358.000000
4073.000000
11551155
2517.000000
4255.000000
2500.000000
4232.000000
2480.000000
4207.000000
2458.000000
4181.000000
2434.000000
4154.000000
2409.000000
4126.000000
2383.000000
4099.000000
2358.000000
4073.000000
11551155
2489.000000
4234.000000
2473.000000
4213.000000
2455.000000
4189.000000
2435.000000
4164.000000
2412.000000
4138.000000
2388.000000
4111.000000
2364.000000
4085.000000
2340.000000
4060.000000
11551155
2489.000000
4234.000000
2473.000000
4213.000000
2455.000000
4189.000000
2435.000000
4164.000000
2412.000000
4138.000000
2388.000000
4111.000000
2364.000000
4085.000000
2340.000000
4060.000000
11551155
2489.000000
4234.000000
2473.000000
4213.000000
2455.000000
4189.000000
2435.000000
4164.000000
2412.000000
4138.000000
2388.000000
4111.000000
2364.000000
4085.000000
2340.000000
4060.000000
11551155
2489.000000
4234.000000
2473.000000
4213.000000
2455.000000
4189.000000
2435.000000
4164.000000
2412.000000
4138.000000
2388.000000
4111.000000
2364.000000
4085.000000
2340.000000
4060.000000
11551155
2487.000000
4233.000000
2470.000000
4211.000000
2451.000000
4187.000000
2430.000000
4160.000000
2407.000000
4133.000000
2383.000000
4105.000000
2358.000000
4078.000000
2334.000000
4052.000000
11551155
2487.000000
4233.000000
2470.000000
4211.000000
2451.000000
4187.000000
2430.000000
4160.000000
2407.000000
4133.000000
2383.000000
4105.000000
2358.000000
4078.000000
2334.000000
4052.000000
11551155
2487.000000
4233.000000
2470.000000
4211.000000
2451.000000
4187.000000
2430.000000
4160.000000
2407.000000
4133.000000
2383.000000
4105.000000
2358.000000
4078.000000
2334.000000
4052.000000
11551155
2482.000000
4231.000000
2469.000000
4213.000000
2453.000000
4191.000000
2435.000000
4167.000000
2414.000000
4142.000000
2392.000000
4115.000000
2368.000000
4089.000000
2344.000000
4062.000000
11551155
2482.000000
4231.000000
2469.000000
4213.000000
2453.000000
4191.000000
2435.000000
4167.000000
2414.000000
4142.000000
2392.000000
4115.000000
2368.000000
4089.000000
2344.000000
4062.000000
11551155
2482.000000
4231.000000
2469.000000
4213.000000
2453.000000
4191.000000
2435.000000
4167.000000
2414.000000
4142.000000
2392.000000
4115.000000
2368.000000
4089.000000
2344.000000
4062.000000
11551155
2470.000000
4221.000000
2457.000000
4201.000000
2440.000000
4178.000000
2421.000000
4153.000000
2400.000000
4127.000000
2377.000000
4100.000000
2353.000000
4073.000000
2329.000000
4047.000000
11551155
2470.000000
4221.000000
2457.000000
4201.000000
2440.000000
4178.000000
2421.000000
4153.000000
2400.000000
4127.000000
2377.000000
4100.000000
2353.000000
4073.000000
2329.000000
4047.000000
11551155
2470.000000
4221.000000
2457.000000
4201.000000
2440.000000
4178.000000
2421.000000
4153.000000
2400.000000
4127.000000
2377.000000
4100.000000
2353.000000
4073.000000
2329.000000
4047.000000
11551155
2475.000000
4223.000000
2461.000000
4202.000000
2444.000000
4179.000000
2424.000000
4154.000000
2402.000000
4128.000000
2378.000000
4101.000000
2353.000000
4074.000000
2304.000000
4047.000000
11551155
2475.000000
4223.000000
2461.000000
4202.000000
2444.000000
4179.000000
2424.000000
4154.000000
2402.000000
4128.000000
2378.000000
4101.000000
2353.000000
4074.000000
2304.000000
4047.000000
11551155
2475.000000
4223.000000
2461.000000
4202.000000
2444.000000
4179.000000
2424.000000
4154.000000
2402.000000
4128.000000
2378.000000
4101.000000
2353.000000
4074.000000
2304.000000
4047.000000
11551155
2475.000000
4223.000000
2461.000000
4202.000000
2444.000000
4179.000000
2424.000000
4154.000000
2402.000000
4128.000000
2378.000000
4101.000000
2353.000000
4074.000000
2304.000000
4047.000000
11551155
2447.000000
4195.000000
2432.000000
4174.000000
2414.000000
4150.000000
2374.000000
4126.000000
2350.000000
4100.000000
2338.000000
4074.000000
2319.000000
4048.000000
2298.000000
4024.000000
11551155
2447.000000
4195.000000
2432.000000
4174.000000
2414.000000
4150.000000
2374.000000
4126.000000
2350.000000
4100.000000
2338.000000
4074.000000
2319.000000
4048.000000
2298.000000
4024.000000
11551155
2447.000000
4195.000000
2432.000000
4174.000000
2414.000000
4150.000000
2374.000000
4126.000000
2350.000000
4100.000000
2338.000000
4074.000000
2319.000000
4048.000000
2298.000000
4024.000000
11551155
2430.000000
4187.000000
2408.000000
4163.000000
2396.000000
4138.000000
2378.000000
4111.000000
2356.000000
4084.000000
2333.000000
4057.000000
2309.000000
4032.000000
2285.000000
4008.000000
11551155
2430.000000
4187.000000
2408.000000
4163.000000
2396.000000
4138.000000
2378.000000
4111.000000
2356.000000
4084.000000
2333.000000
4057.000000
2309.000000
4032.000000
2285.000000
4008.000000
11551155
2430.000000
4187.000000
2408.000000
4163.000000
2396.000000
4138.000000
2378.000000
4111.000000
2356.000000
4084.000000
2333.000000
4057.000000
2309.000000
4032.000000
2285.000000
4008.000000
11551155
2435.000000
4183.000000
2420.000000
4161.000000
2402.000000
4136.000000
2380.000000
4110.000000
2357.000000
4083.000000
2333.000000
4057.000000
2309.000000
4031.000000
2285.000000
4007.000000
11551155
2435.000000
4183.000000
2420.000000
4161.000000
2402.000000
4136.000000
2380.000000
4110.000000
2357.000000
4083.000000
2333.000000
4057.000000
2309.000000
4031.000000
2285.000000
4007.000000
11551155
2435.000000
4183.000000
2420.000000
4161.000000
2402.000000
4136.000000
2380.000000
4110.000000
2357.000000
4083.000000
2333.000000
4057.000000
2309.000000
4031.000000
2285.000000
4007.000000
11551155
2398.000000
4138.000000
2382.000000
4117.000000
2363.000000
4094.000000
2343.000000
4069.000000
2321.000000
4045.000000
2299.000000
4020.000000
2277.000000
3997.000000
2255.000000
3975.000000
11551155
2398.000000
4138.000000
2382.000000
4117.000000
2363.000000
4094.000000
2343.000000
4069.000000
2321.000000
4045.000000
2299.000000
4020.000000
2277.000000
3997.000000
2255.000000
3975.000000
11551155
2398.000000
4138.000000
2382.000000
4117.000000
2363.000000
4094.000000
2343.000000
4069.000000
2321.000000
4045.000000
2299.000000
4020.000000
2277.000000
3997.000000
2255.000000
3975.000000
11551155
2394.000000
4128.000000
2377.000000
4106.000000
2358.000000
4082.000000
2337.000000
4056.000000
2315.000000
4031.000000
2292.000000
4006.000000
2269.000000
3981.000000
2247.000000
3958.000000
11551155
2394.000000
4128.000000
2377.000000
4106.000000
2358.000000
4082.000000
2337.000000
4056.000000
2315.000000
4031.000000
2292.000000
4006.000000
2269.000000
3981.000000
2247.000000
3958.000000
11551155
2394.000000
4128.000000
2377.000000
4106.000000
2358.000000
4082.000000
2337.000000
4056.000000
2315.000000
4031.000000
2292.000000
4006.000000
2269.000000
3981.000000
2247.000000
3958.000000
11551155
2394.000000
4128.000000
2377.000000
4106.000000
2358.000000
4082.000000
2337.000000
4056.000000
2315.000000
4031.000000
2292.000000
4006.000000
2269.000000
3981.000000
2247.000000
3958.000000
11551155
2358.000000
4090.000000
2341.000000
4067.000000
2322.000000
4043.000000
2302.000000
4019.000000
2280.000000
3994.000000
2258.000000
3970.000000
2236.000000
3948.000000
2215.000000
3927.000000
11551155
2358.000000
4090.000000
2341.000000
4067.000000
2322.000000
4043.000000
2302.000000
4019.000000
2280.000000
3994.000000
2258.000000
3970.000000
2236.000000
3948.000000
2215.000000
3927.000000
11551155
2358.000000
4090.000000
2341.000000
4067.000000
2322.000000
4043.000000
2302.000000
4019.000000
2280.000000
3994.000000
2258.000000
3970.000000
2236.000000
3948.000000
2215.000000
3927.000000
11551155
2321.000000
4046.000000
2304.000000
4025.000000
2286.000000
4003.000000
2266.000000
3980.000000
2246.000000
3958.000000
2226.000000
3937.000000
2207.000000
3917.000000
2189.000000
3899.000000
11551155
2321.000000
4046.000000
2304.000000
4025.000000
2286.000000
4003.000000
2266.000000
3980.000000
2246.000000
3958.000000
2226.000000
3937.000000
2207.000000
3917.000000
2189.000000
3899.000000
11551155
2321.000000
4046.000000
2304.000000
4025.000000
2286.000000
4003.000000
2266.000000
3980.000000
2246.000000
3958.000000
2226.000000
3937.000000
2207.000000
3917.000000
2189.000000
3899.000000
11551155
2339.000000
4062.000000
2323.000000
4041.000000
2305.000000
4019.000000
2285.000000
3997.000000
2265.000000
3974.000000
2244.000000
3952.000000
2223.000000
3931.000000
2203.000000
3912.000000
11551155
2339.000000
4062.000000
2323.000000
4041.000000
2305.000000
4019.000000
2285.000000
3997.000000
2265.000000
3974.000000
2244.000000
3952.000000
2223.000000
3931.000000
2203.000000
3912.000000
11551155
2339.000000
4062.000000
2323.000000
4041.000000
2305.000000
4019.000000
2285.000000
3997.000000
2265.000000
3974.000000
2244.000000
3952.000000
2223.000000
3931.000000
2203.000000
3912.000000
11551155
2339.000000
4066.000000
2326.000000
4048.000000
2310.000000
4028.000000
2293.000000
4007.000000
2274.000000
3985.000000
2254.000000
3963.000000
2234.000000
3941.000000
2214.000000
3920.000000
11551155
2339.000000
4066.000000
2326.000000
4048.000000
2310.000000
4028.000000
2293.000000
4007.000000
2274.000000
3985.000000
2254.000000
3963.000000
2234.000000
3941.000000
2214.000000
3920.000000
11551155
2339.000000
4066.000000
2326.000000
4048.000000
2310.000000
4028.000000
2293.000000
4007.000000
2274.000000
3985.000000
2254.000000
3963.000000
2234.000000
3941.000000
2214.000000
3920.000000
11551155
2339.000000
4062.000000
2324.000000
4042.000000
2308.000000
4021.000000
2289.000000
3998.000000
2269.000000
3975.000000
2249.000000
3952.000000
2228.000000
3930.000000
2208.000000
3910.000000
11551155
2339.000000
4062.000000
2324.000000
4042.000000
2308.000000
4021.000000
2289.000000
3998.000000
2269.000000
3975.000000
2249.000000
3952.000000
2228.000000
3930.000000
2208.000000
3910.000000
11551155
2339.000000
4062.000000
2324.000000
4042.000000
2308.000000
4021.000000
2289.000000
3998.000000
2269.000000
3975.000000
2249.000000
3952.000000
2228.000000
3930.000000
2208.000000
3910.000000
11551155
2339.000000
4062.000000
2324.000000
4042.000000
2308.000000
4021.000000
2289.000000
3998.000000
2269.000000
3975.000000
2249.000000
3952.000000
2228.000000
3930.000000
2208.000000
3910.000000
11551155
2362.000000
4082.000000
2347.000000
4060.000000
2329.000000
4037.000000
2309.000000
4013.000000
2288.000000
3989.000000
2266.000000
3964.000000
2244.000000
3941.000000
2222.000000
3919.000000
11551155
2362.000000
4082.000000
2347.000000
4060.000000
2329.000000
4037.000000
2309.000000
4013.000000
2288.000000
3989.000000
2266.000000
3964.000000
2244.000000
3941.000000
2222.000000
3919.000000
11551155
2362.000000
4082.000000
2347.000000
4060.000000
2329.000000
4037.000000
2309.000000
4013.000000
2288.000000
3989.000000
2266.000000
3964.000000
2244.000000
3941.000000
2222.000000
3919.000000
11551155
2374.000000
4096.000000
2360.000000
4076.000000
2343.000000
4053.000000
2324.000000
4030.000000
2304.000000
4005.000000
2283.000000
3981.000000
2261.000000
3958.000000
2239.000000
3936.000000
11551155
2374.000000
4096.000000
2360.000000
4076.000000
2343.000000
4053.000000
2324.000000
4030.000000
2304.000000
4005.000000
2283.000000
3981.000000
2261.000000
3958.000000
2239.000000
3936.000000
11551155
2374.000000
4096.000000
2360.000000
4076.000000
2343.000000
4053.000000
2324.000000
4030.000000
2304.000000
4005.000000
2283.000000
3981.000000
2261.000000
3958.000000
2239.000000
3936.000000
11551155
2407.000000
4128.000000
2391.000000
4106.000000
2372.000000
4082.000000
2351.000000
4056.000000
2328.000000
4030.000000
2305.000000
4004.000000
2281.000000
3979.000000
2258.000000
3955.000000
11551155
2407.000000
4128.000000
2391.000000
4106.000000
2372.000000
4082.000000
2351.000000
4056.000000
2328.000000
4030.000000
2305.000000
4004.000000
2281.000000
3979.000000
2258.000000
3955.000000
11551155
2407.000000
4128.000000
2391.000000
4106.000000
2372.000000
4082.000000
2351.000000
4056.000000
2328.000000
4030.000000
2305.000000
4004.000000
2281.000000
3979.000000
2258.000000
3955.000000
11551155
2411.000000
4134.000000
2395.000000
4112.000000
2376.000000
4088.000000
2355.000000
4062.000000
2332.000000
4036.000000
2308.000000
4010.000000
2284.000000
3984.000000
2260.000000
3960.000000
11551155
2411.000000
4134.000000
2395.000000
4112.000000
2376.000000
4088.000000
2355.000000
4062.000000
2332.000000
4036.000000
2308.000000
4010.000000
2284.000000
3984.000000
2260.000000
3960.000000
11551155
2411.000000
4134.000000
2395.000000
4112.000000
2376.000000
4088.000000
2355.000000
4062.000000
2332.000000
4036.000000
2308.000000
4010.000000
2284.000000
3984.000000
2260.000000
3960.000000
11551155
2371.000000
4094.000000
2355.000000
4072.000000
2336.000000
4049.000000
2316.000000
4024.000000
2294.000000
3999.000000
2272.000000
3975.000000
2250.000000
3951.000000
2229.000000
3929.000000
11551155
2371.000000
4094.000000
2355.000000
4072.000000
2336.000000
4049.000000
2316.000000
4024.000000
2294.000000
3999.000000
2272.000000
3975.000000
2250.000000
3951.000000
2229.000000
3929.000000
11551155
2371.000000
4094.000000
2355.000000
4072.000000
2336.000000
4049.000000
2316.000000
4024.000000
2294.000000
3999.000000
2272.000000
3975.000000
2250.000000
3951.000000
2229.000000
3929.000000
11551155
2356.000000
4077.000000
2340.000000
4055.000000
2321.000000
4031.000000
2301.000000
4007.000000
2279.000000
3982.000000
2256.000000
3957.000000
2233.000000
3933.000000
2211.000000
3911.000000
11551155
2356.000000
4077.000000
2340.000000
4055.000000
2321.000000
4031.000000
2301.000000
4007.000000
2279.000000
3982.000000
2256.000000
3957.000000
2233.000000
3933.000000
2211.000000
3911.000000
11551155
2356.000000
4077.000000
2340.000000
4055.000000
2321.000000
4031.000000
2301.000000
4007.000000
2279.000000
3982.000000
2256.000000
3957.000000
2233.000000
3933.000000
2211.000000
3911.000000
11551155
2318.000000
4044.000000
2303.000000
4024.000000
2286.000000
4001.000000
2267.000000
3977.000000
2246.000000
3952.000000
2225.000000
3928.000000
2203.000000
3905.000000
2182.000000
3882.000000
11551155
2318.000000
4044.000000
2303.000000
4024.000000
2286.000000
4001.000000
2267.000000
3977.000000
2246.000000
3952.000000
2225.000000
3928.000000
2203.000000
3905.000000
2182.000000
3882.000000
11551155
2318.000000
4044.000000
2303.000000
4024.000000
2286.000000
4001.000000
2267.000000
3977.000000
2246.000000
3952.000000
2225.000000
3928.000000
2203.000000
3905.000000
2182.000000
3882.000000
11551155
2287.000000
4006.000000
2271.000000
3985.000000
2253.000000
3963.000000
2233.000000
3940.000000
2212.000000
3917.000000
2191.000000
3895.000000
2170.000000
3873.000000
2149.000000
3853.000000
11551155
2287.000000
4006.000000
2271.000000
3985.000000
2253.000000
3963.000000
2233.000000
3940.000000
2212.000000
3917.000000
2191.000000
3895.000000
2170.000000
3873.000000
2149.000000
3853.000000
11551155
2287.000000
4006.000000
2271.000000
3985.000000
2253.000000
3963.000000
2233.000000
3940.000000
2212.000000
3917.000000
2191.000000
3895.000000
2170.000000
3873.000000
2149.000000
3853.000000
11551155
2294.000000
4028.000000
2279.000000
4008.000000
2262.000000
3985.000000
2243.000000
3961.000000
2222.000000
3936.000000
2201.000000
3912.000000
2179.000000
3888.000000
2158.000000
3865.000000
11551155
2294.000000
4028.000000
2279.000000
4008.000000
2262.000000
3985.000000
2243.000000
3961.000000
2222.000000
3936.000000
2201.000000
3912.000000
2179.000000
3888.000000
2158.000000
3865.000000
11551155
2294.000000
4028.000000
2279.000000
4008.000000
2262.000000
3985.000000
2243.000000
3961.000000
2222.000000
3936.000000
2201.000000
3912.000000
2179.000000
3888.000000
2158.000000
3865.000000
11551155
2294.000000
4028.000000
2279.000000
4008.000000
2262.000000
3985.000000
2243.000000
3961.000000
2222.000000
3936.000000
2201.000000
3912.000000
2179.000000
3888.000000
2158.000000
3865.000000
11551155
2281.000000
4022.000000
2267.000000
4002.000000
2251.000000
3981.000000
2233.000000
3958.000000
2213.000000
3934.000000
2192.000000
3910.000000
2171.000000
3886.000000
2151.000000
3864.000000
11551155
2281.000000
4022.000000
2267.000000
4002.000000
2251.000000
3981.000000
2233.000000
3958.000000
2213.000000
3934.000000
2192.000000
3910.000000
2171.000000
3886.000000
2151.000000
3864.000000
11551155
2281.000000
4022.000000
2267.000000
4002.000000
2251.000000
3981.000000
2233.000000
3958.000000
2213.000000
3934.000000
2192.000000
3910.000000
2171.000000
3886.000000
2151.000000
3864.000000
11551155
2309.000000
4058.000000
2295.000000
4038.000000
2279.000000
4016.000000
2260.000000
3992.000000
2240.000000
3967.000000
2218.000000
3941.000000
2196.000000
3916.000000
2173.000000
3892.000000
11551155
2309.000000
4058.000000
2295.000000
4038.000000
2279.000000
4016.000000
2260.000000
3992.000000
2240.000000
3967.000000
2218.000000
3941.000000
2196.000000
3916.000000
2173.000000
3892.000000
11551155
2309.000000
4058.000000
2295.000000
4038.000000
2279.000000
4016.000000
2260.000000
3992.000000
2240.000000
3967.000000
2218.000000
3941.000000
2196.000000
3916.000000
2173.000000
3892.000000
11551155
2322.000000
4081.000000
2308.000000
4059.000000
2291.000000
4035.000000
2271.000000
4009.000000
2250.000000
3983.000000
2227.000000
3956.000000
2204.000000
3930.000000
2181.000000
3905.000000
11551155
2322.000000
4081.000000
2308.000000
4059.000000
2291.000000
4035.000000
2271.000000
4009.000000
2250.000000
3983.000000
2227.000000
3956.000000
2204.000000
3930.000000
2181.000000
3905.000000
11551155
2322.000000
4081.000000
2308.000000
4059.000000
2291.000000
4035.000000
2271.000000
4009.000000
2250.000000
3983.000000
2227.000000
3956.000000
2204.000000
3930.000000
2181.000000
3905.000000
11551155
2335.000000
4098.000000
2321.000000
4078.000000
2304.000000
4055.000000
2285.000000
4030.000000
2264.000000
4005.000000
2242.000000
3978.000000
2219.000000
3953.000000
2196.000000
3928.000000
11551155
2335.000000
4098.000000
2321.000000
4078.000000
2304.000000
4055.000000
2285.000000
4030.000000
2264.000000
4005.000000
2242.000000
3978.000000
2219.000000
3953.000000
2196.000000
3928.000000
11551155
2335.000000
4098.000000
2321.000000
4078.000000
2304.000000
4055.000000
2285.000000
4030.000000
2264.000000
4005.000000
2242.000000
3978.000000
2219.000000
3953.000000
2196.000000
3928.000000
11551155
2335.000000
4098.000000
2321.000000
4078.000000
2304.000000
4055.000000
2285.000000
4030.000000
2264.000000
4005.000000
2242.000000
3978.000000
2219.000000
3953.000000
2196.000000
3928.000000
11551155
2359.000000
4124.000000
2343.000000
4102.000000
2324.000000
4077.000000
2303.000000
4050.000000
2280.000000
4023.000000
2256.000000
3995.000000
2231.000000
3968.000000
2183.000000
3943.000000
11551155
2359.000000
4124.000000
2343.000000
4102.000000
2324.000000
4077.000000
2303.000000
4050.000000
2280.000000
4023.000000
2256.000000
3995.000000
2231.000000
3968.000000
2183.000000
3943.000000
11551155
2359.000000
4124.000000
2343.000000
4102.000000
2324.000000
4077.000000
2303.000000
4050.000000
2280.000000
4023.000000
2256.000000
3995.000000
2231.000000
3968.000000
2183.000000
3943.000000
11551155
2376.000000
4148.000000
2361.000000
4127.000000
2343.000000
4104.000000
2323.000000
4078.000000
2278.000000
4051.000000
2253.000000
4024.000000
2240.000000
3996.000000
2221.000000
3970.000000
11551155
2376.000000
4148.000000
2361.000000
4127.000000
2343.000000
4104.000000
2323.000000
4078.000000
2278.000000
4051.000000
2253.000000
4024.000000
2240.000000
3996.000000
2221.000000
3970.000000
11551155
2376.000000
4148.000000
2361.000000
4127.000000
2343.000000
4104.000000
2323.000000
4078.000000
2278.000000
4051.000000
2253.000000
4024.000000
2240.000000
3996.000000
2221.000000
3970.000000
11551155
2351.000000
4119.000000
2316.000000
4094.000000
2293.000000
4068.000000
2281.000000
4040.000000
2263.000000
4012.000000
2241.000000
3985.000000
2218.000000
3959.000000
2195.000000
3935.000000
11551155
2351.000000
4119.000000
2316.000000
4094.000000
2293.000000
4068.000000
2281.000000
4040.000000
2263.000000
4012.000000
2241.000000
3985.000000
2218.000000
3959.000000
2195.000000
3935.000000
11551155
2351.000000
4119.000000
2316.000000
4094.000000
2293.000000
4068.000000
2281.000000
4040.000000
2263.000000
4012.000000
2241.000000
3985.000000
2218.000000
3959.000000
2195.000000
3935.000000
11551155
2362.000000
4151.000000
2343.000000
4129.000000
2332.000000
4104.000000
2315.000000
4078.000000
2294.000000
4051.000000
2271.000000
4023.000000
2246.000000
3995.000000
2221.000000
3969.000000
11551155
2362.000000
4151.000000
2343.000000
4129.000000
2332.000000
4104.000000
2315.000000
4078.000000
2294.000000
4051.000000
2271.000000
4023.000000
2246.000000
3995.000000
2221.000000
3969.000000
11551155
2362.000000
4151.000000
2343.000000
4129.000000
2332.000000
4104.000000
2315.000000
4078.000000
2294.000000
4051.000000
2271.000000
4023.000000
2246.000000
3995.000000
2221.000000
3969.000000
11551155
2356.000000
4134.000000
2340.000000
4112.000000
2321.000000
4087.000000
2300.000000
4061.000000
2277.000000
4033.000000
2253.000000
4006.000000
2228.000000
3979.000000
2204.000000
3954.000000
11551155
2356.000000
4134.000000
2340.000000
4112.000000
2321.000000
4087.000000
2300.000000
4061.000000
2277.000000
4033.000000
2253.000000
4006.000000
2228.000000
3979.000000
2204.000000
3954.000000
11551155
2356.000000
4134.000000
2340.000000
4112.000000
2321.000000
4087.000000
2300.000000
4061.000000
2277.000000
4033.000000
2253.000000
4006.000000
2228.000000
3979.000000
2204.000000
3954.000000
11551155
2356.000000
4134.000000
2340.000000
4112.000000
2321.000000
4087.000000
2300.000000
4061.000000
2277.000000
4033.000000
2253.000000
4006.000000
2228.000000
3979.000000
2204.000000
3954.000000
11551155
2352.000000
4124.000000
2335.000000
4101.000000
2316.000000
4075.000000
2295.000000
4049.000000
2272.000000
4021.000000
2248.000000
3994.000000
2223.000000
3967.000000
2199.000000
3942.000000
11551155
2352.000000
4124.000000
2335.000000
4101.000000
2316.000000
4075.000000
2295.000000
4049.000000
2272.000000
4021.000000
2248.000000
3994.000000
2223.000000
3967.000000
2199.000000
3942.000000
11551155
2352.000000
4124.000000
2335.000000
4101.000000
2316.000000
4075.000000
2295.000000
4049.000000
2272.000000
4021.000000
2248.000000
3994.000000
2223.000000
3967.000000
2199.000000
3942.000000
11551155
2351.000000
4124.000000
2333.000000
4100.000000
2313.000000
4073.000000
2291.000000
4045.000000
2267.000000
4017.000000
2242.000000
3988.000000
2217.000000
3961.000000
2193.000000
3936.000000
11551155
2351.000000
4124.000000
2333.000000
4100.000000
2313.000000
4073.000000
2291.000000
4045.000000
2267.000000
4017.000000
2242.000000
3988.000000
2217.000000
3961.000000
2193.000000
3936.000000
11551155
2351.000000
4124.000000
2333.000000
4100.000000
2313.000000
4073.000000
2291.000000
4045.000000
2267.000000
4017.000000
2242.000000
3988.000000
2217.000000
3961.000000
2193.000000
3936.000000
11551155
2332.000000
4109.000000
2317.000000
4087.000000
2299.000000
4063.000000
2279.000000
4038.000000
2258.000000
4011.000000
2236.000000
3985.000000
2213.000000
3959.000000
2190.000000
3934.000000
11551155
2332.000000
4109.000000
2317.000000
4087.000000
2299.000000
4063.000000
2279.000000
4038.000000
2258.000000
4011.000000
2236.000000
3985.000000
2213.000000
3959.000000
2190.000000
3934.000000
11551155
2332.000000
4109.000000
2317.000000
4087.000000
2299.000000
4063.000000
2279.000000
4038.000000
2258.000000
4011.000000
2236.000000
3985.000000
2213.000000
3959.000000
2190.000000
3934.000000
11551155
2359.000000
4133.000000
2343.000000
4111.000000
2324.000000
4086.000000
2303.000000
4059.000000
2280.000000
4031.000000
2256.000000
4002.000000
2231.00000

