11551155
2301.000000
4191.000000
2286.000000
4170.000000
2269.000000
4146.000000
2249.000000
4121.000000
2227.000000
4093.000000
2204.000000
4065.000000
2180.000000
4037.000000
2156.000000
4010.000000
11551155
2301.000000
4191.000000
2286.000000
4170.000000
2269.000000
4146.000000
2249.000000
4121.000000
2227.000000
4093.000000
2204.000000
4065.000000
2180.000000
4037.000000
2156.000000
4010.000000
11551155
2325.000000
4219.000000
2314.000000
4201.000000
2300.000000
4181.000000
2284.000000
4157.000000
2265.000000
4132.000000
2244.000000
4106.000000
2221.000000
4078.000000
2197.000000
4051.000000
11551155
2325.000000
4219.000000
2314.000000
4201.000000
2300.000000
4181.000000
2284.000000
4157.000000
2265.000000
4132.000000
2244.000000
4106.000000
2221.000000
4078.000000
2197.000000
4051.000000
11551155
2325.000000
4219.000000
2314.000000
4201.000000
2300.000000
4181.000000
2284.000000
4157.000000
2265.000000
4132.000000
2244.000000
4106.000000
2221.000000
4078.000000
2197.000000
4051.000000
11551155
2340.000000
4227.000000
2328.000000
4209.000000
2313.000000
4187.000000
2295.000000
4162.000000
2275.000000
4136.000000
2253.000000
4109.000000
2230.000000
4081.000000
2206.000000
4053.000000
11551155
2340.000000
4227.000000
2328.000000
4209.000000
2313.000000
4187.000000
2295.000000
4162.000000
2275.000000
4136.000000
2253.000000
4109.000000
2230.000000
4081.000000
2206.000000
4053.000000
11551155
2340.000000
4227.000000
2328.000000
4209.000000
2313.000000
4187.000000
2295.000000
4162.000000
2275.000000
4136.000000
2253.000000
4109.000000
2230.000000
4081.000000
2206.000000
4053.000000
11551155
2348.000000
4235.000000
2337.000000
4219.000000
2323.000000
4199.000000
2307.000000
4177.000000
2288.000000
4152.000000
2267.000000
4126.000000
2244.000000
4098.000000
2220.000000
4070.000000
11551155
2348.000000
4235.000000
2337.000000
4219.000000
2323.000000
4199.000000
2307.000000
4177.000000
2288.000000
4152.000000
2267.000000
4126.000000
2244.000000
4098.000000
2220.000000
4070.000000
11551155
2348.000000
4235.000000
2337.000000
4219.000000
2323.000000
4199.000000
2307.000000
4177.000000
2288.000000
4152.000000
2267.000000
4126.000000
2244.000000
4098.000000
2220.000000
4070.000000
11551155
2335.000000
4206.000000
2321.000000
4186.000000
2304.000000
4163.000000
2285.000000
4137.000000
2264.000000
4110.000000
2241.000000
4082.000000
2217.000000
4055.000000
2193.000000
4027.000000
11551155
2335.000000
4206.000000
2321.000000
4186.000000
2304.000000
4163.000000
2285.000000
4137.000000
2264.000000
4110.000000
2241.000000
4082.000000
2217.000000
4055.000000
2193.000000
4027.000000
11551155
2335.000000
4206.000000
2321.000000
4186.000000
2304.000000
4163.000000
2285.000000
4137.000000
2264.000000
4110.000000
2241.000000
4082.000000
2217.000000
4055.000000
2193.000000
4027.000000
11551155
2330.000000
4190.000000
2315.000000
4167.000000
2297.000000
4142.000000
2277.000000
4115.000000
2255.000000
4087.000000
2231.000000
4058.000000
2207.000000
4030.000000
2182.000000
4002.000000
11551155
2330.000000
4190.000000
2315.000000
4167.000000
2297.000000
4142.000000
2277.000000
4115.000000
2255.000000
4087.000000
2231.000000
4058.000000
2207.000000
4030.000000
2182.000000
4002.000000
11551155
2330.000000
4190.000000
2315.000000
4167.000000
2297.000000
4142.000000
2277.000000
4115.000000
2255.000000
4087.000000
2231.000000
4058.000000
2207.000000
4030.000000
2182.000000
4002.000000
11551155
2326.000000
4185.000000
2312.000000
4164.000000
2296.000000
4141.000000
2277.000000
4115.000000
2255.000000
4088.000000
2232.000000
4059.000000
2207.000000
4031.000000
2182.000000
4003.000000
11551155
2326.000000
4185.000000
2312.000000
4164.000000
2296.000000
4141.000000
2277.000000
4115.000000
2255.000000
4088.000000
2232.000000
4059.000000
2207.000000
4031.000000
2182.000000
4003.000000
11551155
2326.000000
4185.000000
2312.000000
4164.000000
2296.000000
4141.000000
2277.000000
4115.000000
2255.000000
4088.000000
2232.000000
4059.000000
2207.000000
4031.000000
2182.000000
4003.000000
11551155
2301.000000
4138.000000
2284.000000
4115.000000
2265.000000
4090.000000
2244.000000
4063.000000
2221.000000
4034.000000
2196.000000
4006.000000
2171.000000
3978.000000
2146.000000
3952.000000
11551155
2301.000000
4138.000000
2284.000000
4115.000000
2265.000000
4090.000000
2244.000000
4063.000000
2221.000000
4034.000000
2196.000000
4006.000000
2171.000000
3978.000000
2146.000000
3952.000000
11551155
2301.000000
4138.000000
2284.000000
4115.000000
2265.000000
4090.000000
2244.000000
4063.000000
2221.000000
4034.000000
2196.000000
4006.000000
2171.000000
3978.000000
2146.000000
3952.000000
11551155
2284.000000
4110.000000
2266.000000
4085.000000
2245.000000
4058.000000
2222.000000
4030.000000
2198.000000
4001.000000
2174.000000
3973.000000
2149.000000
3946.000000
2125.000000
3921.000000
11551155
2284.000000
4110.000000
2266.000000
4085.000000
2245.000000
4058.000000
2222.000000
4030.000000
2198.000000
4001.000000
2174.000000
3973.000000
2149.000000
3946.000000
2125.000000
3921.000000
11551155
2284.000000
4110.000000
2266.000000
4085.000000
2245.000000
4058.000000
2222.000000
4030.000000
2198.000000
4001.000000
2174.000000
3973.000000
2149.000000
3946.000000
2125.000000
3921.000000
11551155
2289.000000
4102.000000
2271.000000
4078.000000
2251.000000
4052.000000
2229.000000
4024.000000
2205.000000
3997.000000
2181.000000
3970.000000
2156.000000
3944.000000
2132.000000
3920.000000
11551155
2289.000000
4102.000000
2271.000000
4078.000000
2251.000000
4052.000000
2229.000000
4024.000000
2205.000000
3997.000000
2181.000000
3970.000000
2156.000000
3944.000000
2132.000000
3920.000000
11551155
2289.000000
4102.000000
2271.000000
4078.000000
2251.000000
4052.000000
2229.000000
4024.000000
2205.000000
3997.000000
2181.000000
3970.000000
2156.000000
3944.000000
2132.000000
3920.000000
11551155
2307.000000
4118.000000
2289.000000
4094.000000
2268.000000
4067.000000
2245.000000
4040.000000
2221.000000
4011.000000
2196.000000
3982.000000
2171.000000
3954.000000
2146.000000
3928.000000
11551155
2307.000000
4118.000000
2289.000000
4094.000000
2268.000000
4067.000000
2245.000000
4040.000000
2221.000000
4011.000000
2196.000000
3982.000000
2171.000000
3954.000000
2146.000000
3928.000000
11551155
2307.000000
4118.000000
2289.000000
4094.000000
2268.000000
4067.000000
2245.000000
4040.000000
2221.000000
4011.000000
2196.000000
3982.000000
2171.000000
3954.000000
2146.000000
3928.000000
11551155
2324.000000
4138.000000
2310.000000
4117.000000
2293.000000
4093.000000
2273.000000
4066.000000
2250.000000
4038.000000
2226.000000
4010.000000
2201.000000
3981.000000
2176.000000
3953.000000
11551155
2324.000000
4138.000000
2310.000000
4117.000000
2293.000000
4093.000000
2273.000000
4066.000000
2250.000000
4038.000000
2226.000000
4010.000000
2201.000000
3981.000000
2176.000000
3953.000000
11551155
2324.000000
4138.000000
2310.000000
4117.000000
2293.000000
4093.000000
2273.000000
4066.000000
2250.000000
4038.000000
2226.000000
4010.000000
2201.000000
3981.000000
2176.000000
3953.000000
11551155
2327.000000
4138.000000
2312.000000
4117.000000
2295.000000
4094.000000
2275.000000
4068.000000
2253.000000
4041.000000
2230.000000
4013.000000
2206.000000
3985.000000
2181.000000
3958.000000
11551155
2327.000000
4138.000000
2312.000000
4117.000000
2295.000000
4094.000000
2275.000000
4068.000000
2253.000000
4041.000000
2230.000000
4013.000000
2206.000000
3985.000000
2181.000000
3958.000000
11551155
2327.000000
4138.000000
2312.000000
4117.000000
2295.000000
4094.000000
2275.000000
4068.000000
2253.000000
4041.000000
2230.000000
4013.000000
2206.000000
3985.000000
2181.000000
3958.000000
11551155
2345.000000
4151.000000
2331.000000
4130.000000
2315.000000
4107.000000
2296.000000
4081.000000
2274.000000
4054.000000
2250.000000
4025.000000
2225.000000
3997.000000
2200.000000
3969.000000
11551155
2345.000000
4151.000000
2331.000000
4130.000000
2315.000000
4107.000000
2296.000000
4081.000000
2274.000000
4054.000000
2250.000000
4025.000000
2225.000000
3997.000000
2200.000000
3969.000000
11551155
2345.000000
4151.000000
2331.000000
4130.000000
2315.000000
4107.000000
2296.000000
4081.000000
2274.000000
4054.000000
2250.000000
4025.000000
2225.000000
3997.000000
2200.000000
3969.000000
11551155
2338.000000
4126.000000
2322.000000
4103.000000
2303.000000
4079.000000
2281.000000
4052.000000
2258.000000
4024.000000
2233.000000
3996.000000
2208.000000
3968.000000
2182.000000
3941.000000
11551155
2338.000000
4126.000000
2322.000000
4103.000000
2303.000000
4079.000000
2281.000000
4052.000000
2258.000000
4024.000000
2233.000000
3996.000000
2208.000000
3968.000000
2182.000000
3941.000000
11551155
2338.000000
4126.000000
2322.000000
4103.000000
2303.000000
4079.000000
2281.000000
4052.000000
2258.000000
4024.000000
2233.000000
3996.000000
2208.000000
3968.000000
2182.000000
3941.000000
11551155
2329.000000
4112.000000
2312.000000
4090.000000
2293.000000
4065.000000
2271.000000
4039.000000
2248.000000
4012.000000
2224.000000
3985.000000
2200.000000
3958.000000
2176.000000
3933.000000
11551155
2329.000000
4112.000000
2312.000000
4090.000000
2293.000000
4065.000000
2271.000000
4039.000000
2248.000000
4012.000000
2224.000000
3985.000000
2200.000000
3958.000000
2176.000000
3933.000000
11551155
2329.000000
4112.000000
2312.000000
4090.000000
2293.000000
4065.000000
2271.000000
4039.000000
2248.000000
4012.000000
2224.000000
3985.000000
2200.000000
3958.000000
2176.000000
3933.000000
11551155
2317.000000
4086.000000
2298.000000
4061.000000
2277.000000
4035.000000
2254.000000
4007.000000
2229.000000
3979.000000
2204.000000
3952.000000
2179.000000
3925.000000
2155.000000
3901.000000
11551155
2317.000000
4086.000000
2298.000000
4061.000000
2277.000000
4035.000000
2254.000000
4007.000000
2229.000000
3979.000000
2204.000000
3952.000000
2179.000000
3925.000000
2155.000000
3901.000000
11551155
2317.000000
4086.000000
2298.000000
4061.000000
2277.000000
4035.000000
2254.000000
4007.000000
2229.000000
3979.000000
2204.000000
3952.000000
2179.000000
3925.000000
2155.000000
3901.000000
11551155
2289.000000
4052.000000
2250.000000
4027.000000
2226.000000
4000.000000
2213.000000
3972.000000
2194.000000
3944.000000
2172.000000
3917.000000
2149.000000
3891.000000
2127.000000
3868.000000
11551155
2289.000000
4052.000000
2250.000000
4027.000000
2226.000000
4000.000000
2213.000000
3972.000000
2194.000000
3944.000000
2172.000000
3917.000000
2149.000000
3891.000000
2127.000000
3868.000000
11551155
2289.000000
4052.000000
2250.000000
4027.000000
2226.000000
4000.000000
2213.000000
3972.000000
2194.000000
3944.000000
2172.000000
3917.000000
2149.000000
3891.000000
2127.000000
3868.000000
11551155
2289.000000
4045.000000
2270.000000
4020.000000
2249.000000
3994.000000
2226.000000
3966.000000
2202.000000
3938.000000
2177.000000
3911.000000
2153.000000
3886.000000
2130.000000
3862.000000
11551155
2289.000000
4045.000000
2270.000000
4020.000000
2249.000000
3994.000000
2226.000000
3966.000000
2202.000000
3938.000000
2177.000000
3911.000000
2153.000000
3886.000000
2130.000000
3862.000000
11551155
2289.000000
4045.000000
2270.000000
4020.000000
2249.000000
3994.000000
2226.000000
3966.000000
2202.000000
3938.000000
2177.000000
3911.000000
2153.000000
3886.000000
2130.000000
3862.000000
11551155
2315.000000
4073.000000
2299.000000
4050.000000
2280.000000
4024.000000
2259.000000
3997.000000
2236.000000
3969.000000
2212.000000
3941.000000
2187.000000
3913.000000
2163.000000
3887.000000
11551155
2315.000000
4073.000000
2299.000000
4050.000000
2280.000000
4024.000000
2259.000000
3997.000000
2236.000000
3969.000000
2212.000000
3941.000000
2187.000000
3913.000000
2163.000000
3887.000000
11551155
2315.000000
4073.000000
2299.000000
4050.000000
2280.000000
4024.000000
2259.000000
3997.000000
2236.000000
3969.000000
2212.000000
3941.000000
2187.000000
3913.000000
2163.000000
3887.000000
11551155
2316.000000
4059.000000
2298.000000
4035.000000
2277.000000
4009.000000
2255.000000
3981.000000
2231.000000
3953.000000
2206.000000
3925.000000
2181.000000
3898.000000
2157.000000
3873.000000
11551155
2316.000000
4059.000000
2298.000000
4035.000000
2277.000000
4009.000000
2255.000000
3981.000000
2231.000000
3953.000000
2206.000000
3925.000000
2181.000000
3898.000000
2157.000000
3873.000000
11551155
2316.000000
4059.000000
2298.000000
4035.000000
2277.000000
4009.000000
2255.000000
3981.000000
2231.000000
3953.000000
2206.000000
3925.000000
2181.000000
3898.000000
2157.000000
3873.000000
11551155
2306.000000
4040.000000
2287.000000
4015.000000
2265.000000
3988.000000
2242.000000
3960.000000
2217.000000
3931.000000
2192.000000
3904.000000
2167.000000
3878.000000
2143.000000
3854.000000
11551155
2306.000000
4040.000000
2287.000000
4015.000000
2265.000000
3988.000000
2242.000000
3960.000000
2217.000000
3931.000000
2192.000000
3904.000000
2167.000000
3878.000000
2143.000000
3854.000000
11551155
2306.000000
4040.000000
2287.000000
4015.000000
2265.000000
3988.000000
2242.000000
3960.000000
2217.000000
3931.000000
2192.000000
3904.000000
2167.000000
3878.000000
2143.000000
3854.000000
11551155
2314.000000
4045.000000
2296.000000
4021.000000
2275.000000
3994.000000
2253.000000
3966.000000
2229.000000
3938.000000
2204.000000
3910.000000
2179.000000
3883.000000
2154.000000
3858.000000
11551155
2314.000000
4045.000000
2296.000000
4021.000000
2275.000000
3994.000000
2253.000000
3966.000000
2229.000000
3938.000000
2204.000000
3910.000000
2179.000000
3883.000000
2154.000000
3858.000000
11551155
2314.000000
4045.000000
2296.000000
4021.000000
2275.000000
3994.000000
2253.000000
3966.000000
2229.000000
3938.000000
2204.000000
3910.000000
2179.000000
3883.000000
2154.000000
3858.000000
11551155
2305.000000
4029.000000
2287.000000
4005.000000
2266.000000
3978.000000
2243.000000
3950.000000
2219.000000
3922.000000
2195.000000
3895.000000
2170.000000
3869.000000
2146.000000
3844.000000
11551155
2305.000000
4029.000000
2287.000000
4005.000000
2266.000000
3978.000000
2243.000000
3950.000000
2219.000000
3922.000000
2195.000000
3895.000000
2170.000000
3869.000000
2146.000000
3844.000000
11551155
2305.000000
4029.000000
2287.000000
4005.000000
2266.000000
3978.000000
2243.000000
3950.000000
2219.000000
3922.000000
2195.000000
3895.000000
2170.000000
3869.000000
2146.000000
3844.000000
11551155
2300.000000
4018.000000
2282.000000
3992.000000
2261.000000
3964.000000
2237.000000
3935.000000
2212.000000
3906.000000
2187.000000
3878.000000
2162.000000
3851.000000
2138.000000
3827.000000
11551155
2300.000000
4018.000000
2282.000000
3992.000000
2261.000000
3964.000000
2237.000000
3935.000000
2212.000000
3906.000000
2187.000000
3878.000000
2162.000000
3851.000000
2138.000000
3827.000000
11551155
2300.000000
4018.000000
2282.000000
3992.000000
2261.000000
3964.000000
2237.000000
3935.000000
2212.000000
3906.000000
2187.000000
3878.000000
2162.000000
3851.000000
2138.000000
3827.000000
11551155
2322.000000
4039.000000
2307.000000
4017.000000
2270.000000
3991.000000
2246.000000
3964.000000
2233.000000
3936.000000
2213.000000
3907.000000
2190.000000
3878.000000
2166.000000
3851.000000
11551155
2322.000000
4039.000000
2307.000000
4017.000000
2270.000000
3991.000000
2246.000000
3964.000000
2233.000000
3936.000000
2213.000000
3907.000000
2190.000000
3878.000000
2166.000000
3851.000000
11551155
2322.000000
4039.000000
2307.000000
4017.000000
2270.000000
3991.000000
2246.000000
3964.000000
2233.000000
3936.000000
2213.000000
3907.000000
2190.000000
3878.000000
2166.000000
3851.000000
11551155
2296.000000
4003.000000
2280.000000
3980.000000
2261.000000
3955.000000
2239.000000
3928.000000
2216.000000
3901.000000
2191.000000
3873.000000
2166.000000
3846.000000
2142.000000
3820.000000
11551155
2296.000000
4003.000000
2280.000000
3980.000000
2261.000000
3955.000000
2239.000000
3928.000000
2216.000000
3901.000000
2191.000000
3873.000000
2166.000000
3846.000000
2142.000000
3820.000000
11551155
2296.000000
4003.000000
2280.000000
3980.000000
2261.000000
3955.000000
2239.000000
3928.000000
2216.000000
3901.000000
2191.000000
3873.000000
2166.000000
3846.000000
2142.000000
3820.000000
11551155
2298.000000
4001.000000
2281.000000
3978.000000
2262.000000
3952.000000
2240.000000
3925.000000
2216.000000
3896.000000
2191.000000
3867.000000
2166.000000
3839.000000
2141.000000
3812.000000
11551155
2298.000000
4001.000000
2281.000000
3978.000000
2262.000000
3952.000000
2240.000000
3925.000000
2216.000000
3896.000000
2191.000000
3867.000000
2166.000000
3839.000000
2141.000000
3812.000000
11551155
2298.000000
4001.000000
2281.000000
3978.000000
2262.000000
3952.000000
2240.000000
3925.000000
2216.000000
3896.000000
2191.000000
3867.000000
2166.000000
3839.000000
2141.000000
3812.000000
11551155
2303.000000
3998.000000
2288.000000
3976.000000
2269.000000
3952.000000
2248.000000
3925.000000
2225.000000
3896.000000
2200.000000
3868.000000
2174.000000
3839.000000
2148.000000
3812.000000
11551155
2303.000000
3998.000000
2288.000000
3976.000000
2269.000000
3952.000000
2248.000000
3925.000000
2225.000000
3896.000000
2200.000000
3868.000000
2174.000000
3839.000000
2148.000000
3812.000000
11551155
2303.000000
3998.000000
2288.000000
3976.000000
2269.000000
3952.000000
2248.000000
3925.000000
2225.000000
3896.000000
2200.000000
3868.000000
2174.000000
3839.000000
2148.000000
3812.000000
11551155
2288.000000
3978.000000
2273.000000
3956.000000
2255.000000
3932.000000
2234.000000
3906.000000
2211.000000
3878.000000
2187.000000
3851.000000
2162.000000
3824.000000
2137.000000
3798.000000
11551155
2288.000000
3978.000000
2273.000000
3956.000000
2255.000000
3932.000000
2234.000000
3906.000000
2211.000000
3878.000000
2187.000000
3851.000000
2162.000000
3824.000000
2137.000000
3798.000000
11551155
2288.000000
3978.000000
2273.000000
3956.000000
2255.000000
3932.000000
2234.000000
3906.000000
2211.000000
3878.000000
2187.000000
3851.000000
2162.000000
3824.000000
2137.000000
3798.000000
11551155
2298.000000
3982.000000
2281.000000
3959.000000
2261.000000
3933.000000
2239.000000
3905.000000
2215.000000
3876.000000
2189.000000
3847.000000
2163.000000
3819.000000
2137.000000
3792.000000
11551155
2298.000000
3982.000000
2281.000000
3959.000000
2261.000000
3933.000000
2239.000000
3905.000000
2215.000000
3876.000000
2189.000000
3847.000000
2163.000000
3819.000000
2137.000000
3792.000000
11551155
2298.000000
3982.000000
2281.000000
3959.000000
2261.000000
3933.000000
2239.000000
3905.000000
2215.000000
3876.000000
2189.000000
3847.000000
2163.000000
3819.000000
2137.000000
3792.000000
11551155
2277.000000
3950.000000
2258.000000
3924.000000
2236.000000
3897.000000
2212.000000
3868.000000
2186.000000
3839.000000
2160.000000
3811.000000
2134.000000
3783.000000
2108.000000
3758.000000
11551155
2277.000000
3950.000000
2258.000000
3924.000000
2236.000000
3897.000000
2212.000000
3868.000000
2186.000000
3839.000000
2160.000000
3811.000000
2134.000000
3783.000000
2108.000000
3758.000000
11551155
2277.000000
3950.000000
2258.000000
3924.000000
2236.000000
3897.000000
2212.000000
3868.000000
2186.000000
3839.000000
2160.000000
3811.000000
2134.000000
3783.000000
2108.000000
3758.000000
11551155
2277.000000
3951.000000
2260.000000
3927.000000
2241.000000
3901.000000
2219.000000
3874.000000
2196.000000
3846.000000
2172.000000
3818.000000
2147.000000
3791.000000
2123.000000
3766.000000
11551155
2277.000000
3951.000000
2260.000000
3927.000000
2241.000000
3901.000000
2219.000000
3874.000000
2196.000000
3846.000000
2172.000000
3818.000000
2147.000000
3791.000000
2123.000000
3766.000000
11551155
2277.000000
3951.000000
2260.000000
3927.000000
2241.000000
3901.000000
2219.000000
3874.000000
2196.000000
3846.000000
2172.000000
3818.000000
2147.000000
3791.000000
2123.000000
3766.000000
11551155
2285.000000
3952.000000
2266.000000
3927.000000
2245.000000
3900.000000
2221.000000
3871.000000
2196.000000
3842.000000
2170.000000
3813.000000
2144.000000
3785.000000
2119.000000
3759.000000
11551155
2285.000000
3952.000000
2266.000000
3927.000000
2245.000000
3900.000000
2221.000000
3871.000000
2196.000000
3842.000000
2170.000000
3813.000000
2144.000000
3785.000000
2119.000000
3759.000000
11551155
2285.000000
3952.000000
2266.000000
3927.000000
2245.000000
3900.000000
2221.000000
3871.000000
2196.000000
3842.000000
2170.000000
3813.000000
2144.000000
3785.000000
2119.000000
3759.000000
11551155
2279.000000
3939.000000
2260.000000
3914.000000
2239.000000
3886.000000
2215.000000
3858.000000
2190.000000
3828.000000
2164.000000
3799.000000
2138.000000
3771.000000
2112.000000
3745.000000
11551155
2279.000000
3939.000000
2260.000000
3914.000000
2239.000000
3886.000000
2215.000000
3858.000000
2190.000000
3828.000000
2164.000000
3799.000000
2138.000000
3771.000000
2112.000000
3745.000000
11551155
2279.000000
3939.000000
2260.000000
3914.000000
2239.000000
3886.000000
2215.000000
3858.000000
2190.000000
3828.000000
2164.000000
3799.000000
2138.000000
3771.000000
2112.000000
3745.000000
11551155
2278.000000
3939.000000
2261.000000
3916.000000
2241.000000
3891.000000
2219.000000
3863.000000
2195.000000
3836.000000
2170.000000
3808.000000
2145.000000
3781.000000
2120.000000
3755.000000
11551155
2278.000000
3939.000000
2261.000000
3916.000000
2241.000000
3891.000000
2219.000000
3863.000000
2195.000000
3836.000000
2170.000000
3808.000000
2145.000000
3781.000000
2120.000000
3755.000000
11551155
2278.000000
3939.000000
2261.000000
3916.000000
2241.000000
3891.000000
2219.000000
3863.000000
2195.000000
3836.000000
2170.000000
3808.000000
2145.000000
3781.000000
2120.000000
3755.000000
11551155
2285.000000
3940.000000
2267.000000
3915.000000
2246.000000
3888.000000
2222.000000
3860.000000
2197.000000
3830.000000
2171.000000
3802.000000
2145.000000
3774.000000
2120.000000
3748.000000
11551155
2285.000000
3940.000000
2267.000000
3915.000000
2246.000000
3888.000000
2222.000000
3860.000000
2197.000000
3830.000000
2171.000000
3802.000000
2145.000000
3774.000000
2120.000000
3748.000000
11551155
2285.000000
3940.000000
2267.000000
3915.000000
2246.000000
3888.000000
2222.000000
3860.000000
2197.000000
3830.000000
2171.000000
3802.000000
2145.000000
3774.000000
2120.000000
3748.000000
11551155
2298.000000
3953.000000
2280.000000
3929.000000
2260.000000
3903.000000
2237.000000
3875.000000
2213.000000
3845.000000
2187.000000
3816.000000
2161.000000
3787.000000
2135.000000
3760.000000
11551155
2298.000000
3953.000000
2280.000000
3929.000000
2260.000000
3903.000000
2237.000000
3875.000000
2213.000000
3845.000000
2187.000000
3816.000000
2161.000000
3787.000000
2135.000000
3760.000000
11551155
2298.000000
3953.000000
2280.000000
3929.000000
2260.000000
3903.000000
2237.000000
3875.000000
2213.000000
3845.000000
2187.000000
3816.000000
2161.000000
3787.000000
2135.000000
3760.000000
11551155
2293.000000
3947.000000
2276.000000
3923.000000
2256.000000
3897.000000
2234.000000
3870.000000
2210.000000
3841.000000
2185.000000
3813.000000
2160.000000
3785.000000
2135.000000
3758.000000
11551155
2293.000000
3947.000000
2276.000000
3923.000000
2256.000000
3897.000000
2234.000000
3870.000000
2210.000000
3841.000000
2185.000000
3813.000000
2160.000000
3785.000000
2135.000000
3758.000000
11551155
2293.000000
3947.000000
2276.000000
3923.000000
2256.000000
3897.000000
2234.000000
3870.000000
2210.000000
3841.000000
2185.000000
3813.000000
2160.000000
3785.000000
2135.000000
3758.000000
11551155
2315.000000
3972.000000
2299.000000
3950.000000
2281.000000
3925.000000
2260.000000
3898.000000
2236.000000
3869.000000
2211.000000
3840.000000
2185.000000
3811.000000
2159.000000
3783.000000
11551155
2315.000000
3972.000000
2299.000000
3950.000000
2281.000000
3925.000000
2260.000000
3898.000000
2236.000000
3869.000000
2211.000000
3840.000000
2185.000000
3811.000000
2159.000000
3783.000000
11551155
2315.000000
3972.000000
2299.000000
3950.000000
2281.000000
3925.000000
2260.000000
3898.000000
2236.000000
3869.000000
2211.000000
3840.000000
2185.000000
3811.000000
2159.000000
3783.000000
11551155
2310.000000
3959.000000
2293.000000
3936.000000
2274.000000
3910.000000
2252.000000
3883.000000
2228.000000
3854.000000
2202.000000
3825.000000
2176.000000
3797.000000
2150.000000
3770.000000
11551155
2310.000000
3959.000000
2293.000000
3936.000000
2274.000000
3910.000000
2252.000000
3883.000000
2228.000000
3854.000000
2202.000000
3825.000000
2176.000000
3797.000000
2150.000000
3770.000000
11551155
2310.000000
3959.000000
2293.000000
3936.000000
2274.000000
3910.000000
2252.000000
3883.000000
2228.000000
3854.000000
2202.000000
3825.000000
2176.000000
3797.000000
2150.000000
3770.000000
11551155
2300.000000
3942.000000
2283.000000
3918.000000
2263.000000
3893.000000
2241.000000
3865.000000
2217.000000
3838.000000
2191.000000
3810.000000
2165.000000
3783.000000
2140.000000
3758.000000
11551155
2300.000000
3942.000000
2283.000000
3918.000000
2263.000000
3893.000000
2241.000000
3865.000000
2217.000000
3838.000000
2191.000000
3810.000000
2165.000000
3783.000000
2140.000000
3758.000000
11551155
2300.000000
3942.000000
2283.000000
3918.000000
2263.000000
3893.000000
2241.000000
3865.000000
2217.000000
3838.000000
2191.000000
3810.000000
2165.000000
3783.000000
2140.000000
3758.000000
11551155
2291.000000
3930.000000
2272.000000
3905.000000
2250.000000
3878.000000
2226.000000
3849.000000
2201.000000
3821.000000
2175.000000
3793.000000
2149.000000
3766.000000
2123.000000
3741.000000
11551155
2291.000000
3930.000000
2272.000000
3905.000000
2250.000000
3878.000000
2226.000000
3849.000000
2201.000000
3821.000000
2175.000000
3793.000000
2149.000000
3766.000000
2123.000000
3741.000000
11551155
2291.000000
3930.000000
2272.000000
3905.000000
2250.000000
3878.000000
2226.000000
3849.000000
2201.000000
3821.000000
2175.000000
3793.000000
2149.000000
3766.000000
2123.000000
3741.000000
11551155
2264.000000
3907.000000
2247.000000
3883.000000
2227.000000
3858.000000
2204.000000
3830.000000
2180.000000
3803.000000
2155.000000
3775.000000
2129.000000
3748.000000
2104.000000
3723.000000
11551155
2264.000000
3907.000000
2247.000000
3883.000000
2227.000000
3858.000000
2204.000000
3830.000000
2180.000000
3803.000000
2155.000000
3775.000000
2129.000000
3748.000000
2104.000000
3723.000000
11551155
2264.000000
3907.000000
2247.000000
3883.000000
2227.000000
3858.000000
2204.000000
3830.000000
2180.000000
3803.000000
2155.000000
3775.000000
2129.000000
3748.000000
2104.000000
3723.000000
11551155
2206.000000
3850.000000
2170.000000
3826.000000
2148.000000
3800.000000
2136.000000
3774.000000
2118.000000
3747.000000
2098.000000
3721.000000
2076.000000
3697.000000
2055.000000
3674.000000
11551155
2206.000000
3850.000000
2170.000000
3826.000000
2148.000000
3800.000000
2136.000000
3774.000000
2118.000000
3747.000000
2098.000000
3721.000000
2076.000000
3697.000000
2055.000000
3674.000000
11551155
2206.000000
3850.000000
2170.000000
3826.000000
2148.000000
3800.000000
2136.000000
3774.000000
2118.000000
3747.000000
2098.000000
3721.000000
2076.000000
3697.000000
2055.000000
3674.000000
11551155
2225.000000
3872.000000
2209.000000
3851.000000
2191.000000
3827.000000
2171.000000
3801.000000
2149.000000
3774.000000
2125.000000
3747.000000
2077.000000
3720.000000
2053.000000
3695.000000
11551155
2225.000000
3872.000000
2209.000000
3851.000000
2191.000000
3827.000000
2171.000000
3801.000000
2149.000000
3774.000000
2125.000000
3747.000000
2077.000000
3720.000000
2053.000000
3695.000000
11551155
2225.000000
3872.000000
2209.000000
3851.000000
2191.000000
3827.000000
2171.000000
3801.000000
2149.000000
3774.000000
2125.000000
3747.000000
2077.000000
3720.000000
2053.000000
3695.000000
11551155
2237.000000
3892.000000
2223.000000
3872.000000
2206.000000
3849.000000
2186.000000
3823.000000
2164.000000
3796.000000
2141.000000
3768.000000
2116.000000
3740.000000
2067.000000
3713.000000
11551155
2237.000000
3892.000000
2223.000000
3872.000000
2206.000000
3849.000000
2186.000000
3823.000000
2164.000000
3796.000000
2141.000000
3768.000000
2116.000000
3740.000000
2067.000000
3713.000000
11551155
2237.000000
3892.000000
2223.000000
3872.000000
2206.000000
3849.000000
2186.000000
3823.000000
2164.000000
3796.000000
2141.000000
3768.000000
2116.000000
3740.000000
2067.000000
3713.000000
11551155
2216.000000
3863.000000
2199.000000
3840.000000
2180.000000
3815.000000
2159.000000
3789.000000
2136.000000
3762.000000
2112.000000
3735.000000
2088.000000
3709.000000
2064.000000
3685.000000
11551155
2216.000000
3863.000000
2199.000000
3840.000000
2180.000000
3815.000000
2159.000000
3789.000000
2136.000000
3762.000000
2112.000000
3735.000000
2088.000000
3709.000000
2064.000000
3685.000000
11551155
2216.000000
3863.000000
2199.000000
3840.000000
2180.000000
3815.000000
2159.000000
3789.000000
2136.000000
3762.000000
2112.000000
3735.000000
2088.000000
3709.000000
2064.000000
3685.000000
11551155
2264.000000
3921.000000
2250.000000
3902.000000
2234.000000
3879.000000
2215.000000
3854.000000
2194.000000
3827.000000
2170.000000
3798.000000
2146.000000
3770.000000
2121.000000
3741.000000
11551155
2264.000000
3921.000000
2250.000000
3902.000000
2234.000000
3879.000000
2215.000000
3854.000000
2194.000000
3827.000000
2170.000000
3798.000000
2146.000000
3770.000000
2121.000000
3741.000000
11551155
2264.000000
3921.000000
2250.000000
3902.000000
2234.000000
3879.000000
2215.000000
3854.000000
2194.000000
3827.000000
2170.000000
3798.000000
2146.000000
3770.000000
2121.000000
3741.000000
11551155
2264.000000
3921.000000
2250.000000
3902.000000
2234.000000
3879.000000
2215.000000
3854.000000
2194.000000
3827.000000
2170.000000
3798.000000
2146.000000
3770.000000
2121.000000
3741.000000
11551155
2298.000000
3955.000000
2285.000000
3936.000000
2269.000000
3914.000000
2250.000000
3889.000000
2228.000000
3862.000000
2204.000000
3833.000000
2179.000000
3804.000000
2127.000000
3776.000000
11551155
2298.000000
3955.000000
2285.000000
3936.000000
2269.000000
3914.000000
2250.000000
3889.000000
2228.000000
3862.000000
2204.000000
3833.000000
2179.000000
3804.000000
2127.000000
3776.000000
11551155
2298.000000
3955.000000
2285.000000
3936.000000
2269.000000
3914.000000
2250.000000
3889.000000
2228.000000
3862.000000
2204.000000
3833.000000
2179.000000
3804.000000
2127.000000
3776.000000
11551155
2314.000000
3976.000000
2302.000000
3958.000000
2287.000000
3936.000000
2268.000000
3911.000000
2247.000000
3885.000000
2224.000000
3857.000000
2199.000000
3828.000000
2148.000000
3799.000000
11551155
2314.000000
3976.000000
2302.000000
3958.000000
2287.000000
3936.000000
2268.000000
3911.000000
2247.000000
3885.000000
2224.000000
3857.000000
2199.000000
3828.000000
2148.000000
3799.000000
11551155
2314.000000
3976.000000
2302.000000
3958.000000
2287.000000
3936.000000
2268.000000
3911.000000
2247.000000
3885.000000
2224.000000
3857.000000
2199.000000
3828.000000
2148.000000
3799.000000
11551155
2348.000000
4020.000000
2340.000000
4006.000000
2329.000000
3989.000000
2315.000000
3969.000000
2298.000000
3945.000000
2278.000000
3919.000000
2255.000000
3892.000000
2207.000000
3863.000000
11551155
2348.000000
4020.000000
2340.000000
4006.000000
2329.000000
3989.000000
2315.000000
3969.000000
2298.000000
3945.000000
2278.000000
3919.000000
2255.000000
3892.000000
2207.000000
3863.000000
11551155
2348.000000
4020.000000
2340.000000
4006.000000
2329.000000
3989.000000
2315.000000
3969.000000
2298.000000
3945.000000
2278.000000
3919.000000
2255.000000
3892.000000
2207.000000
3863.000000
11551155
2351.000000
4018.000000
2342.000000
4003.000000
2330.000000
3984.000000
2315.000000
3963.000000
2297.000000
3938.000000
2277.000000
3912.000000
2232.000000
3884.000000
2206.000000

