11551155
6293.000000
8878.000000
6278.000000
8858.000000
6257.000000
8830.000000
6228.000000
8797.000000
6192.000000
8758.000000
6150.000000
8714.000000
6102.000000
8667.000000
6049.000000
8618.000000
11551155
6293.000000
8878.000000
6278.000000
8858.000000
6257.000000
8830.000000
6228.000000
8797.000000
6192.000000
8758.000000
6150.000000
8714.000000
6102.000000
8667.000000
6049.000000
8618.000000
11551155
6293.000000
8878.000000
6278.000000
8858.000000
6257.000000
8830.000000
6228.000000
8797.000000
6192.000000
8758.000000
6150.000000
8714.000000
6102.000000
8667.000000
6049.000000
8618.000000
11551155
6342.000000
8929.000000
6326.000000
8908.000000
6304.000000
8880.000000
6274.000000
8846.000000
6237.000000
8806.000000
6194.000000
8762.000000
6145.000000
8714.000000
6091.000000
8664.000000
11551155
6342.000000
8929.000000
6326.000000
8908.000000
6304.000000
8880.000000
6274.000000
8846.000000
6237.000000
8806.000000
6194.000000
8762.000000
6145.000000
8714.000000
6091.000000
8664.000000
11551155
6342.000000
8929.000000
6326.000000
8908.000000
6304.000000
8880.000000
6274.000000
8846.000000
6237.000000
8806.000000
6194.000000
8762.000000
6145.000000
8714.000000
6091.000000
8664.000000
11551155
6358.000000
8948.000000
6340.000000
8924.000000
6316.000000
8893.000000
6284.000000
8856.000000
6245.000000
8814.000000
6200.000000
8768.000000
6149.000000
8720.000000
6094.000000
8670.000000
11551155
6358.000000
8948.000000
6340.000000
8924.000000
6316.000000
8893.000000
6284.000000
8856.000000
6245.000000
8814.000000
6200.000000
8768.000000
6149.000000
8720.000000
6094.000000
8670.000000
11551155
6358.000000
8948.000000
6340.000000
8924.000000
6316.000000
8893.000000
6284.000000
8856.000000
6245.000000
8814.000000
6200.000000
8768.000000
6149.000000
8720.000000
6094.000000
8670.000000
11551155
6399.000000
8991.000000
6384.000000
8970.000000
6362.000000
8942.000000
6333.000000
8908.000000
6296.000000
8867.000000
6253.000000
8822.000000
6203.000000
8772.000000
6148.000000
8721.000000
11551155
6399.000000
8991.000000
6384.000000
8970.000000
6362.000000
8942.000000
6333.000000
8908.000000
6296.000000
8867.000000
6253.000000
8822.000000
6203.000000
8772.000000
6148.000000
8721.000000
11551155
6399.000000
8991.000000
6384.000000
8970.000000
6362.000000
8942.000000
6333.000000
8908.000000
6296.000000
8867.000000
6253.000000
8822.000000
6203.000000
8772.000000
6148.000000
8721.000000
11551155
6418.000000
9012.000000
6401.000000
8988.000000
6377.000000
8956.000000
6345.000000
8919.000000
6306.000000
8876.000000
6259.000000
8828.000000
6207.000000
8777.000000
6150.000000
8725.000000
11551155
6418.000000
9012.000000
6401.000000
8988.000000
6377.000000
8956.000000
6345.000000
8919.000000
6306.000000
8876.000000
6259.000000
8828.000000
6207.000000
8777.000000
6150.000000
8725.000000
11551155
6418.000000
9012.000000
6401.000000
8988.000000
6377.000000
8956.000000
6345.000000
8919.000000
6306.000000
8876.000000
6259.000000
8828.000000
6207.000000
8777.000000
6150.000000
8725.000000
11551155
6394.000000
8976.000000
6365.000000
8942.000000
6328.000000
8902.000000
6284.000000
8856.000000
6233.000000
8806.000000
6177.000000
8754.000000
6118.000000
8702.000000
6057.000000
8651.000000
11551155
6394.000000
8976.000000
6365.000000
8942.000000
6328.000000
8902.000000
6284.000000
8856.000000
6233.000000
8806.000000
6177.000000
8754.000000
6118.000000
8702.000000
6057.000000
8651.000000
11551155
6394.000000
8976.000000
6365.000000
8942.000000
6328.000000
8902.000000
6284.000000
8856.000000
6233.000000
8806.000000
6177.000000
8754.000000
6118.000000
8702.000000
6057.000000
8651.000000
11551155
6443.000000
9022.000000
6421.000000
8994.000000
6391.000000
8959.000000
6354.000000
8917.000000
6309.000000
8870.000000
6257.000000
8819.000000
6200.000000
8766.000000
6139.000000
8712.000000
11551155
6443.000000
9022.000000
6421.000000
8994.000000
6391.000000
8959.000000
6354.000000
8917.000000
6309.000000
8870.000000
6257.000000
8819.000000
6200.000000
8766.000000
6139.000000
8712.000000
11551155
6443.000000
9022.000000
6421.000000
8994.000000
6391.000000
8959.000000
6354.000000
8917.000000
6309.000000
8870.000000
6257.000000
8819.000000
6200.000000
8766.000000
6139.000000
8712.000000
11551155
6448.000000
9025.000000
6422.000000
8993.000000
6388.000000
8954.000000
6347.000000
8909.000000
6298.000000
8860.000000
6243.000000
8808.000000
6184.000000
8754.000000
6122.000000
8700.000000
11551155
6448.000000
9025.000000
6422.000000
8993.000000
6388.000000
8954.000000
6347.000000
8909.000000
6298.000000
8860.000000
6243.000000
8808.000000
6184.000000
8754.000000
6122.000000
8700.000000
11551155
6448.000000
9025.000000
6422.000000
8993.000000
6388.000000
8954.000000
6347.000000
8909.000000
6298.000000
8860.000000
6243.000000
8808.000000
6184.000000
8754.000000
6122.000000
8700.000000
11551155
6430.000000
8999.000000
6398.000000
8961.000000
6358.000000
8918.000000
6311.000000
8869.000000
6257.000000
8817.000000
6198.000000
8763.000000
6135.000000
8708.000000
6071.000000
8656.000000
11551155
6430.000000
8999.000000
6398.000000
8961.000000
6358.000000
8918.000000
6311.000000
8869.000000
6257.000000
8817.000000
6198.000000
8763.000000
6135.000000
8708.000000
6071.000000
8656.000000
11551155
6430.000000
8999.000000
6398.000000
8961.000000
6358.000000
8918.000000
6311.000000
8869.000000
6257.000000
8817.000000
6198.000000
8763.000000
6135.000000
8708.000000
6071.000000
8656.000000
11551155
6447.000000
9013.000000
6418.000000
8978.000000
6381.000000
8937.000000
6336.000000
8890.000000
6284.000000
8840.000000
6227.000000
8787.000000
6166.000000
8734.000000
6103.000000
8681.000000
11551155
6447.000000
9013.000000
6418.000000
8978.000000
6381.000000
8937.000000
6336.000000
8890.000000
6284.000000
8840.000000
6227.000000
8787.000000
6166.000000
8734.000000
6103.000000
8681.000000
11551155
6447.000000
9013.000000
6418.000000
8978.000000
6381.000000
8937.000000
6336.000000
8890.000000
6284.000000
8840.000000
6227.000000
8787.000000
6166.000000
8734.000000
6103.000000
8681.000000
11551155
6414.000000
8974.000000
6378.000000
8933.000000
6334.000000
8887.000000
6283.000000
8837.000000
6226.000000
8784.000000
6165.000000
8731.000000
6102.000000
8678.000000
6039.000000
8629.000000
11551155
6414.000000
8974.000000
6378.000000
8933.000000
6334.000000
8887.000000
6283.000000
8837.000000
6226.000000
8784.000000
6165.000000
8731.000000
6102.000000
8678.000000
6039.000000
8629.000000
11551155
6414.000000
8974.000000
6378.000000
8933.000000
6334.000000
8887.000000
6283.000000
8837.000000
6226.000000
8784.000000
6165.000000
8731.000000
6102.000000
8678.000000
6039.000000
8629.000000
11551155
6380.000000
8946.000000
6343.000000
8904.000000
6299.000000
8857.000000
6247.000000
8805.000000
6190.000000
8750.000000
6129.000000
8695.000000
6066.000000
8642.000000
6003.000000
8591.000000
11551155
6380.000000
8946.000000
6343.000000
8904.000000
6299.000000
8857.000000
6247.000000
8805.000000
6190.000000
8750.000000
6129.000000
8695.000000
6066.000000
8642.000000
6003.000000
8591.000000
11551155
6380.000000
8946.000000
6343.000000
8904.000000
6299.000000
8857.000000
6247.000000
8805.000000
6190.000000
8750.000000
6129.000000
8695.000000
6066.000000
8642.000000
6003.000000
8591.000000
11551155
6347.000000
8922.000000
6314.000000
8883.000000
6273.000000
8838.000000
6225.000000
8789.000000
6170.000000
8736.000000
6111.000000
8682.000000
6049.000000
8629.000000
5987.000000
8578.000000
11551155
6347.000000
8922.000000
6314.000000
8883.000000
6273.000000
8838.000000
6225.000000
8789.000000
6170.000000
8736.000000
6111.000000
8682.000000
6049.000000
8629.000000
5987.000000
8578.000000
11551155
6347.000000
8922.000000
6314.000000
8883.000000
6273.000000
8838.000000
6225.000000
8789.000000
6170.000000
8736.000000
6111.000000
8682.000000
6049.000000
8629.000000
5987.000000
8578.000000
11551155
6341.000000
8918.000000
6311.000000
8882.000000
6273.000000
8840.000000
6183.000000
8792.000000
6124.000000
8740.000000
6092.000000
8686.000000
6044.000000
8632.000000
5988.000000
8579.000000
11551155
6341.000000
8918.000000
6311.000000
8882.000000
6273.000000
8840.000000
6183.000000
8792.000000
6124.000000
8740.000000
6092.000000
8686.000000
6044.000000
8632.000000
5988.000000
8579.000000
11551155
6341.000000
8918.000000
6311.000000
8882.000000
6273.000000
8840.000000
6183.000000
8792.000000
6124.000000
8740.000000
6092.000000
8686.000000
6044.000000
8632.000000
5988.000000
8579.000000
11551155
6361.000000
8938.000000
6336.000000
8907.000000
6304.000000
8869.000000
6264.000000
8825.000000
6217.000000
8776.000000
6163.000000
8724.000000
6105.000000
8670.000000
6043.000000
8617.000000
11551155
6361.000000
8938.000000
6336.000000
8907.000000
6304.000000
8869.000000
6264.000000
8825.000000
6217.000000
8776.000000
6163.000000
8724.000000
6105.000000
8670.000000
6043.000000
8617.000000
11551155
6361.000000
8938.000000
6336.000000
8907.000000
6304.000000
8869.000000
6264.000000
8825.000000
6217.000000
8776.000000
6163.000000
8724.000000
6105.000000
8670.000000
6043.000000
8617.000000
11551155
6358.000000
8922.000000
6329.000000
8886.000000
6291.000000
8844.000000
6246.000000
8796.000000
6193.000000
8744.000000
6135.000000
8689.000000
6073.000000
8634.000000
6009.000000
8581.000000
11551155
6358.000000
8922.000000
6329.000000
8886.000000
6291.000000
8844.000000
6246.000000
8796.000000
6193.000000
8744.000000
6135.000000
8689.000000
6073.000000
8634.000000
6009.000000
8581.000000
11551155
6358.000000
8922.000000
6329.000000
8886.000000
6291.000000
8844.000000
6246.000000
8796.000000
6193.000000
8744.000000
6135.000000
8689.000000
6073.000000
8634.000000
6009.000000
8581.000000
11551155
6325.000000
8884.000000
6290.000000
8843.000000
6247.000000
8797.000000
6197.000000
8747.000000
6141.000000
8693.000000
6080.000000
8638.000000
6017.000000
8584.000000
5954.000000
8533.000000
11551155
6325.000000
8884.000000
6290.000000
8843.000000
6247.000000
8797.000000
6197.000000
8747.000000
6141.000000
8693.000000
6080.000000
8638.000000
6017.000000
8584.000000
5954.000000
8533.000000
11551155
6325.000000
8884.000000
6290.000000
8843.000000
6247.000000
8797.000000
6197.000000
8747.000000
6141.000000
8693.000000
6080.000000
8638.000000
6017.000000
8584.000000
5954.000000
8533.000000
11551155
6326.000000
8873.000000
6287.000000
8830.000000
6240.000000
8780.000000
6186.000000
8727.000000
6126.000000
8671.000000
6062.000000
8614.000000
5997.000000
8559.000000
5932.000000
8507.000000
11551155
6326.000000
8873.000000
6287.000000
8830.000000
6240.000000
8780.000000
6186.000000
8727.000000
6126.000000
8671.000000
6062.000000
8614.000000
5997.000000
8559.000000
5932.000000
8507.000000
11551155
6326.000000
8873.000000
6287.000000
8830.000000
6240.000000
8780.000000
6186.000000
8727.000000
6126.000000
8671.000000
6062.000000
8614.000000
5997.000000
8559.000000
5932.000000
8507.000000
11551155
6329.000000
8869.000000
6289.000000
8824.000000
6242.000000
8774.000000
6187.000000
8720.000000
6127.000000
8663.000000
6063.000000
8606.000000
5998.000000
8551.000000
5933.000000
8499.000000
11551155
6329.000000
8869.000000
6289.000000
8824.000000
6242.000000
8774.000000
6187.000000
8720.000000
6127.000000
8663.000000
6063.000000
8606.000000
5998.000000
8551.000000
5933.000000
8499.000000
11551155
6329.000000
8869.000000
6289.000000
8824.000000
6242.000000
8774.000000
6187.000000
8720.000000
6127.000000
8663.000000
6063.000000
8606.000000
5998.000000
8551.000000
5933.000000
8499.000000
11551155
6280.000000
8821.000000
6240.000000
8777.000000
6193.000000
8728.000000
6139.000000
8675.000000
6080.000000
8620.000000
6018.000000
8565.000000
5955.000000
8513.000000
5893.000000
8463.000000
11551155
6280.000000
8821.000000
6240.000000
8777.000000
6193.000000
8728.000000
6139.000000
8675.000000
6080.000000
8620.000000
6018.000000
8565.000000
5955.000000
8513.000000
5893.000000
8463.000000
11551155
6280.000000
8821.000000
6240.000000
8777.000000
6193.000000
8728.000000
6139.000000
8675.000000
6080.000000
8620.000000
6018.000000
8565.000000
5955.000000
8513.000000
5893.000000
8463.000000
11551155
6306.000000
8836.000000
6234.000000
8795.000000
6182.000000
8748.000000
6152.000000
8696.000000
6105.000000
8642.000000
6049.000000
8587.000000
5987.000000
8532.000000
5924.000000
8480.000000
11551155
6306.000000
8836.000000
6234.000000
8795.000000
6182.000000
8748.000000
6152.000000
8696.000000
6105.000000
8642.000000
6049.000000
8587.000000
5987.000000
8532.000000
5924.000000
8480.000000
11551155
6306.000000
8836.000000
6234.000000
8795.000000
6182.000000
8748.000000
6152.000000
8696.000000
6105.000000
8642.000000
6049.000000
8587.000000
5987.000000
8532.000000
5924.000000
8480.000000
11551155
6352.000000
8892.000000
6329.000000
8862.000000
6298.000000
8825.000000
6259.000000
8780.000000
6212.000000
8731.000000
6158.000000
8677.000000
6098.000000
8620.000000
6034.000000
8563.000000
11551155
6352.000000
8892.000000
6329.000000
8862.000000
6298.000000
8825.000000
6259.000000
8780.000000
6212.000000
8731.000000
6158.000000
8677.000000
6098.000000
8620.000000
6034.000000
8563.000000
11551155
6352.000000
8892.000000
6329.000000
8862.000000
6298.000000
8825.000000
6259.000000
8780.000000
6212.000000
8731.000000
6158.000000
8677.000000
6098.000000
8620.000000
6034.000000
8563.000000
11551155
6331.000000
8855.000000
6303.000000
8820.000000
6267.000000
8779.000000
6223.000000
8731.000000
6171.000000
8679.000000
6113.000000
8623.000000
6050.000000
8567.000000
5985.000000
8511.000000
11551155
6331.000000
8855.000000
6303.000000
8820.000000
6267.000000
8779.000000
6223.000000
8731.000000
6171.000000
8679.000000
6113.000000
8623.000000
6050.000000
8567.000000
5985.000000
8511.000000
11551155
6331.000000
8855.000000
6303.000000
8820.000000
6267.000000
8779.000000
6223.000000
8731.000000
6171.000000
8679.000000
6113.000000
8623.000000
6050.000000
8567.000000
5985.000000
8511.000000
11551155
6324.000000
8844.000000
6292.000000
8806.000000
6252.000000
8761.000000
6204.000000
8711.000000
6149.000000
8656.000000
6089.000000
8599.000000
6025.000000
8542.000000
5959.000000
8486.000000
11551155
6324.000000
8844.000000
6292.000000
8806.000000
6252.000000
8761.000000
6204.000000
8711.000000
6149.000000
8656.000000
6089.000000
8599.000000
6025.000000
8542.000000
5959.000000
8486.000000
11551155
6324.000000
8844.000000
6292.000000
8806.000000
6252.000000
8761.000000
6204.000000
8711.000000
6149.000000
8656.000000
6089.000000
8599.000000
6025.000000
8542.000000
5959.000000
8486.000000
11551155
6343.000000
8849.000000
6310.000000
8810.000000
6269.000000
8764.000000
6220.000000
8712.000000
6163.000000
8656.000000
6101.000000
8598.000000
6035.000000
8540.000000
5967.000000
8483.000000
11551155
6343.000000
8849.000000
6310.000000
8810.000000
6269.000000
8764.000000
6220.000000
8712.000000
6163.000000
8656.000000
6101.000000
8598.000000
6035.000000
8540.000000
5967.000000
8483.000000
11551155
6343.000000
8849.000000
6310.000000
8810.000000
6269.000000
8764.000000
6220.000000
8712.000000
6163.000000
8656.000000
6101.000000
8598.000000
6035.000000
8540.000000
5967.000000
8483.000000
11551155
6300.000000
8795.000000
6260.000000
8751.000000
6213.000000
8701.000000
6158.000000
8647.000000
6097.000000
8591.000000
6032.000000
8534.000000
5966.000000
8478.000000
5899.000000
8425.000000
11551155
6300.000000
8795.000000
6260.000000
8751.000000
6213.000000
8701.000000
6158.000000
8647.000000
6097.000000
8591.000000
6032.000000
8534.000000
5966.000000
8478.000000
5899.000000
8425.000000
11551155
6300.000000
8795.000000
6260.000000
8751.000000
6213.000000
8701.000000
6158.000000
8647.000000
6097.000000
8591.000000
6032.000000
8534.000000
5966.000000
8478.000000
5899.000000
8425.000000
11551155
6371.000000
8857.000000
6341.000000
8820.000000
6303.000000
8777.000000
6256.000000
8727.000000
6202.000000
8673.000000
6142.000000
8616.000000
6078.000000
8558.000000
6011.000000
8501.000000
11551155
6371.000000
8857.000000
6341.000000
8820.000000
6303.000000
8777.000000
6256.000000
8727.000000
6202.000000
8673.000000
6142.000000
8616.000000
6078.000000
8558.000000
6011.000000
8501.000000
11551155
6371.000000
8857.000000
6341.000000
8820.000000
6303.000000
8777.000000
6256.000000
8727.000000
6202.000000
8673.000000
6142.000000
8616.000000
6078.000000
8558.000000
6011.000000
8501.000000
11551155
6404.000000
8889.000000
6378.000000
8857.000000
6344.000000
8818.000000
6302.000000
8772.000000
6251.000000
8721.000000
6194.000000
8665.000000
6131.000000
8607.000000
6064.000000
8549.000000
11551155
6404.000000
8889.000000
6378.000000
8857.000000
6344.000000
8818.000000
6302.000000
8772.000000
6251.000000
8721.000000
6194.000000
8665.000000
6131.000000
8607.000000
6064.000000
8549.000000
11551155
6404.000000
8889.000000
6378.000000
8857.000000
6344.000000
8818.000000
6302.000000
8772.000000
6251.000000
8721.000000
6194.000000
8665.000000
6131.000000
8607.000000
6064.000000
8549.000000
11551155
6374.000000
8849.000000
6347.000000
8812.000000
6309.000000
8768.000000
6262.000000
8719.000000
6208.000000
8664.000000
6147.000000
8608.000000
6082.000000
8550.000000
6014.000000
8494.000000
11551155
6374.000000
8849.000000
6347.000000
8812.000000
6309.000000
8768.000000
6262.000000
8719.000000
6208.000000
8664.000000
6147.000000
8608.000000
6082.000000
8550.000000
6014.000000
8494.000000
11551155
6413.000000
8879.000000
6389.000000
8847.000000
6357.000000
8809.000000
6317.000000
8764.000000
6268.000000
8712.000000
6212.000000
8657.000000
6090.000000
8600.000000
6020.000000
8541.000000
11551155
6413.000000
8879.000000
6389.000000
8847.000000
6357.000000
8809.000000
6317.000000
8764.000000
6268.000000
8712.000000
6212.000000
8657.000000
6090.000000
8600.000000
6020.000000
8541.000000
11551155
6413.000000
8879.000000
6389.000000
8847.000000
6357.000000
8809.000000
6317.000000
8764.000000
6268.000000
8712.000000
6212.000000
8657.000000
6090.000000
8600.000000
6020.000000
8541.000000
11551155
6425.000000
8884.000000
6404.000000
8856.000000
6375.000000
8821.000000
6337.000000
8778.000000
6291.000000
8730.000000
6238.000000
8677.000000
6178.000000
8621.000000
6114.000000
8564.000000
11551155
6425.000000
8884.000000
6404.000000
8856.000000
6375.000000
8821.000000
6337.000000
8778.000000
6291.000000
8730.000000
6238.000000
8677.000000
6178.000000
8621.000000
6114.000000
8564.000000
11551155
6425.000000
8884.000000
6404.000000
8856.000000
6375.000000
8821.000000
6337.000000
8778.000000
6291.000000
8730.000000
6238.000000
8677.000000
6178.000000
8621.000000
6114.000000
8564.000000
11551155
6372.000000
8820.000000
6341.000000
8783.000000
6301.000000
8739.000000
6253.000000
8689.000000
6198.000000
8635.000000
6137.000000
8578.000000
6072.000000
8520.000000
6004.000000
8463.000000
11551155
6372.000000
8820.000000
6341.000000
8783.000000
6301.000000
8739.000000
6253.000000
8689.000000
6198.000000
8635.000000
6137.000000
8578.000000
6072.000000
8520.000000
6004.000000
8463.000000
11551155
6372.000000
8820.000000
6341.000000
8783.000000
6301.000000
8739.000000
6253.000000
8689.000000
6198.000000
8635.000000
6137.000000
8578.000000
6072.000000
8520.000000
6004.000000
8463.000000
11551155
6348.000000
8784.000000
6313.000000
8744.000000
6270.000000
8696.000000
6219.000000
8644.000000
6161.000000
8588.000000
6098.000000
8530.000000
6031.000000
8472.000000
5963.000000
8415.000000
11551155
6348.000000
8784.000000
6313.000000
8744.000000
6270.000000
8696.000000
6219.000000
8644.000000
6161.000000
8588.000000
6098.000000
8530.000000
6031.000000
8472.000000
5963.000000
8415.000000
11551155
6348.000000
8784.000000
6313.000000
8744.000000
6270.000000
8696.000000
6219.000000
8644.000000
6161.000000
8588.000000
6098.000000
8530.000000
6031.000000
8472.000000
5963.000000
8415.000000
11551155
6306.000000
8737.000000
6266.000000
8692.000000
6218.000000
8641.000000
6162.000000
8586.000000
6100.000000
8528.000000
6033.000000
8469.000000
5964.000000
8412.000000
5895.000000
8357.000000
11551155
6306.000000
8737.000000
6266.000000
8692.000000
6218.000000
8641.000000
6162.000000
8586.000000
6100.000000
8528.000000
6033.000000
8469.000000
5964.000000
8412.000000
5895.000000
8357.000000
11551155
6306.000000
8737.000000
6266.000000
8692.000000
6218.000000
8641.000000
6162.000000
8586.000000
6100.000000
8528.000000
6033.000000
8469.000000
5964.000000
8412.000000
5895.000000
8357.000000
11551155
6281.000000
8707.000000
6241.000000
8662.000000
6193.000000
8612.000000
6138.000000
8557.000000
6076.000000
8499.000000
6010.000000
8440.000000
5942.000000
8383.000000
5874.000000
8328.000000
11551155
6281.000000
8707.000000
6241.000000
8662.000000
6193.000000
8612.000000
6138.000000
8557.000000
6076.000000
8499.000000
6010.000000
8440.000000
5942.000000
8383.000000
5874.000000
8328.000000
11551155
6281.000000
8707.000000
6241.000000
8662.000000
6193.000000
8612.000000
6138.000000
8557.000000
6076.000000
8499.000000
6010.000000
8440.000000
5942.000000
8383.000000
5874.000000
8328.000000
11551155
6283.000000
8708.000000
6249.000000
8667.000000
6206.000000
8619.000000
6155.000000
8566.000000
6097.000000
8510.000000
6034.000000
8451.000000
5967.000000
8393.000000
5899.000000
8336.000000
11551155
6283.000000
8708.000000
6249.000000
8667.000000
6206.000000
8619.000000
6155.000000
8566.000000
6097.000000
8510.000000
6034.000000
8451.000000
5967.000000
8393.000000
5899.000000
8336.000000
11551155
6283.000000
8708.000000
6249.000000
8667.000000
6206.000000
8619.000000
6155.000000
8566.000000
6097.000000
8510.000000
6034.000000
8451.000000
5967.000000
8393.000000
5899.000000
8336.000000
11551155
6347.000000
8776.000000
6326.000000
8748.000000
6298.000000
8713.000000
6262.000000
8671.000000
6217.000000
8623.000000
6165.000000
8570.000000
6047.000000
8513.000000
5978.000000
8455.000000
11551155
6347.000000
8776.000000
6326.000000
8748.000000
6298.000000
8713.000000
6262.000000
8671.000000
6217.000000
8623.000000
6165.000000
8570.000000
6047.000000
8513.000000
5978.000000
8455.000000
11551155
6347.000000
8776.000000
6326.000000
8748.000000
6298.000000
8713.000000
6262.000000
8671.000000
6217.000000
8623.000000
6165.000000
8570.000000
6047.000000
8513.000000
5978.000000
8455.000000
11551155
6331.000000
8741.000000
6303.000000
8707.000000
6266.000000
8665.000000
6221.000000
8617.000000
6169.000000
8563.000000
6110.000000
8506.000000
6046.000000
8448.000000
5979.000000
8390.000000
11551155
6331.000000
8741.000000
6303.000000
8707.000000
6266.000000
8665.000000
6221.000000
8617.000000
6169.000000
8563.000000
6110.000000
8506.000000
6046.000000
8448.000000
5979.000000
8390.000000
11551155
6331.000000
8741.000000
6303.000000
8707.000000
6266.000000
8665.000000
6221.000000
8617.000000
6169.000000
8563.000000
6110.000000
8506.000000
6046.000000
8448.000000
5979.000000
8390.000000
11551155
6323.000000
8725.000000
6290.000000
8686.000000
6249.000000
8641.000000
6200.000000
8590.000000
6144.000000
8535.000000
6083.000000
8478.000000
6017.000000
8420.000000
5950.000000
8364.000000
11551155
6323.000000
8725.000000
6290.000000
8686.000000
6249.000000
8641.000000
6200.000000
8590.000000
6144.000000
8535.000000
6083.000000
8478.000000
6017.000000
8420.000000
5950.000000
8364.000000
11551155
6323.000000
8725.000000
6290.000000
8686.000000
6249.000000
8641.000000
6200.000000
8590.000000
6144.000000
8535.000000
6083.000000
8478.000000
6017.000000
8420.000000
5950.000000
8364.000000
11551155
6368.000000
8758.000000
6340.000000
8724.000000
6304.000000
8682.000000
6259.000000
8633.000000
6207.000000
8580.000000
6148.000000
8524.000000
6084.000000
8466.000000
6017.000000
8409.000000
11551155
6368.000000
8758.000000
6340.000000
8724.000000
6304.000000
8682.000000
6259.000000
8633.000000
6207.000000
8580.000000
6148.000000
8524.000000
6084.000000
8466.000000
6017.000000
8409.000000
11551155
6368.000000
8758.000000
6340.000000
8724.000000
6304.000000
8682.000000
6259.000000
8633.000000
6207.000000
8580.000000
6148.000000
8524.000000
6084.000000
8466.000000
6017.000000
8409.000000
11551155
6341.000000
8714.000000
6304.000000
8672.000000
6259.000000
8624.000000
6207.000000
8571.000000
6148.000000
8515.000000
6084.000000
8458.000000
6017.000000
8402.000000
5950.000000
8348.000000
11551155
6341.000000
8714.000000
6304.000000
8672.000000
6259.000000
8624.000000
6207.000000
8571.000000
6148.000000
8515.000000
6084.000000
8458.000000
6017.000000
8402.000000
5950.000000
8348.000000
11551155
6341.000000
8714.000000
6304.000000
8672.000000
6259.000000
8624.000000
6207.000000
8571.000000
6148.000000
8515.000000
6084.000000
8458.000000
6017.000000
8402.000000
5950.000000
8348.000000
11551155
6374.000000
8745.000000
6344.000000
8708.000000
6306.000000
8665.000000
6259.000000
8616.000000
6205.000000
8563.000000
6144.000000
8507.000000
6079.000000
8449.000000
6012.000000
8393.000000
11551155
6374.000000
8745.000000
6344.000000
8708.000000
6306.000000
8665.000000
6259.000000
8616.000000
6205.000000
8563.000000
6144.000000
8507.000000
6079.000000
8449.000000
6012.000000
8393.000000
11551155
6374.000000
8745.000000
6344.000000
8708.000000
6306.000000
8665.000000
6259.000000
8616.000000
6205.000000
8563.000000
6144.000000
8507.000000
6079.000000
8449.000000
6012.000000
8393.000000
11551155
6369.000000
8745.000000
6341.000000
8710.000000
6304.000000
8669.000000
6259.000000
8621.000000
6206.000000
8569.000000
6147.000000
8513.000000
6083.000000
8455.000000
6016.000000
8398.000000
11551155
6369.000000
8745.000000
6341.000000
8710.000000
6304.000000
8669.000000
6259.000000
8621.000000
6206.000000
8569.000000
6147.000000
8513.000000
6083.000000
8455.000000
6016.000000
8398.000000
11551155
6369.000000
8745.000000
6341.000000
8710.000000
6304.000000
8669.000000
6259.000000
8621.000000
6206.000000
8569.000000
6147.000000
8513.000000
6083.000000
8455.000000
6016.000000
8398.000000
11551155
6374.000000
8737.000000
6345.000000
8701.000000
6307.000000
8659.000000
6261.000000
8610.000000
6208.000000
8557.000000
6148.000000
8501.000000
6084.000000
8444.000000
6017.000000
8388.000000
11551155
6374.000000
8737.000000
6345.000000
8701.000000
6307.000000
8659.000000
6261.000000
8610.000000
6208.000000
8557.000000
6148.000000
8501.000000
6084.000000
8444.000000
6017.000000
8388.000000
11551155
6374.000000
8737.000000
6345.000000
8701.000000
6307.000000
8659.000000
6261.000000
8610.000000
6208.000000
8557.000000
6148.000000
8501.000000
6084.000000
8444.000000
6017.000000
8388.000000
11551155
6421.000000
8779.000000
6375.000000
8748.000000
6335.000000
8711.000000
6311.000000
8667.000000
6271.000000
8617.000000
6220.000000
8564.000000
6161.000000
8508.000000
6098.000000
8451.000000
11551155
6421.000000
8779.000000
6375.000000
8748.000000
6335.000000
8711.000000
6311.000000
8667.000000
6271.000000
8617.000000
6220.000000
8564.000000
6161.000000
8508.000000
6098.000000
8451.000000
11551155
6421.000000
8779.000000
6375.000000
8748.000000
6335.000000
8711.000000
6311.000000
8667.000000
6271.000000
8617.000000
6220.000000
8564.000000
6161.000000
8508.000000
6098.000000
8451.000000
11551155
6462.000000
8815.000000
6447.000000
8794.000000
6425.000000
8765.000000
6396.000000
8730.000000
6358.000000
8687.000000
6312.000000
8639.000000
6206.000000
8586.000000
6140.000000
8530.000000
11551155
6462.000000
8815.000000
6447.000000
8794.000000
6425.000000
8765.000000
6396.000000
8730.000000
6358.000000
8687.000000
6312.000000
8639.000000
6206.000000
8586.000000
6140.000000
8530.000000
11551155
6462.000000
8815.000000
6447.000000
8794.000000
6425.000000
8765.000000
6396.000000
8730.000000
6358.000000
8687.000000
6312.000000
8639.000000
6206.000000
8586.000000
6140.000000
8530.000000
11551155
6462.000000
8807.000000
6443.000000
8781.000000
6417.000000
8749.000000
6383.000000
8709.000000
6340.000000
8663.000000
6290.000000
8611.000000
6233.000000
8556.000000
6170.000000
8499.000000
11551155
6462.000000
8807.000000
6443.000000
8781.000000
6417.000000
8749.000000
6383.000000
8709.000000
6340.000000
8663.000000
6290.000000
8611.000000
6233.000000
8556.000000
6170.000000
8499.000000
11551155
6462.000000
8807.000000
6443.000000
8781.000000
6417.000000
8749.000000
6383.000000
8709.000000
6340.000000
8663.000000
6290.000000
8611.000000
6233.000000
8556.000000
6170.000000
8499.000000
11551155
6474.000000
8813.000000
6457.000000
8789.000000
6433.000000
8759.000000
6401.000000
8722.000000
6360.000000
8678.000000
6311.000000
8628.000000
6255.000000
8574.000000
6193.000000
8518.000000
11551155
6474.000000
8813.000000
6457.000000
8789.000000
6433.000000
8759.000000
6401.000000
8722.000000
6360.000000
8678.000000
6311.000000
8628.000000
6255.000000
8574.000000
6193.000000
8518.000000
11551155
6474.000000
8813.000000
6457.000000
8789.000000
6433.000000
8759.000000
6401.000000
8722.000000
6360.000000
8678.000000
6311.000000
8628.000000
6255.000000
8574.000000
6193.000000
8518.000000
11551155
6414.000000
8740.000000
6387.000000
8706.000000
6351.000000
8665.000000
6306.000000
8617.000000
6254.000000
8566.000000
6195.000000
8510.000000
6131.000000
8453.000000
6064.000000
8397.000000
11551155
6414.000000
8740.000000
6387.000000
8706.000000
6351.000000
8665.000000
6306.000000
8617.000000
6254.000000
8566.000000
6195.000000
8510.000000
6131.000000
8453.000000
6064.000000
8397.000000
11551155
6414.000000
8740.000000
6387.000000
8706.000000
6351.000000
8665.000000
6306.000000
8617.000000
6254.000000
8566.000000
6195.000000
8510.000000
6131.000000
8453.000000
6064.000000
8397.000000
11551155
6387.000000
8700.000000
6352.000000
8659.000000
6308.000000
8612.000000
6256.000000
8560.000000
6198.000000
8504.000000
6134.000000
8446.000000
6067.000000
8389.000000
5999.000000
8333.000000
11551155
6387.000000
8700.000000
6352.000000
8659.000000
6308.000000
8612.000000
6256.000000
8560.000000
6198.000000
8504.000000
6134.000000
8446.000000
6067.000000
8389.000000
5999.000000
8333.000000
11551155
6387.000000
8700.000000
6352.000000
8659.000000
6308.000000
8612.000000
6256.000000
8560.000000
6198.000000
8504.000000
6134.000000
8446.000000
6067.000000
8389.000000
5999.000000
8333.000000
11551155
6371.000000
8689.000000
6336.000000
8649.000000
6293.000000
8602.000000
6242.000000
8551.000000
6184.000000
8495.000000
6120.000000
8437.000000
6053.000000
8379.000000
5984.000000
8323.000000
11551155
6371.000000
8689.000000
6336.000000
8649.000000
6293.000000
8602.000000
6242.000000
8551.000000
6184.000000
8495.000000
6120.000000
8437.000000
6053.000000
8379.000000
5984.000000
8323.000000
11551155
6371.000000
8689.000000
6336.000000
8649.000000
6293.000000
8602.000000
6242.000000
8551.000000
6184.000000
8495.000000
6120.000000
8437.000000
6053.000000
8379.000000
5984.000000
8323.000000
11551155
6306.000000
8624.000000
6267.000000
8581.000000
6220.000000
8531.000000
6165.000000
8477.000000
6104.000000
8421.000000
6039.000000
8363.000000
5972.000000
8307.000000
5904.000000
8253.000000
11551155
6306.000000
8624.000000
6267.000000
8581.000000
6220.000000
8531.000000
6165.000000
8477.000000
6104.000000
8421.000000
6039.000000
8363.000000
5972.000000
8307.000000
5904.000000
8253.000000
11551155
6306.000000
8624.000000
6267.000000
8581.000000
6220.000000
8531.000000
6165.000000
8477.000000
6104.000000
8421.000000
6039.000000
8363.000000
5972.000000
8307.000000
5904.000000
8253.000000
11551155
6262.000000
8570.000000
6217.000000
8523.000000
6165.000000
8471.000000
6106.000000
8415.000000
6042.000000
8358.000000
5975.000000
8301.000000
5907.000000
8246.000000
5840.000000
8196.000000
11551155
6262.000000
8570.000000
6217.000000
8523.000000
6165.000000
8471.000000
6106.000000
8415.000000
6042.000000
8358.000000
5975.000000
8301.000000
5907.000000
8246.000000
5840.000000
8196.000000
11551155
6203.000000
8525.000000
6160.000000
8479.000000
6110.000000
8428.000000
6053.000000
8374.000000
5992.000000
8319.000000
5928.000000
8264.000000
5799.000000
8212.000000
5737.000000
8163.000000
11551155
6203.000000
8525.000000
6160.000000
8479.000000
6110.000000
8428.000000
6053.000000
8374.000000
5992.000000
8319.000000
5928.000000
8264.000000
5799.000000
8212.000000
5737.000000
8163.000000
11551155
6203.000000
8525.000000
6160.000000
8479.000000
6110.000000
8428.000000
6053.000000
8374.000000
5992.000000
8319.000000
5928.000000
8264.000000
5799.000000
8212.000000
5737.000000
8163.000000
11551155
6216.000000
8533.000000
6177.000000
8489.000000
6130.000000
8441.000000
6077.000000
8388.000000
6018.000000
8333.000000
5954.000000
8277.000000
5889.000000
8223.000000
5824.000000
8172.000000
11551155
6216.000000
8533.000000
6177.000000
8489.000000
6130.000000
8441.000000
6077.000000
8388.000000
6018.000000
8333.000000
5954.000000
8277.000000
5889.000000
8223.000000
5824.000000
8172.000000
11551155
6216.000000
8533.000000
6177.000000
8489.000000
6130.000000
8441.000000
6077.000000
8388.000000
6018.000000
8333.000000
5954.000000
8277.000000
5889.000000
8223.000000
5824.000000
8172.000000
11551155
6240.000000
8546.000000
6200.000000
8501.000000
6152.000000
8451.000000
6097.000000
8396.000000
6035.000000
8338.000000
5969.000000
8280.000000
5901.000000
8223.000000
5833.000000
8170.000000
11551155
6240.000000
8546.000000
6200.000000
8501.000000
6152.000000
8451.000000
6097.000000
8396.000000
6035.000000
8338.000000
5969.000000
8280.000000
5901.000000
8223.000000
5833.000000
8170.000000
11551155
6240.000000
8546.000000
6200.000000
8501.000000
6152.000000
8451.000000
6097.000000
8396.000000
6035.000000
8338.000000
5969.000000
8280.000000
5901.000000
8223.000000
5833.000000
8170.000000
11551155
6162.000000
8453.000000
6112.000000
8402.000000
6055.000000
8347.000000
5993.000000
8291.000000
5928.000000
8235.000000
5861.000000
8182.000000
5796.000000
8132.000000
5734.000000
8087.000000
11551155
6162.000000
8453.000000
6112.000000
8402.000000
6055.000000
8347.000000
5993.000000
8291.000000
5928.000000
8235.000000
5861.000000
8182.000000
5796.000000
8132.000000
5734.000000
8087.000000
11551155
6162.000000
8453.000000
6112.000000
8402.000000
6055.000000
8347.000000
5993.000000
8291.000000
5928.000000
8235.000000
5861.000000
8182.000000
5796.000000
8132.000000
5734.000000
8087.000000
11551155
6262.000000
8565.000000
6231.000000
8524.000000
6189.000000
8476.000000
6137.000000
8424.000000
6079.000000
8369.000000
6015.000000
8312.000000
5948.000000
8255.000000
5880.000000
8201.000000
11551155
6262.000000
8565.000000
6231.000000
8524.000000
6189.000000
8476.000000
6137.000000
8424.000000
6079.000000
8369.000000
6015.000000
8312.000000
5948.000000
8255.000000
5880.000000
8201.000000
11551155
6308.000000
8597.000000
6280.000000
8563.000000
6243.000000
8521.000000
6198.000000
8473.000000
6146.000000
8421.000000
6087.000000
8365.000000
6023.000000
8308.000000
5956.000000
8251.000000
11551155
6308.000000
8597.000000
6280.000000
8563.000000
6243.000000
8521.000000
6198.000000
8473.000000
6146.000000
8421.000000
6087.000000
8365.000000
6023.000000
8308.000000
5956.000000
8251.000000
11551155
6308.000000
8597.000000
6280.000000
8563.000000
6243.000000
8521.000000
6198.000000
8473.000000
6146.000000
8421.000000
6087.000000
8365.000000
6023.000000
8308.000000
5956.000000
8251.000000
11551155
6298.000000
8572.000000
6265.000000
8534.000000
6224.000000
8489.000000
6174.000000
8439.000000
6118.000000
8385.000000
6056.000000
8329.000000
5991.000000
8272.000000
5924.000000
8218.000000
11551155
6298.000000
8572.000000
6265.000000
8534.000000
6224.000000
8489.000000
6174.000000
8439.000000
6118.000000
8385.000000
6056.000000
8329.000000
5991.000000
8272.000000
5924.000000
8218.000000
11551155
6298.000000
8572.000000
6265.000000
8534.000000
6224.000000
8489.000000
6174.000000
8439.000000
6118.000000
8385.000000
6056.000000
8329.000000
5991.000000
8272.000000
5924.000000
8218.000000
11551155
6326.000000
8585.000000
6293.000000
8547.000000
6252.000000
8502.000000
6203.000000
8451.000000
6147.000000
8396.000000
6085.000000
8339.000000
6018.000000
8281.000000
5949.000000
8224.000000
11551155
6326.000000
8585.000000
6293.000000
8547.000000
6252.000000
8502.000000
6203.000000
8451.000000
6147.000000
8396.000000
6085.000000
8339.000000
6018.000000
8281.000000
5949.000000
8224.000000
11551155
6326.000000
8585.000000
6293.000000
8547.000000
6252.000000
8502.000000
6203.000000
8451.000000
6147.000000
8396.000000
6085.000000
8339.000000
6018.000000
8281.000000
5949.000000
8224.000000
11551155
6334.000000
8589.000000
6303.000000
8552.000000
6264.000000
8509.000000
6217.000000
8459.000000
6162.000000
8405.000000
6100.000000
8348.000000
6034.000000
8290.000000
5965.000000
8232.000000
11551155
6334.000000
8589.000000
6303.000000
8552.000000
6264.000000
8509.000000
6217.000000
8459.000000
6162.000000
8405.000000
6100.000000
8348.000000
6034.000000
8290.000000
5965.000000
8232.000000
11551155
6334.000000
8589.000000
6303.000000
8552.000000
6264.000000
8509.000000
6217.000000
8459.000000
6162.000000
8405.000000
6100.000000
8348.000000
6034.000000
8290.000000
5965.000000
8232.000000
11551155
6320.000000
8567.000000
6288.000000
8528.000000
6247.000000
8483.000000
6198.000000
8432.000000
6141.000000
8377.000000
6078.000000
8320.000000
6011.000000
8261.000000
5942.000000
8205.000000
11551155
6320.000000
8567.000000
6288.000000
8528.000000
6247.000000
8483.000000
6198.000000
8432.000000
6141.000000
8377.000000
6078.000000
8320.000000
6011.000000
8261.000000
5942.000000
8205.000000
11551155
6320.000000
8567.000000
6288.000000
8528.000000
6247.000000
8483.000000
6198.000000
8432.000000
6141.000000
8377.000000
6078.000000
8320.000000
6011.000000
8261.000000
5942.000000
8205.000000
11551155
6342.000000
8579.000000
6311.000000
8542.000000
6271.000000
8498.000000
6223.000000
8449.000000
6168.000000
8394.000000
6106.000000
8337.000000
6039.000000
8278.000000
5969.000000
8220.000000
11551155
6342.000000
8579.000000
6311.000000
8542.000000
6271.000000
8498.000000
6223.000000
8449.000000
6168.000000
8394.000000
6106.000000
8337.000000
6039.000000
8278.000000
5969.000000
8220.000000
11551155
6342.000000
8579.000000
6311.000000
8542.000000
6271.000000
8498.000000
6223.000000
8449.000000
6168.000000
8394.000000
6106.000000
8337.000000
6039.000000
8278.000000
5969.000000
8220.000000
11551155
6359.000000
8595.000000
6335.000000
8564.000000
6302.000000
8526.000000
6261.000000
8480.000000
6211.000000
8430.000000
6154.000000
8374.000000
6090.000000
8316.000000
6022.000000
8258.000000
11551155
6359.000000
8595.000000
6335.000000
8564.000000
6302.000000
8526.000000
6261.000000
8480.000000
6211.000000
8430.000000
6154.000000
8374.000000
6090.000000
8316.000000
6022.000000
8258.000000
11551155
6359.000000
8595.000000
6335.000000
8564.000000
6302.000000
8526.000000
6261.000000
8480.000000
6211.000000
8430.000000
6154.000000
8374.000000
6090.000000
8316.000000
6022.000000
8258.000000
11551155
6331.000000
8564.000000
6307.000000
8533.000000
6274.000000
8494.000000
6232.000000
8449.000000
6182.000000
8398.000000
6124.000000
8342.000000
6061.000000
8284.000000
5993.000000
8224.000000
11551155
6331.000000
8564.000000
6307.000000
8533.000000
6274.000000
8494.000000
6232.000000
8449.000000
6182.000000
8398.000000
6124.000000
8342.000000
6061.000000
8284.000000
5993.000000
8224.000000
11551155
6331.000000
8564.000000
6307.000000
8533.000000
6274.000000
8494.000000
6232.000000
8449.000000
6182.000000
8398.000000
6124.000000
8342.000000
6061.000000
8284.000000
5993.000000
8224.000000
11551155
6285.000000
8521.000000
6265.000000
8494.000000
6237.000000
8460.000000
6165.000000
8419.000000
6112.000000
8371.000000
6081.000000
8318.000000
6033.000000
8262.000000
5973.000000
8203.000000
11551155
6285.000000
8521.000000
6265.000000
8494.000000
6237.000000
8460.000000
6165.000000
8419.000000
6112.000000
8371.000000
6081.000000
8318.000000
6033.000000
8262.000000
5973.000000
8203.000000
11551155
6285.000000
8521.000000
6265.000000
8494.000000
6237.000000
8460.000000
6165.000000
8419.000000
6112.000000
8371.000000
6081.000000
8318.000000
6033.000000
8262.000000
5973.000000
8203.000000
11551155
6343.000000
8590.000000
6342.000000
8584.000000
6337.000000
8573.000000
6327.000000
8556.000000
6311.000000
8533.000000
6287.000000
8502.000000
6255.000000
8465.000000
6176.000000
8420.000000
11551155
6343.000000
8590.000000
6342.000000
8584.000000
6337.000000
8573.000000
6327.000000
8556.000000
6311.000000
8533.000000
6287.000000
8502.000000
6255.000000
8465.000000
6176.000000
8420.000000
11551155
6343.000000
8590.000000
6342.000000
8584.000000
6337.000000
8573.000000
6327.000000
8556.000000
6311.000000
8533.000000
6287.000000
8502.000000
6255.000000
8465.000000
6176.000000
8420.000000
11551155
6348.000000
8582.000000
6346.000000
8575.000000
6339.000000
8563.000000
6327.000000
8544.000000
6308.000000
8519.000000
6282.000000
8487.000000
6249.000000
8448.000000
6166.000000
8403.000000
11551155
6348.000000
8582.000000
6346.000000
8575.000000
6339.000000
8563.000000
6327.000000
8544.000000
6308.000000
8519.000000
6282.000000
8487.000000
6249.000000
8448.000000
6166.000000
8403.000000
11551155
6348.000000
8582.000000
6346.000000
8575.000000
6339.000000
8563.000000
6327.000000
8544.000000
6308.000000
8519.000000
6282.000000
8487.000000
6249.000000
8448.000000
6166.000000
8403.000000
11551155
6369.000000
8585.000000
6364.000000
8575.000000
6354.000000
8559.000000
6338.000000
8537.000000
6315.000000
8508.000000
6284.000000
8472.000000
6245.000000
8429.000000
6198.000000
8381.000000
11551155
6369.000000
8585.000000
6364.000000
8575.000000
6354.000000
8559.000000
6338.000000
8537.000000
6315.000000
8508.000000
6284.000000
8472.000000
6245.000000
8429.000000
6198.000000
8381.000000
11551155
6369.000000
8585.000000
6364.000000
8575.000000
6354.000000
8559.000000
6338.000000
8537.000000
6315.000000
8508.000000
6284.000000
8472.000000
6245.000000
8429.000000
6198.000000
8381.000000
11551155
6381.000000
8597.000000
6381.000000
8592.000000
6377.000000
8582.000000
6369.000000
8567.000000
6355.000000
8546.000000
6334.000000
8518.000000
6305.000000
8483.000000
6268.000000
8442.000000
11551155
6381.000000
8597.000000
6381.000000
8592.000000
6377.000000
8582.000000
6369.000000
8567.000000
6355.000000
8546.000000
6334.000000
8518.000000
6305.000000
8483.000000
6268.000000
8442.000000
11551155
6381.000000
8597.000000
6381.000000
8592.000000
6377.000000
8582.000000
6369.000000
8567.000000
6355.000000
8546.000000
6334.000000
8518.000000
6305.000000
8483.000000
6268.000000
8442.000000
11551155
6377.000000
8585.000000
6374.000000
8577.000000
6367.000000
8565.000000
6355.000000
8547.000000
6336.000000
8522.000000
6310.000000
8490.000000
6276.000000
8452.000000
6235.000000
8408.000000
11551155
6377.000000
8585.000000
6374.000000
8577.000000
6367.000000
8565.000000
6355.000000
8547.000000
6336.000000
8522.000000
6310.000000
8490.000000
6276.000000
8452.000000
6235.000000
8408.000000
11551155
6377.000000
8585.000000
6374.000000
8577.000000
6367.000000
8565.000000
6355.000000
8547.000000
6336.000000
8522.000000
6310.000000
8490.000000
6276.000000
8452.000000
6235.000000
8408.000000
11551155
6379.000000
8565.000000
6366.000000
8545.000000
6346.000000
8519.000000
6318.000000
8485.000000
6282.000000
8445.000000
6238.000000
8400.000000
6186.000000
8349.000000
6128.000000
8295.000000
11551155
6379.000000
8565.000000
6366.000000
8545.000000
6346.000000
8519.000000
6318.000000
8485.000000
6282.000000
8445.000000
6238.000000
8400.000000
6186.000000
8349.000000
6128.000000
8295.000000
11551155
6379.000000
8565.000000
6366.000000
8545.000000
6346.000000
8519.000000
6318.000000
8485.000000
6282.000000
8445.000000
6238.000000
8400.000000
6186.000000
8349.000000
6128.000000
8295.000000
11551155
6393.000000
8572.000000
6380.000000
8553.000000
6360.000000
8526.000000
6333.000000
8493.000000
6298.000000
8453.000000
6254.000000
8407.000000
6202.000000
8356.000000
6144.000000
8301.000000
11551155
6393.000000
8572.000000
6380.000000
8553.000000
6360.000000
8526.000000
6333.000000
8493.000000
6298.000000
8453.000000
6254.000000
8407.000000
6202.000000
8356.000000
6144.000000
8301.000000
11551155
6393.000000
8572.000000
6380.000000
8553.000000
6360.000000
8526.000000
6333.000000
8493.000000
6298.000000
8453.000000
6254.000000
8407.000000
6202.000000
8356.000000
6144.000000
8301.000000
11551155
6394.000000
8573.000000
6381.000000
8553.000000
6362.000000
8527.000000
6335.000000
8495.000000
6300.000000
8455.000000
6257.000000
8410.000000
6206.000000
8359.000000
6148.000000
8306.000000
11551155
6394.000000
8573.000000
6381.000000
8553.000000
6362.000000
8527.000000
6335.000000
8495.000000
6300.000000
8455.000000
6257.000000
8410.000000
6206.000000
8359.000000
6148.000000
8306.000000
11551155
6394.000000
8573.000000
6381.000000
8553.000000
6362.000000
8527.000000
6335.000000
8495.000000
6300.000000
8455.000000
6257.000000
8410.000000
6206.000000
8359.000000
6148.000000
8306.000000
11551155
6377.000000
8544.000000
6354.000000
8514.000000
6323.000000
8478.000000
6284.000000
8435.000000
6236.000000
8386.000000
6181.000000
8333.000000
6120.000000
8277.000000
6054.000000
8219.000000
11551155
6377.000000
8544.000000
6354.000000
8514.000000
6323.000000
8478.000000
6284.000000
8435.000000
6236.000000
8386.000000
6181.000000
8333.000000
6120.000000
8277.000000
6054.000000
8219.000000
11551155
6377.000000
8544.000000
6354.000000
8514.000000
6323.000000
8478.000000
6284.000000
8435.000000
6236.000000
8386.000000
6181.000000
8333.000000
6120.000000
8277.000000
6054.000000
8219.000000
11551155
6331.000000
8493.000000
6302.000000
8458.000000
6264.000000
8417.000000
6217.000000
8369.000000
6163.000000
8316.000000
6102.000000
8260.000000
6035.000000
8201.000000
5965.000000
8143.000000
11551155
6331.000000
8493.000000
6302.000000
8458.000000
6264.000000
8417.000000
6217.000000
8369.000000
6163.000000
8316.000000
6102.000000
8260.000000
6035.000000
8201.000000
5965.000000
8143.000000
11551155
6331.000000
8493.000000
6302.000000
8458.000000
6264.000000
8417.000000
6217.000000
8369.000000
6163.000000
8316.000000
6102.000000
8260.000000
6035.000000
8201.000000
5965.000000
8143.000000
11551155
6269.000000
8437.000000
6237.000000
8400.000000
6197.000000
8356.000000
6148.000000
8306.000000
6092.000000
8251.000000
6030.000000
8194.000000
5963.000000
8136.000000
5894.000000
8079.000000
11551155
6269.000000
8437.000000
6237.000000
8400.000000
6197.000000
8356.000000
6148.000000
8306.000000
6092.000000
8251.000000
6030.000000
8194.000000
5963.000000
8136.000000
5894.000000
8079.000000
11551155
6269.000000
8437.000000
6237.000000
8400.000000
6197.000000
8356.000000
6148.000000
8306.000000
6092.000000
8251.000000
6030.000000
8194.000000
5963.000000
8136.000000
5894.000000
8079.000000
11551155
6242.000000
8414.000000
6209.000000
8375.000000
6167.000000
8330.000000
6117.000000
8279.000000
6059.000000
8224.000000
5995.000000
8167.000000
5927.000000
8109.000000
5857.000000
8052.000000
11551155
6242.000000
8414.000000
6209.000000
8375.000000
6167.000000
8330.000000
6117.000000
8279.000000
6059.000000
8224.000000
5995.000000
8167.000000
5927.000000
8109.000000
5857.000000
8052.000000
11551155
6242.000000
8414.000000
6209.000000
8375.000000
6167.000000
8330.000000
6117.000000
8279.000000
6059.000000
8224.000000
5995.000000
8167.000000
5927.000000
8109.000000
5857.000000
8052.000000
11551155
6233.000000
8406.000000
6203.000000
8371.000000
6165.000000
8328.000000
6118.000000
8279.000000
6063.000000
8226.000000
6002.000000
8169.000000
5935.000000
8111.000000
5865.000000
8053.000000
11551155
6233.000000
8406.000000
6203.000000
8371.000000
6165.000000
8328.000000
6118.000000
8279.000000
6063.000000
8226.000000
6002.000000
8169.000000
5935.000000
8111.000000
5865.000000
8053.000000
11551155
6233.000000
8406.000000
6203.000000
8371.000000
6165.000000
8328.000000
6118.000000
8279.000000
6063.000000
8226.000000
6002.000000
8169.000000
5935.000000
8111.000000
5865.000000
8053.000000
11551155
6217.000000
8393.000000
6193.000000
8362.000000
6160.000000
8324.000000
6119.000000
8279.000000
6069.000000
8228.000000
6012.000000
8173.000000
5949.000000
8115.000000
5881.000000
8056.000000
11551155
6217.000000
8393.000000
6193.000000
8362.000000
6160.000000
8324.000000
6119.000000
8279.000000
6069.000000
8228.000000
6012.000000
8173.000000
5949.000000
8115.000000
5881.000000
8056.000000
11551155
6217.000000
8393.000000
6193.000000
8362.000000
6160.000000
8324.000000
6119.000000
8279.000000
6069.000000
8228.000000
6012.000000
8173.000000
5949.000000
8115.000000
5881.000000
8056.000000
11551155
6192.000000
8357.000000
6164.000000
8323.000000
6127.000000
8281.000000
6081.000000
8234.000000
6028.000000
8181.000000
5968.000000
8125.000000
5902.000000
8068.000000
5833.000000
8011.000000
11551155
6192.000000
8357.000000
6164.000000
8323.000000
6127.000000
8281.000000
6081.000000
8234.000000
6028.000000
8181.000000
5968.000000
8125.000000
5902.000000
8068.000000
5833.000000
8011.000000
11551155
6192.000000
8357.000000
6164.000000
8323.000000
6127.000000
8281.000000
6081.000000
8234.000000
6028.000000
8181.000000
5968.000000
8125.000000
5902.000000
8068.000000
5833.000000
8011.000000
11551155
6234.000000
8393.000000
6213.000000
8366.000000
6185.000000
8331.000000
6148.000000
8289.000000
6102.000000
8241.000000
6048.000000
8189.000000
5987.000000
8132.000000
5921.000000
8074.000000
11551155
6234.000000
8393.000000
6213.000000
8366.000000
6185.000000
8331.000000
6148.000000
8289.000000
6102.000000
8241.000000
6048.000000
8189.000000
5987.000000
8132.000000
5921.000000
8074.000000
11551155
6234.000000
8393.000000
6213.000000
8366.000000
6185.000000
8331.000000
6148.000000
8289.000000
6102.000000
8241.000000
6048.000000
8189.000000
5987.000000
8132.000000
5921.000000
8074.000000
11551155
6249.000000
8394.000000
6228.000000
8366.000000
6199.000000
8332.000000
6162.000000
8290.000000
6116.000000
8243.000000
6062.000000
8190.000000
6002.000000
8135.000000
5937.000000
8078.000000
11551155
6249.000000
8394.000000
6228.000000
8366.000000
6199.000000
8332.000000
6162.000000
8290.000000
6116.000000
8243.000000
6062.000000
8190.000000
6002.000000
8135.000000
5937.000000
8078.000000
11551155
6249.000000
8394.000000
6228.000000
8366.000000
6199.000000
8332.000000
6162.000000
8290.000000
6116.000000
8243.000000
6062.000000
8190.000000
6002.000000
8135.000000
5937.000000
8078.000000
11551155
6296.000000
8426.000000
6262.000000
8402.000000
6230.000000
8371.000000
6209.000000
8333.000000
6174.000000
8289.000000
6127.000000
8239.000000
6071.000000
8184.000000
6009.000000
8128.000000
11551155
6296.000000
8426.000000
6262.000000
8402.000000
6230.000000
8371.000000
6209.000000
8333.000000
6174.000000
8289.000000
6127.000000
8239.000000
6071.000000
8184.000000
6009.000000
8128.000000
11551155
6296.000000
8426.000000
6262.000000
8402.000000
6230.000000
8371.000000
6209.000000
8333.000000
6174.000000
8289.000000
6127.000000
8239.000000
6071.00000

