11551155
2916.000000
4773.000000
2901.000000
4756.000000
2892.000000
4736.000000
2877.000000
4715.000000
2859.000000
4692.000000
2838.000000
4670.000000
2816.000000
4647.000000
2794.000000
4625.000000
11551155
2916.000000
4773.000000
2901.000000
4756.000000
2892.000000
4736.000000
2877.000000
4715.000000
2859.000000
4692.000000
2838.000000
4670.000000
2816.000000
4647.000000
2794.000000
4625.000000
11551155
2920.000000
4769.000000
2908.000000
4752.000000
2894.000000
4733.000000
2877.000000
4711.000000
2858.000000
4688.000000
2837.000000
4664.000000
2815.000000
4640.000000
2770.000000
4617.000000
11551155
2920.000000
4769.000000
2908.000000
4752.000000
2894.000000
4733.000000
2877.000000
4711.000000
2858.000000
4688.000000
2837.000000
4664.000000
2815.000000
4640.000000
2770.000000
4617.000000
11551155
2920.000000
4769.000000
2908.000000
4752.000000
2894.000000
4733.000000
2877.000000
4711.000000
2858.000000
4688.000000
2837.000000
4664.000000
2815.000000
4640.000000
2770.000000
4617.000000
11551155
2900.000000
4742.000000
2887.000000
4724.000000
2871.000000
4704.000000
2853.000000
4683.000000
2832.000000
4661.000000
2810.000000
4638.000000
2788.000000
4615.000000
2766.000000
4594.000000
11551155
2900.000000
4742.000000
2887.000000
4724.000000
2871.000000
4704.000000
2853.000000
4683.000000
2832.000000
4661.000000
2810.000000
4638.000000
2788.000000
4615.000000
2766.000000
4594.000000
11551155
2900.000000
4742.000000
2887.000000
4724.000000
2871.000000
4704.000000
2853.000000
4683.000000
2832.000000
4661.000000
2810.000000
4638.000000
2788.000000
4615.000000
2766.000000
4594.000000
11551155
2872.000000
4707.000000
2857.000000
4687.000000
2839.000000
4666.000000
2819.000000
4644.000000
2797.000000
4621.000000
2775.000000
4598.000000
2752.000000
4576.000000
2730.000000
4556.000000
11551155
2872.000000
4707.000000
2857.000000
4687.000000
2839.000000
4666.000000
2819.000000
4644.000000
2797.000000
4621.000000
2775.000000
4598.000000
2752.000000
4576.000000
2730.000000
4556.000000
11551155
2872.000000
4707.000000
2857.000000
4687.000000
2839.000000
4666.000000
2819.000000
4644.000000
2797.000000
4621.000000
2775.000000
4598.000000
2752.000000
4576.000000
2730.000000
4556.000000
11551155
2846.000000
4677.000000
2829.000000
4656.000000
2809.000000
4634.000000
2788.000000
4611.000000
2766.000000
4588.000000
2743.000000
4566.000000
2721.000000
4545.000000
2700.000000
4525.000000
11551155
2846.000000
4677.000000
2829.000000
4656.000000
2809.000000
4634.000000
2788.000000
4611.000000
2766.000000
4588.000000
2743.000000
4566.000000
2721.000000
4545.000000
2700.000000
4525.000000
11551155
2846.000000
4677.000000
2829.000000
4656.000000
2809.000000
4634.000000
2788.000000
4611.000000
2766.000000
4588.000000
2743.000000
4566.000000
2721.000000
4545.000000
2700.000000
4525.000000
11551155
2842.000000
4670.000000
2824.000000
4649.000000
2805.000000
4626.000000
2784.000000
4603.000000
2762.000000
4580.000000
2740.000000
4558.000000
2718.000000
4537.000000
2697.000000
4518.000000
11551155
2842.000000
4670.000000
2824.000000
4649.000000
2805.000000
4626.000000
2784.000000
4603.000000
2762.000000
4580.000000
2740.000000
4558.000000
2718.000000
4537.000000
2697.000000
4518.000000
11551155
2842.000000
4670.000000
2824.000000
4649.000000
2805.000000
4626.000000
2784.000000
4603.000000
2762.000000
4580.000000
2740.000000
4558.000000
2718.000000
4537.000000
2697.000000
4518.000000
11551155
2851.000000
4680.000000
2835.000000
4660.000000
2817.000000
4638.000000
2797.000000
4616.000000
2776.000000
4593.000000
2754.000000
4571.000000
2732.000000
4549.000000
2711.000000
4530.000000
11551155
2851.000000
4680.000000
2835.000000
4660.000000
2817.000000
4638.000000
2797.000000
4616.000000
2776.000000
4593.000000
2754.000000
4571.000000
2732.000000
4549.000000
2711.000000
4530.000000
11551155
2851.000000
4680.000000
2835.000000
4660.000000
2817.000000
4638.000000
2797.000000
4616.000000
2776.000000
4593.000000
2754.000000
4571.000000
2732.000000
4549.000000
2711.000000
4530.000000
11551155
2872.000000
4700.000000
2858.000000
4683.000000
2842.000000
4663.000000
2824.000000
4641.000000
2804.000000
4618.000000
2782.000000
4595.000000
2759.000000
4573.000000
2737.000000
4551.000000
11551155
2872.000000
4700.000000
2858.000000
4683.000000
2842.000000
4663.000000
2824.000000
4641.000000
2804.000000
4618.000000
2782.000000
4595.000000
2759.000000
4573.000000
2737.000000
4551.000000
11551155
2852.000000
4673.000000
2836.000000
4653.000000
2818.000000
4632.000000
2798.000000
4609.000000
2777.000000
4586.000000
2755.000000
4563.000000
2732.000000
4541.000000
2710.000000
4520.000000
11551155
2852.000000
4673.000000
2836.000000
4653.000000
2818.000000
4632.000000
2798.000000
4609.000000
2777.000000
4586.000000
2755.000000
4563.000000
2732.000000
4541.000000
2710.000000
4520.000000
11551155
2852.000000
4673.000000
2836.000000
4653.000000
2818.000000
4632.000000
2798.000000
4609.000000
2777.000000
4586.000000
2755.000000
4563.000000
2732.000000
4541.000000
2710.000000
4520.000000
11551155
2826.000000
4637.000000
2808.000000
4616.000000
2788.000000
4594.000000
2767.000000
4571.000000
2745.000000
4549.000000
2723.000000
4528.000000
2701.000000
4508.000000
2680.000000
4490.000000
11551155
2826.000000
4637.000000
2808.000000
4616.000000
2788.000000
4594.000000
2767.000000
4571.000000
2745.000000
4549.000000
2723.000000
4528.000000
2701.000000
4508.000000
2680.000000
4490.000000
11551155
2826.000000
4637.000000
2808.000000
4616.000000
2788.000000
4594.000000
2767.000000
4571.000000
2745.000000
4549.000000
2723.000000
4528.000000
2701.000000
4508.000000
2680.000000
4490.000000
11551155
2814.000000
4615.000000
2795.000000
4593.000000
2774.000000
4570.000000
2752.000000
4547.000000
2730.000000
4525.000000
2708.000000
4504.000000
2687.000000
4486.000000
2667.000000
4469.000000
11551155
2814.000000
4615.000000
2795.000000
4593.000000
2774.000000
4570.000000
2752.000000
4547.000000
2730.000000
4525.000000
2708.000000
4504.000000
2687.000000
4486.000000
2667.000000
4469.000000
11551155
2814.000000
4615.000000
2795.000000
4593.000000
2774.000000
4570.000000
2752.000000
4547.000000
2730.000000
4525.000000
2708.000000
4504.000000
2687.000000
4486.000000
2667.000000
4469.000000
11551155
2840.000000
4646.000000
2824.000000
4626.000000
2806.000000
4605.000000
2786.000000
4582.000000
2744.000000
4559.000000
2721.000000
4537.000000
2709.000000
4516.000000
2693.000000
4496.000000
11551155
2840.000000
4646.000000
2824.000000
4626.000000
2806.000000
4605.000000
2786.000000
4582.000000
2744.000000
4559.000000
2721.000000
4537.000000
2709.000000
4516.000000
2693.000000
4496.000000
11551155
2854.000000
4657.000000
2840.000000
4638.000000
2823.000000
4617.000000
2804.000000
4595.000000
2783.000000
4572.000000
2760.000000
4549.000000
2737.000000
4527.000000
2715.000000
4507.000000
11551155
2854.000000
4657.000000
2840.000000
4638.000000
2823.000000
4617.000000
2804.000000
4595.000000
2783.000000
4572.000000
2760.000000
4549.000000
2737.000000
4527.000000
2715.000000
4507.000000
11551155
2854.000000
4657.000000
2840.000000
4638.000000
2823.000000
4617.000000
2804.000000
4595.000000
2783.000000
4572.000000
2760.000000
4549.000000
2737.000000
4527.000000
2715.000000
4507.000000
11551155
2844.000000
4648.000000
2829.000000
4628.000000
2811.000000
4605.000000
2791.000000
4582.000000
2770.000000
4558.000000
2748.000000
4534.000000
2726.000000
4512.000000
2705.000000
4491.000000
11551155
2844.000000
4648.000000
2829.000000
4628.000000
2811.000000
4605.000000
2791.000000
4582.000000
2770.000000
4558.000000
2748.000000
4534.000000
2726.000000
4512.000000
2705.000000
4491.000000
11551155
2844.000000
4648.000000
2829.000000
4628.000000
2811.000000
4605.000000
2791.000000
4582.000000
2770.000000
4558.000000
2748.000000
4534.000000
2726.000000
4512.000000
2705.000000
4491.000000
11551155
2855.000000
4653.000000
2841.000000
4634.000000
2825.000000
4612.000000
2806.000000
4590.000000
2785.000000
4566.000000
2763.000000
4542.000000
2741.000000
4519.000000
2719.000000
4498.000000
11551155
2855.000000
4653.000000
2841.000000
4634.000000
2825.000000
4612.000000
2806.000000
4590.000000
2785.000000
4566.000000
2763.000000
4542.000000
2741.000000
4519.000000
2719.000000
4498.000000
11551155
2855.000000
4653.000000
2841.000000
4634.000000
2825.000000
4612.000000
2806.000000
4590.000000
2785.000000
4566.000000
2763.000000
4542.000000
2741.000000
4519.000000
2719.000000
4498.000000
11551155
2835.000000
4615.000000
2817.000000
4595.000000
2797.000000
4572.000000
2775.000000
4550.000000
2752.000000
4527.000000
2729.000000
4506.000000
2706.000000
4485.000000
2684.000000
4467.000000
11551155
2835.000000
4615.000000
2817.000000
4595.000000
2797.000000
4572.000000
2775.000000
4550.000000
2752.000000
4527.000000
2729.000000
4506.000000
2706.000000
4485.000000
2684.000000
4467.000000
11551155
2835.000000
4615.000000
2817.000000
4595.000000
2797.000000
4572.000000
2775.000000
4550.000000
2752.000000
4527.000000
2729.000000
4506.000000
2706.000000
4485.000000
2684.000000
4467.000000
11551155
2844.000000
4641.000000
2827.000000
4623.000000
2817.000000
4602.000000
2801.000000
4579.000000
2782.000000
4556.000000
2760.000000
4533.000000
2737.000000
4510.000000
2714.000000
4488.000000
11551155
2844.000000
4641.000000
2827.000000
4623.000000
2817.000000
4602.000000
2801.000000
4579.000000
2782.000000
4556.000000
2760.000000
4533.000000
2737.000000
4510.000000
2714.000000
4488.000000
11551155
2844.000000
4641.000000
2827.000000
4623.000000
2817.000000
4602.000000
2801.000000
4579.000000
2782.000000
4556.000000
2760.000000
4533.000000
2737.000000
4510.000000
2714.000000
4488.000000
11551155
2862.000000
4648.000000
2850.000000
4631.000000
2836.000000
4612.000000
2819.000000
4591.000000
2799.000000
4568.000000
2778.000000
4544.000000
2755.000000
4520.000000
2732.000000
4497.000000
11551155
2862.000000
4648.000000
2850.000000
4631.000000
2836.000000
4612.000000
2819.000000
4591.000000
2799.000000
4568.000000
2778.000000
4544.000000
2755.000000
4520.000000
2732.000000
4497.000000
11551155
2862.000000
4648.000000
2850.000000
4631.000000
2836.000000
4612.000000
2819.000000
4591.000000
2799.000000
4568.000000
2778.000000
4544.000000
2755.000000
4520.000000
2732.000000
4497.000000
11551155
2865.000000
4650.000000
2855.000000
4635.000000
2842.000000
4618.000000
2826.000000
4599.000000
2808.000000
4578.000000
2787.000000
4555.000000
2765.000000
4532.000000
2742.000000
4509.000000
11551155
2865.000000
4650.000000
2855.000000
4635.000000
2842.000000
4618.000000
2826.000000
4599.000000
2808.000000
4578.000000
2787.000000
4555.000000
2765.000000
4532.000000
2742.000000
4509.000000
11551155
2865.000000
4650.000000
2855.000000
4635.000000
2842.000000
4618.000000
2826.000000
4599.000000
2808.000000
4578.000000
2787.000000
4555.000000
2765.000000
4532.000000
2742.000000
4509.000000
11551155
2863.000000
4642.000000
2850.000000
4625.000000
2835.000000
4605.000000
2817.000000
4584.000000
2797.000000
4561.000000
2776.000000
4537.000000
2753.000000
4513.000000
2730.000000
4490.000000
11551155
2863.000000
4642.000000
2850.000000
4625.000000
2835.000000
4605.000000
2817.000000
4584.000000
2797.000000
4561.000000
2776.000000
4537.000000
2753.000000
4513.000000
2730.000000
4490.000000
11551155
2863.000000
4642.000000
2850.000000
4625.000000
2835.000000
4605.000000
2817.000000
4584.000000
2797.000000
4561.000000
2776.000000
4537.000000
2753.000000
4513.000000
2730.000000
4490.000000
11551155
2856.000000
4624.000000
2843.000000
4607.000000
2827.000000
4587.000000
2808.000000
4565.000000
2788.000000
4542.000000
2765.000000
4519.000000
2742.000000
4495.000000
2718.000000
4473.000000
11551155
2856.000000
4624.000000
2843.000000
4607.000000
2827.000000
4587.000000
2808.000000
4565.000000
2788.000000
4542.000000
2765.000000
4519.000000
2742.000000
4495.000000
2718.000000
4473.000000
11551155
2856.000000
4624.000000
2843.000000
4607.000000
2827.000000
4587.000000
2808.000000
4565.000000
2788.000000
4542.000000
2765.000000
4519.000000
2742.000000
4495.000000
2718.000000
4473.000000
11551155
2843.000000
4607.000000
2829.000000
4588.000000
2813.000000
4568.000000
2794.000000
4546.000000
2774.000000
4523.000000
2752.000000
4500.000000
2729.000000
4477.000000
2706.000000
4456.000000
11551155
2843.000000
4607.000000
2829.000000
4588.000000
2813.000000
4568.000000
2794.000000
4546.000000
2774.000000
4523.000000
2752.000000
4500.000000
2729.000000
4477.000000
2706.000000
4456.000000
11551155
2843.000000
4607.000000
2829.000000
4588.000000
2813.000000
4568.000000
2794.000000
4546.000000
2774.000000
4523.000000
2752.000000
4500.000000
2729.000000
4477.000000
2706.000000
4456.000000
11551155
2840.000000
4599.000000
2824.000000
4580.000000
2806.000000
4558.000000
2785.000000
4536.000000
2763.000000
4512.000000
2740.000000
4489.000000
2717.000000
4466.000000
2694.000000
4444.000000
11551155
2840.000000
4599.000000
2824.000000
4580.000000
2806.000000
4558.000000
2785.000000
4536.000000
2763.000000
4512.000000
2740.000000
4489.000000
2717.000000
4466.000000
2694.000000
4444.000000
11551155
2840.000000
4599.000000
2824.000000
4580.000000
2806.000000
4558.000000
2785.000000
4536.000000
2763.000000
4512.000000
2740.000000
4489.000000
2717.000000
4466.000000
2694.000000
4444.000000
11551155
2818.000000
4573.000000
2801.000000
4552.000000
2782.000000
4529.000000
2761.000000
4505.000000
2738.000000
4481.000000
2715.000000
4457.000000
2692.000000
4434.000000
2669.000000
4413.000000
11551155
2818.000000
4573.000000
2801.000000
4552.000000
2782.000000
4529.000000
2761.000000
4505.000000
2738.000000
4481.000000
2715.000000
4457.000000
2692.000000
4434.000000
2669.000000
4413.000000
11551155
2818.000000
4573.000000
2801.000000
4552.000000
2782.000000
4529.000000
2761.000000
4505.000000
2738.000000
4481.000000
2715.000000
4457.000000
2692.000000
4434.000000
2669.000000
4413.000000
11551155
2801.000000
4545.000000
2784.000000
4524.000000
2765.000000
4502.000000
2744.000000
4478.000000
2721.000000
4454.000000
2698.000000
4430.000000
2675.000000
4408.000000
2652.000000
4387.000000
11551155
2801.000000
4545.000000
2784.000000
4524.000000
2765.000000
4502.000000
2744.000000
4478.000000
2721.000000
4454.000000
2698.000000
4430.000000
2675.000000
4408.000000
2652.000000
4387.000000
11551155
2801.000000
4545.000000
2784.000000
4524.000000
2765.000000
4502.000000
2744.000000
4478.000000
2721.000000
4454.000000
2698.000000
4430.000000
2675.000000
4408.000000
2652.000000
4387.000000
11551155
2800.000000
4543.000000
2785.000000
4523.000000
2767.000000
4501.000000
2747.000000
4477.000000
2725.000000
4453.000000
2701.000000
4429.000000
2677.000000
4406.000000
2654.000000
4384.000000
11551155
2800.000000
4543.000000
2785.000000
4523.000000
2767.000000
4501.000000
2747.000000
4477.000000
2725.000000
4453.000000
2701.000000
4429.000000
2677.000000
4406.000000
2654.000000
4384.000000
11551155
2800.000000
4543.000000
2785.000000
4523.000000
2767.000000
4501.000000
2747.000000
4477.000000
2725.000000
4453.000000
2701.000000
4429.000000
2677.000000
4406.000000
2654.000000
4384.000000
11551155
2805.000000
4544.000000
2792.000000
4526.000000
2776.000000
4506.000000
2739.000000
4483.000000
2716.000000
4460.000000
2704.000000
4435.000000
2686.000000
4411.000000
2665.000000
4388.000000
11551155
2805.000000
4544.000000
2792.000000
4526.000000
2776.000000
4506.000000
2739.000000
4483.000000
2716.000000
4460.000000
2704.000000
4435.000000
2686.000000
4411.000000
2665.000000
4388.000000
11551155
2805.000000
4544.000000
2792.000000
4526.000000
2776.000000
4506.000000
2739.000000
4483.000000
2716.000000
4460.000000
2704.000000
4435.000000
2686.000000
4411.000000
2665.000000
4388.000000
11551155
2811.000000
4549.000000
2800.000000
4534.000000
2786.000000
4516.000000
2769.000000
4496.000000
2750.000000
4474.000000
2729.000000
4451.000000
2706.000000
4427.000000
2683.000000
4403.000000
11551155
2811.000000
4549.000000
2800.000000
4534.000000
2786.000000
4516.000000
2769.000000
4496.000000
2750.000000
4474.000000
2729.000000
4451.000000
2706.000000
4427.000000
2683.000000
4403.000000
11551155
2811.000000
4549.000000
2800.000000
4534.000000
2786.000000
4516.000000
2769.000000
4496.000000
2750.000000
4474.000000
2729.000000
4451.000000
2706.000000
4427.000000
2683.000000
4403.000000
11551155
2805.000000
4539.000000
2794.000000
4523.000000
2780.000000
4504.000000
2763.000000
4483.000000
2744.000000
4460.000000
2722.000000
4436.000000
2699.000000
4411.000000
2676.000000
4387.000000
11551155
2805.000000
4539.000000
2794.000000
4523.000000
2780.000000
4504.000000
2763.000000
4483.000000
2744.000000
4460.000000
2722.000000
4436.000000
2699.000000
4411.000000
2676.000000
4387.000000
11551155
2805.000000
4539.000000
2794.000000
4523.000000
2780.000000
4504.000000
2763.000000
4483.000000
2744.000000
4460.000000
2722.000000
4436.000000
2699.000000
4411.000000
2676.000000
4387.000000
11551155
2798.000000
4521.000000
2785.000000
4503.000000
2770.000000
4484.000000
2752.000000
4462.000000
2731.000000
4438.000000
2709.000000
4414.000000
2685.000000
4390.000000
2661.000000
4367.000000
11551155
2798.000000
4521.000000
2785.000000
4503.000000
2770.000000
4484.000000
2752.000000
4462.000000
2731.000000
4438.000000
2709.000000
4414.000000
2685.000000
4390.000000
2661.000000
4367.000000
11551155
2798.000000
4521.000000
2785.000000
4503.000000
2770.000000
4484.000000
2752.000000
4462.000000
2731.000000
4438.000000
2709.000000
4414.000000
2685.000000
4390.000000
2661.000000
4367.000000
11551155
2797.000000
4520.000000
2785.000000
4503.000000
2770.000000
4484.000000
2753.000000
4462.000000
2733.000000
4439.000000
2711.000000
4414.000000
2688.000000
4390.000000
2665.000000
4366.000000
11551155
2797.000000
4520.000000
2785.000000
4503.000000
2770.000000
4484.000000
2753.000000
4462.000000
2733.000000
4439.000000
2711.000000
4414.000000
2688.000000
4390.000000
2665.000000
4366.000000
11551155
2797.000000
4520.000000
2785.000000
4503.000000
2770.000000
4484.000000
2753.000000
4462.000000
2733.000000
4439.000000
2711.000000
4414.000000
2688.000000
4390.000000
2665.000000
4366.000000
11551155
2785.000000
4501.000000
2770.000000
4482.000000
2752.000000
4460.000000
2731.000000
4436.000000
2709.000000
4412.000000
2685.000000
4387.000000
2661.000000
4363.000000
2637.000000
4340.000000
11551155
2785.000000
4501.000000
2770.000000
4482.000000
2752.000000
4460.000000
2731.000000
4436.000000
2709.000000
4412.000000
2685.000000
4387.000000
2661.000000
4363.000000
2637.000000
4340.000000
11551155
2785.000000
4501.000000
2770.000000
4482.000000
2752.000000
4460.000000
2731.000000
4436.000000
2709.000000
4412.000000
2685.000000
4387.000000
2661.000000
4363.000000
2637.000000
4340.000000
11551155
2787.000000
4494.000000
2772.000000
4474.000000
2755.000000
4453.000000
2735.000000
4429.000000
2713.000000
4405.000000
2689.000000
4380.000000
2665.000000
4356.000000
2641.000000
4333.000000
11551155
2787.000000
4494.000000
2772.000000
4474.000000
2755.000000
4453.000000
2735.000000
4429.000000
2713.000000
4405.000000
2689.000000
4380.000000
2665.000000
4356.000000
2641.000000
4333.000000
11551155
2787.000000
4494.000000
2772.000000
4474.000000
2755.000000
4453.000000
2735.000000
4429.000000
2713.000000
4405.000000
2689.000000
4380.000000
2665.000000
4356.000000
2641.000000
4333.000000
11551155
2792.000000
4500.000000
2779.000000
4482.000000
2763.000000
4462.000000
2745.000000
4439.000000
2724.000000
4416.000000
2702.000000
4391.000000
2678.000000
4367.000000
2654.000000
4344.000000
11551155
2792.000000
4500.000000
2779.000000
4482.000000
2763.000000
4462.000000
2745.000000
4439.000000
2724.000000
4416.000000
2702.000000
4391.000000
2678.000000
4367.000000
2654.000000
4344.000000
11551155
2792.000000
4500.000000
2779.000000
4482.000000
2763.000000
4462.000000
2745.000000
4439.000000
2724.000000
4416.000000
2702.000000
4391.000000
2678.000000
4367.000000
2654.000000
4344.000000
11551155
2793.000000
4496.000000
2779.000000
4478.000000
2762.000000
4457.000000
2743.000000
4434.000000
2721.000000
4410.000000
2698.000000
4385.000000
2674.000000
4361.000000
2650.000000
4337.000000
11551155
2793.000000
4496.000000
2779.000000
4478.000000
2762.000000
4457.000000
2743.000000
4434.000000
2721.000000
4410.000000
2698.000000
4385.000000
2674.000000
4361.000000
2650.000000
4337.000000
11551155
2793.000000
4496.000000
2779.000000
4478.000000
2762.000000
4457.000000
2743.000000
4434.000000
2721.000000
4410.000000
2698.000000
4385.000000
2674.000000
4361.000000
2650.000000
4337.000000
11551155
2780.000000
4477.000000
2765.000000
4457.000000
2747.000000
4435.000000
2727.000000
4412.000000
2705.000000
4387.000000
2682.000000
4363.000000
2658.000000
4338.000000
2634.000000
4316.000000
11551155
2780.000000
4477.000000
2765.000000
4457.000000
2747.000000
4435.000000
2727.000000
4412.000000
2705.000000
4387.000000
2682.000000
4363.000000
2658.000000
4338.000000
2634.000000
4316.000000
11551155
2780.000000
4477.000000
2765.000000
4457.000000
2747.000000
4435.000000
2727.000000
4412.000000
2705.000000
4387.000000
2682.000000
4363.000000
2658.000000
4338.000000
2634.000000
4316.000000
11551155
2804.000000
4497.000000
2793.000000
4482.000000
2779.000000
4463.000000
2762.000000
4442.000000
2742.000000
4420.000000
2720.000000
4396.000000
2697.000000
4372.000000
2673.000000
4348.000000
11551155
2804.000000
4497.000000
2793.000000
4482.000000
2779.000000
4463.000000
2762.000000
4442.000000
2742.000000
4420.000000
2720.000000
4396.000000
2697.000000
4372.000000
2673.000000
4348.000000
11551155
2804.000000
4497.000000
2793.000000
4482.000000
2779.000000
4463.000000
2762.000000
4442.000000
2742.000000
4420.000000
2720.000000
4396.000000
2697.000000
4372.000000
2673.000000
4348.000000
11551155
2800.000000
4507.000000
2787.000000
4491.000000
2779.000000
4472.000000
2765.000000
4450.000000
2748.000000
4427.000000
2728.000000
4403.000000
2705.000000
4378.000000
2682.000000
4353.000000
11551155
2800.000000
4507.000000
2787.000000
4491.000000
2779.000000
4472.000000
2765.000000
4450.000000
2748.000000
4427.000000
2728.000000
4403.000000
2705.000000
4378.000000
2682.000000
4353.000000
11551155
2800.000000
4507.000000
2787.000000
4491.000000
2779.000000
4472.000000
2765.000000
4450.000000
2748.000000
4427.000000
2728.000000
4403.000000
2705.000000
4378.000000
2682.000000
4353.000000
11551155
2810.000000
4503.000000
2801.000000
4489.000000
2789.000000
4471.000000
2774.000000
4452.000000
2739.000000
4430.000000
2717.000000
4406.000000
2705.000000
4382.000000
2686.000000
4357.000000
11551155
2810.000000
4503.000000
2801.000000
4489.000000
2789.000000
4471.000000
2774.000000
4452.000000
2739.000000
4430.000000
2717.000000
4406.000000
2705.000000
4382.000000
2686.000000
4357.000000
11551155
2810.000000
4503.000000
2801.000000
4489.000000
2789.000000
4471.000000
2774.000000
4452.000000
2739.000000
4430.000000
2717.000000
4406.000000
2705.000000
4382.000000
2686.000000
4357.000000
11551155
2809.000000
4503.000000
2801.000000
4490.000000
2791.000000
4475.000000
2778.000000
4457.000000
2762.000000
4436.000000
2743.000000
4413.000000
2722.000000
4389.000000
2699.000000
4365.000000
11551155
2809.000000
4503.000000
2801.000000
4490.000000
2791.000000
4475.000000
2778.000000
4457.000000
2762.000000
4436.000000
2743.000000
4413.000000
2722.000000
4389.000000
2699.000000
4365.000000
11551155
2809.000000
4503.000000
2801.000000
4490.000000
2791.000000
4475.000000
2778.000000
4457.000000
2762.000000
4436.000000
2743.000000
4413.000000
2722.000000
4389.000000
2699.000000
4365.000000
11551155
2809.000000
4498.000000
2800.000000
4485.000000
2788.000000
4468.000000
2773.000000
4448.000000
2756.000000
4426.000000
2736.000000
4402.000000
2714.000000
4378.000000
2691.000000
4353.000000
11551155
2809.000000
4498.000000
2800.000000
4485.000000
2788.000000
4468.000000
2773.000000
4448.000000
2756.000000
4426.000000
2736.000000
4402.000000
2714.000000
4378.000000
2691.000000
4353.000000
11551155
2809.000000
4498.000000
2800.000000
4485.000000
2788.000000
4468.000000
2773.000000
4448.000000
2756.000000
4426.000000
2736.000000
4402.000000
2714.000000
4378.000000
2691.000000
4353.000000
11551155
2810.000000
4489.000000
2799.000000
4475.000000
2786.000000
4458.000000
2769.000000
4437.000000
2750.000000
4415.000000
2729.000000
4391.000000
2706.000000
4367.000000
2682.000000
4342.000000
11551155
2810.000000
4489.000000
2799.000000
4475.000000
2786.000000
4458.000000
2769.000000
4437.000000
2750.000000
4415.000000
2729.000000
4391.000000
2706.000000
4367.000000
2682.000000
4342.000000
11551155
2810.000000
4489.000000
2799.000000
4475.000000
2786.000000
4458.000000
2769.000000
4437.000000
2750.000000
4415.000000
2729.000000
4391.000000
2706.000000
4367.000000
2682.000000
4342.000000
11551155
2804.000000
4481.000000
2794.000000
4467.000000
2781.000000
4450.000000
2766.000000
4430.000000
2748.000000
4408.000000
2727.000000
4384.000000
2704.000000
4359.000000
2680.000000
4335.000000
11551155
2804.000000
4481.000000
2794.000000
4467.000000
2781.000000
4450.000000
2766.000000
4430.000000
2748.000000
4408.000000
2727.000000
4384.000000
2704.000000
4359.000000
2680.000000
4335.000000
11551155
2804.000000
4481.000000
2794.000000
4467.000000
2781.000000
4450.000000
2766.000000
4430.000000
2748.000000
4408.000000
2727.000000
4384.000000
2704.000000
4359.000000
2680.000000
4335.000000
11551155
2799.000000
4469.000000
2788.000000
4454.000000
2775.000000
4435.000000
2759.000000
4414.000000
2740.000000
4391.000000
2718.000000
4367.000000
2695.000000
4342.000000
2671.000000
4317.000000
11551155
2799.000000
4469.000000
2788.000000
4454.000000
2775.000000
4435.000000
2759.000000
4414.000000
2740.000000
4391.000000
2718.000000
4367.000000
2695.000000
4342.000000
2671.000000
4317.000000
11551155
2799.000000
4469.000000
2788.000000
4454.000000
2775.000000
4435.000000
2759.000000
4414.000000
2740.000000
4391.000000
2718.000000
4367.000000
2695.000000
4342.000000
2671.000000
4317.000000
11551155
2784.000000
4446.000000
2771.000000
4428.000000
2755.000000
4408.000000
2737.000000
4385.000000
2716.000000
4361.000000
2693.000000
4337.000000
2669.000000
4312.000000
2645.000000
4288.000000
11551155
2784.000000
4446.000000
2771.000000
4428.000000
2755.000000
4408.000000
2737.000000
4385.000000
2716.000000
4361.000000
2693.000000
4337.000000
2669.000000
4312.000000
2645.000000
4288.000000
11551155
2784.000000
4446.000000
2771.000000
4428.000000
2755.000000
4408.000000
2737.000000
4385.000000
2716.000000
4361.000000
2693.000000
4337.000000
2669.000000
4312.000000
2645.000000
4288.000000
11551155
2792.000000
4450.000000
2781.000000
4434.000000
2767.000000
4415.000000
2750.000000
4394.000000
2731.000000
4372.000000
2710.000000
4348.000000
2687.000000
4323.000000
2663.000000
4299.000000
11551155
2792.000000
4450.000000
2781.000000
4434.000000
2767.000000
4415.000000
2750.000000
4394.000000
2731.000000
4372.000000
2710.000000
4348.000000
2687.000000
4323.000000
2663.000000
4299.000000
11551155
2792.000000
4450.000000
2781.000000
4434.000000
2767.000000
4415.000000
2750.000000
4394.000000
2731.000000
4372.000000
2710.000000
4348.000000
2687.000000
4323.000000
2663.000000
4299.000000
11551155
2799.000000
4456.000000
2788.000000
4441.000000
2774.000000
4422.000000
2758.000000
4401.000000
2739.000000
4378.000000
2718.000000
4353.000000
2695.000000
4329.000000
2671.000000
4304.000000
11551155
2799.000000
4456.000000
2788.000000
4441.000000
2774.000000
4422.000000
2758.000000
4401.000000
2739.000000
4378.000000
2718.000000
4353.000000
2695.000000
4329.000000
2671.000000
4304.000000
11551155
2799.000000
4456.000000
2788.000000
4441.000000
2774.000000
4422.000000
2758.000000
4401.000000
2739.000000
4378.000000
2718.000000
4353.000000
2695.000000
4329.000000
2671.000000
4304.000000
11551155
2796.000000
4443.000000
2784.000000
4426.000000
2769.000000
4406.000000
2751.000000
4384.000000
2731.000000
4361.000000
2709.000000
4336.000000
2685.000000
4312.000000
2661.000000
4288.000000
11551155
2796.000000
4443.000000
2784.000000
4426.000000
2769.000000
4406.000000
2751.000000
4384.000000
2731.000000
4361.000000
2709.000000
4336.000000
2685.000000
4312.000000
2661.000000
4288.000000
11551155
2796.000000
4443.000000
2784.000000
4426.000000
2769.000000
4406.000000
2751.000000
4384.000000
2731.000000
4361.000000
2709.000000
4336.000000
2685.000000
4312.000000
2661.000000
4288.000000
11551155
2798.000000
4443.000000
2786.000000
4426.000000
2772.000000
4407.000000
2755.000000
4385.000000
2736.000000
4362.000000
2714.000000
4338.000000
2691.000000
4313.000000
2668.000000
4289.000000
11551155
2798.000000
4443.000000
2786.000000
4426.000000
2772.000000
4407.000000
2755.000000
4385.000000
2736.000000
4362.000000
2714.000000
4338.000000
2691.000000
4313.000000
2668.000000
4289.000000
11551155
2798.000000
4443.000000
2786.000000
4426.000000
2772.000000
4407.000000
2755.000000
4385.000000
2736.000000
4362.000000
2714.000000
4338.000000
2691.000000
4313.000000
2668.000000
4289.000000
11551155
2793.000000
4436.000000
2781.000000
4419.000000
2765.000000
4398.000000
2747.000000
4376.000000
2726.000000
4352.000000
2703.000000
4327.000000
2679.000000
4302.000000
2655.000000
4278.000000
11551155
2793.000000
4436.000000
2781.000000
4419.000000
2765.000000
4398.000000
2747.000000
4376.000000
2726.000000
4352.000000
2703.000000
4327.000000
2679.000000
4302.000000
2655.000000
4278.000000
11551155
2793.000000
4436.000000
2781.000000
4419.000000
2765.000000
4398.000000
2747.000000
4376.000000
2726.000000
4352.000000
2703.000000
4327.000000
2679.000000
4302.000000
2655.000000
4278.000000
11551155
2778.000000
4409.000000
2764.000000
4391.000000
2748.000000
4370.000000
2729.000000
4347.000000
2707.000000
4323.000000
2684.000000
4298.000000
2659.000000
4273.000000
2634.000000
4249.000000
11551155
2778.000000
4409.000000
2764.000000
4391.000000
2748.000000
4370.000000
2729.000000
4347.000000
2707.000000
4323.000000
2684.000000
4298.000000
2659.000000
4273.000000
2634.000000
4249.000000
11551155
2778.000000
4409.000000
2764.000000
4391.000000
2748.000000
4370.000000
2729.000000
4347.000000
2707.000000
4323.000000
2684.000000
4298.000000
2659.000000
4273.000000
2634.000000
4249.000000
11551155
2761.000000
4395.000000
2748.000000
4376.000000
2732.000000
4356.000000
2713.000000
4333.000000
2692.000000
4308.000000
2669.000000
4284.000000
2645.000000
4259.000000
2620.000000
4235.000000
11551155
2761.000000
4395.000000
2748.000000
4376.000000
2732.000000
4356.000000
2713.000000
4333.000000
2692.000000
4308.000000
2669.000000
4284.000000
2645.000000
4259.000000
2620.000000
4235.000000
11551155
2761.000000
4395.000000
2748.000000
4376.000000
2732.000000
4356.000000
2713.000000
4333.000000
2692.000000
4308.000000
2669.000000
4284.000000
2645.000000
4259.000000
2620.000000
4235.000000
11551155
2752.000000
4379.000000
2737.000000
4360.000000
2719.000000
4338.000000
2698.000000
4314.000000
2675.000000
4289.000000
2651.000000
4263.000000
2626.000000
4238.000000
2602.000000
4214.000000
11551155
2752.000000
4379.000000
2737.000000
4360.000000
2719.000000
4338.000000
2698.000000
4314.000000
2675.000000
4289.000000
2651.000000
4263.000000
2626.000000
4238.000000
2602.000000
4214.000000
11551155
2752.000000
4379.000000
2737.000000
4360.000000
2719.000000
4338.000000
2698.000000
4314.000000
2675.000000
4289.000000
2651.000000
4263.000000
2626.000000
4238.000000
2602.000000
4214.000000
11551155
2747.000000
4370.000000
2732.000000
4350.000000
2714.000000
4328.000000
2693.000000
4304.000000
2670.000000
4279.000000
2646.000000
4253.000000
2621.000000
4228.000000
2596.000000
4205.000000
11551155
2747.000000
4370.000000
2732.000000
4350.000000
2714.000000
4328.000000
2693.000000
4304.000000
2670.000000
4279.000000
2646.000000
4253.000000
2621.000000
4228.000000
2596.000000
4205.000000
11551155
2747.000000
4370.000000
2732.000000
4350.000000
2714.000000
4328.000000
2693.000000
4304.000000
2670.000000
4279.000000
2646.000000
4253.000000
2621.000000
4228.000000
2596.000000
4205.000000
11551155
2759.000000
4389.000000
2751.000000
4373.000000
2738.000000
4353.000000
2722.000000
4332.000000
2702.000000
4308.000000
2680.000000
4284.000000
2656.000000
4259.000000
2631.000000
4235.000000
11551155
2759.000000
4389.000000
2751.000000
4373.000000
2738.000000
4353.000000
2722.000000
4332.000000
2702.000000
4308.000000
2680.000000
4284.000000
2656.000000
4259.000000
2631.000000
4235.000000
11551155
2759.000000
4389.000000
2751.000000
4373.000000
2738.000000
4353.000000
2722.000000
4332.000000
2702.000000
4308.000000
2680.000000
4284.000000
2656.000000
4259.000000
2631.000000
4235.000000
11551155
2768.000000
4395.000000
2757.000000
4379.000000
2743.000000
4361.000000
2726.000000
4340.000000
2687.000000
4317.000000
2663.000000
4293.000000
2650.000000
4268.000000
2631.000000
4243.000000
11551155
2768.000000
4395.000000
2757.000000
4379.000000
2743.000000
4361.000000
2726.000000
4340.000000
2687.000000
4317.000000
2663.000000
4293.000000
2650.000000
4268.000000
2631.000000
4243.000000
11551155
2768.000000
4395.000000
2757.000000
4379.000000
2743.000000
4361.000000
2726.000000
4340.000000
2687.000000
4317.000000
2663.000000
4293.000000
2650.000000
4268.000000
2631.000000
4243.000000
11551155
2781.000000
4409.000000
2772.000000
4396.000000
2761.000000
4380.000000
2747.000000
4361.000000
2730.000000
4339.000000
2710.000000
4316.000000
2688.000000
4292.000000
2665.000000
4267.000000
11551155
2781.000000
4409.000000
2772.000000
4396.000000
2761.000000
4380.000000
2747.000000
4361.000000
2730.000000
4339.000000
2710.000000
4316.000000
2688.000000
4292.000000
2665.000000
4267.000000
11551155
2781.000000
4409.000000
2772.000000
4396.000000
2761.000000
4380.000000
2747.000000
4361.000000
2730.000000
4339.000000
2710.000000
4316.000000
2688.000000
4292.000000
2665.000000
4267.000000
11551155
2793.000000
4419.000000
2787.000000
4409.000000
2779.000000
4395.000000
2768.000000
4379.000000
2754.000000
4360.000000
2737.000000
4339.000000
2718.000000
4316.000000
2696.000000
4292.000000
11551155
2793.000000
4419.000000
2787.000000
4409.000000
2779.000000
4395.000000
2768.000000
4379.000000
2754.000000
4360.000000
2737.000000
4339.000000
2718.000000
4316.000000
2696.000000
4292.000000
11551155
2793.000000
4419.000000
2787.000000
4409.000000
2779.000000
4395.000000
2768.000000
4379.000000
2754.000000
4360.000000
2737.000000
4339.000000
2718.000000
4316.000000
2696.000000
4292.000000
11551155
2790.000000
4402.000000
2780.000000
4387.000000
2767.000000
4370.000000
2751.000000
4349.000000
2732.000000
4327.000000
2711.000000
4303.000000
2688.000000
4279.000000
2664.000000
4255.000000
11551155
2790.000000
4402.000000
2780.000000
4387.000000
2767.000000
4370.000000
2751.000000
4349.000000
2732.000000
4327.000000
2711.000000
4303.000000
2688.000000
4279.000000
2664.000000
4255.000000
11551155
2790.000000
4402.000000
2780.000000
4387.000000
2767.000000
4370.000000
2751.000000
4349.000000
2732.000000
4327.000000
2711.000000
4303.000000
2688.000000
4279.000000
2664.000000
4255.000000
11551155
2786.000000
4400.000000
2775.000000
4384.000000
2761.000000
4366.000000
2744.000000
4344.000000
2725.000000
4322.000000
2703.000000
4297.000000
2680.000000
4273.000000
2656.000000
4248.000000
11551155
2786.000000
4400.000000
2775.000000
4384.000000
2761.000000
4366.000000
2744.000000
4344.000000
2725.000000
4322.000000
2703.000000
4297.000000
2680.000000
4273.000000
2656.000000
4248.000000
11551155
2786.000000
4400.000000
2775.000000
4384.000000
2761.000000
4366.000000
2744.000000
4344.000000
2725.000000
4322.000000
2703.000000
4297.000000
2680.000000
4273.000000
2656.000000
4248.000000
11551155
2779.000000
4383.000000
2767.000000
4367.000000
2752.000000
4347.000000
2734.000000
4325.000000
2714.000000
4302.000000
2692.000000
4277.000000
2668.000000
4253.000000
2643.000000
4228.000000
11551155
2779.000000
4383.000000
2767.000000
4367.000000
2752.000000
4347.000000
2734.000000
4325.000000
2714.000000
4302.000000
2692.000000
4277.000000
2668.000000
4253.000000
2643.000000
4228.000000
11551155
2779.000000
4383.000000
2767.000000
4367.000000
2752.000000
4347.000000
2734.000000
4325.000000
2714.000000
4302.000000
2692.000000
4277.000000
2668.000000
4253.000000
2643.000000
4228.000000
11551155
2759.000000
4360.000000
2744.000000
4340.000000
2726.000000
4318.000000
2706.000000
4294.000000
2683.000000
4269.000000
2659.000000
4244.000000
2634.000000
4219.000000
2609.000000
4195.000000
11551155
2759.000000
4360.000000
2744.000000
4340.000000
2726.000000
4318.000000
2706.000000
4294.000000
2683.000000
4269.000000
2659.000000
4244.000000
2634.000000
4219.000000
2609.000000
4195.000000
11551155
2759.000000
4360.000000
2744.000000
4340.000000
2726.000000
4318.000000
2706.000000
4294.000000
2683.000000
4269.000000
2659.000000
4244.000000
2634.000000
4219.000000
2609.000000
4195.000000
11551155
2741.000000
4339.000000
2726.000000
4318.000000
2707.000000
4296.000000
2686.000000
4272.000000
2663.000000
4246.000000
2639.000000
4221.000000
2614.000000
4195.000000
2589.000000
4171.000000
11551155
2741.000000
4339.000000
2726.000000
4318.000000
2707.000000
4296.000000
2686.000000
4272.000000
2663.000000
4246.000000
2639.000000
4221.000000
2614.000000
4195.000000
2589.000000
4171.000000
11551155
2741.000000
4339.000000
2726.000000
4318.000000
2707.000000
4296.000000
2686.000000
4272.000000
2663.000000
4246.000000
2639.000000
4221.000000
2614.000000
4195.000000
2589.000000
4171.000000
11551155
2720.000000
4313.000000
2703.000000
4292.000000
2683.000000
4268.000000
2662.000000
4244.000000
2639.000000
4219.000000
2614.000000
4193.000000
2590.000000
4169.000000
2566.000000
4146.000000
11551155
2720.000000
4313.000000
2703.000000
4292.000000
2683.000000
4268.000000
2662.000000
4244.000000
2639.000000
4219.000000
2614.000000
4193.000000
2590.000000
4169.000000
2566.000000
4146.000000
11551155
2720.000000
4313.000000
2703.000000
4292.000000
2683.000000
4268.000000
2662.000000
4244.000000
2639.000000
4219.000000
2614.000000
4193.000000
2590.000000
4169.000000
2566.000000
4146.000000
11551155
2728.000000
4317.000000
2711.000000
4297.000000
2692.000000
4274.000000
2670.000000
4249.000000
2647.000000
4224.000000
2622.000000
4199.000000
2596.000000
4174.000000
2571.000000
4151.000000
11551155
2728.000000
4317.000000
2711.000000
4297.000000
2692.000000
4274.000000
2670.000000
4249.000000
2647.000000
4224.000000
2622.000000
4199.000000
2596.000000
4174.000000
2571.000000
4151.000000
11551155
2728.000000
4317.000000
2711.000000
4297.000000
2692.000000
4274.000000
2670.000000
4249.000000
2647.000000
4224.000000
2622.000000
4199.000000
2596.000000
4174.000000
2571.000000
4151.000000
11551155
2726.000000
4312.000000
2711.000000
4292.000000
2693.000000
4269.000000
2672.000000
4245.000000
2649.000000
4219.000000
2624.000000
4194.000000
2599.000000
4168.000000
2573.000000
4144.000000
11551155
2726.000000
4312.000000
2711.000000
4292.000000
2693.000000
4269.000000
2672.000000
4245.000000
2649.000000
4219.000000
2624.000000
4194.000000
2599.000000
4168.000000
2573.000000
4144.000000
11551155
2726.000000
4312.000000
2711.000000
4292.000000
2693.000000
4269.000000
2672.000000
4245.000000
2649.000000
4219.000000
2624.000000
4194.000000
2599.000000
4168.000000
2573.000000
4144.000000
11551155
2721.000000
4312.000000
2706.000000
4292.000000
2688.000000
4270.000000
2667.000000
4246.000000
2644.000000
4221.000000
2620.000000
4196.000000
2595.000000
4171.000000
2570.000000
4148.000000
11551155
2721.000000
4312.000000
2706.000000
4292.000000
2688.000000
4270.000000
2667.000000
4246.000000
2644.000000
4221.000000
2620.000000
4196.000000
2595.000000
4171.000000
2570.000000
4148.000000
11551155
2721.000000
4312.000000
2706.000000
4292.000000
2688.000000
4270.000000
2667.000000
4246.000000
2644.000000
4221.000000
2620.000000
4196.000000
2595.000000
4171.000000
2570.000000
4148.000000
11551155
2714.000000
4313.000000
2695.000000
4293.000000
2684.000000
4271.000000
2667.000000
4246.000000
2646.000000
4221.000000
2623.000000
4196.000000
2598.000000
4171.000000
2573.000000
4147.000000
11551155
2714.000000
4313.000000
2695.000000
4293.000000
2684.000000
4271.000000
2667.000000
4246.000000
2646.000000
4221.000000
2623.000000
4196.000000
2598.000000
4171.000000
2573.000000
4147.000000
11551155
2714.000000
4313.000000
2695.000000
4293.000000
2684.000000
4271.000000
2667.000000
4246.000000
2646.000000
4221.000000
2623.000000
4196.000000
2598.000000
4171.000000
2573.000000
4147.000000
11551155
2754.000000
4353.000000
2746.000000
4340.000000
2735.000000
4325.000000
2721.000000
4306.000000
2705.000000
4285.000000
2667.000000
4262.000000
2643.000000
4237.000000
2630.000000
4212.000000
11551155
2754.000000
4353.000000
2746.000000
4340.000000
2735.000000
4325.000000
2721.000000
4306.000000
2705.000000
4285.000000
2667.000000
4262.000000
2643.000000
4237.000000
2630.000000
4212.000000
11551155
2754.000000
4353.000000
2746.000000
4340.000000
2735.000000
4325.000000
2721.000000
4306.000000
2705.000000
4285.000000
2667.000000
4262.000000
2643.000000
4237.000000
2630.000000
4212.000000
11551155
2741.000000
4338.000000
2730.000000
4323.000000
2716.000000
4305.000000
2700.000000
4285.000000
2681.000000
4263.000000
2659.000000
4239.000000
2636.000000
4215.000000
2611.000000
4190.000000
11551155
2741.000000
4338.000000
2730.000000
4323.000000
2716.000000
4305.000000
2700.000000
4285.000000
2681.000000
4263.000000
2659.000000
4239.000000
2636.000000
4215.000000
2611.000000
4190.000000
11551155
2741.000000
4338.000000
2730.000000
4323.000000
2716.000000
4305.000000
2700.000000
4285.000000
2681.000000
4263.000000
2659.000000
4239.000000
2636.000000
4215.000000
2611.000000
4190.000000
11551155
2756.000000
4351.000000
2746.000000
4338.000000
2734.000000
4321.000000
2718.000000
4301.000000
2700.000000
4279.000000
2679.000000
4256.000000
2656.000000
4231.000000
2632.000000
4206.000000
11551155
2756.000000
4351.000000
2746.000000
4338.000000
2734.000000
4321.000000
2718.000000
4301.000000
2700.000000
4279.000000
2679.000000
4256.000000
2656.000000
4231.000000
2632.000000
4206.000000
11551155
2756.000000
4351.000000
2746.000000
4338.000000
2734.000000
4321.000000
2718.000000
4301.000000
2700.000000
4279.000000
2679.000000
4256.000000
2656.000000
4231.000000
2632.000000
4206.000000
11551155
2759.000000
4351.000000
2750.000000
4338.000000
2738.000000
4321.000000
2723.000000
4301.000000
2705.000000
4279.000000
2684.000000
4256.000000
2661.000000
4231.000000
2637.000000
4206.000000
11551155
2759.000000
4351.000000
2750.000000
4338.000000
2738.000000
4321.000000
2723.000000
4301.000000
2705.000000
4279.000000
2684.000000
4256.000000
2661.000000
4231.000000
2637.000000
4206.000000
11551155
2759.000000
4351.000000
2750.000000
4338.000000
2738.000000
4321.000000
2723.000000
4301.000000
2705.000000
4279.000000
2684.000000
4256.000000
2661.000000
4231.000000
2637.000000
4206.000000
11551155
2741.000000
4326.000000
2727.000000
4309.000000
2711.000000
4290.000000
2692.000000
4268.000000
2671.000000
4245.000000
2647.000000
4221.000000
2622.000000
4196.000000
2597.000000
4173.000000
11551155
2741.000000
4326.000000
2727.000000
4309.000000
2711.000000
4290.000000
2692.000000
4268.000000
2671.000000
4245.000000
2647.000000
4221.000000
2622.000000
4196.000000
2597.000000
4173.000000
11551155
2741.000000
4326.000000
2727.000000
4309.000000
2711.000000
4290.000000
2692.000000
4268.000000
2671.000000
4245.000000
2647.000000
4221.000000
2622.000000
4196.000000
2597.000000
4173.000000
11551155
2746.000000
4335.000000
2734.000000
4318.000000
2720.000000
4299.000000
2702.000000
4277.000000
2682.000000
4254.000000
2659.000000
4229.000000
2635.000000
4204.000000
2610.000000
4179.000000
11551155
2746.000000
4335.000000
2734.000000
4318.000000
2720.000000
4299.000000
2702.000000
4277.000000
2682.000000
4254.000000
2659.000000
4229.000000
2635.000000
4204.000000
2610.000000
4179.000000
11551155
2746.000000
4335.000000
2734.000000
4318.000000
2720.000000
4299.000000
2702.000000
4277.000000
2682.000000
4254.000000
2659.000000
4229.000000
2635.000000
4204.000000
2610.000000
4179.000000
11551155
2736.000000
4320.000000
2723.000000
4302.000000
2707.000000
4282.000000
2689.000000
4259.000000
2668.000000
4234.000000
2645.000000
4209.000000
2620.000000
4183.000000
2595.000000
4158.000000
11551155
2736.000000
4320.000000
2723.000000
4302.000000
2707.000000
4282.000000
2689.000000
4259.000000
2668.000000
4234.000000
2645.000000
4209.000000
2620.000000
4183.000000
2595.000000
4158.000000
11551155
2736.000000
4320.000000
2723.000000
4302.000000
2707.000000
4282.000000
2689.000000
4259.000000
2668.000000
4234.000000
2645.000000
4209.000000
2620.000000
4183.000000
2595.000000
4158.000000
11551155
2714.000000
4289.000000
2697.000000
4268.000000
2678.000000
4246.000000
2656.000000
4222.000000
2633.000000
4197.000000
2608.000000
4172.000000
2583.000000
4148.000000
2558.000000
4125.000000
11551155
2714.000000
4289.000000
2697.000000
4268.000000
2678.000000
4246.000000
2656.000000
4222.000000
2633.000000
4197.000000
2608.000000
4172.000000
2583.000000
4148.000000
2558.000000
4125.000000
11551155
2714.000000
4289.000000
2697.000000
4268.000000
2678.000000
4246.000000
2656.000000
4222.000000
2633.000000
4197.000000
2608.000000
4172.000000
2583.000000
4148.000000
2558.000000
4125.000000
11551155
2732.000000
4305.000000
2718.000000
4288.000000
2702.000000
4267.000000
2682.000000
4245.000000
2660.000000
4221.000000
2636.000000
4196.000000
2611.000000
4171.000000
2586.000000
4147.000000
11551155
2732.000000
4305.000000
2718.000000
4288.000000
2702.000000
4267.000000
2682.000000
4245.000000
2660.000000
4221.000000
2636.000000
4196.000000
2611.000000
4171.000000
2586.000000
4147.000000
11551155
2732.000000
4305.000000
2718.000000
4288.000000
2702.000000
4267.000000
2682.000000
4245.000000
2660.000000
4221.000000
2636.000000
4196.000000
2611.000000
4171.000000
2586.000000
4147.000000
11551155
2731.000000
4308.000000
2718.000000
4290.000000
2702.000000
4269.000000
2683.000000
4246.000000
2661.000000
4222.000000
2638.000000
4196.000000
2613.000000
4171.000000
2588.000000
4146.000000
11551155
2731.000000
4308.000000
2718.000000
4290.000000
2702.000000
4269.000000
2683.000000
4246.000000
2661.000000
4222.000000
2638.000000
4196.000000
2613.000000
4171.000000
2588.000000
4146.000000
11551155
2731.000000
4308.000000
2718.000000
4290.000000
2702.000000
4269.000000
2683.000000
4246.000000
2661.000000
4222.000000
2638.000000
4196.000000
2613.000000
4171.000000
2588.000000
4146.000000
11551155
2715.000000
4280.000000
2699.000000
4260.000000
2681.000000
4238.000000
2660.000000
4215.000000
2637.000000
4190.000000
2613.000000
4165.000000
2588.000000
4141.000000
2563.000000
4119.000000
11551155
2715.000000
4280.000000
2699.000000
4260.000000
2681.000000
4238.000000
2660.000000
4215.000000
2637.000000
4190.000000
2613.000000
4165.000000
2588.000000
4141.000000
2563.000000
4119.000000
11551155
2715.000000
4280.000000
2699.000000
4260.000000
2681.000000
4238.000000
2660.000000
4215.000000
2637.000000
4190.000000
2613.000000
4165.000000
2588.000000
4141.000000
2563.000000
4119.000000
11551155
2732.000000
4300.000000
2718.000000
4282.000000
2702.000000
4261.000000
2683.000000
4239.000000
2661.000000
4214.000000
2638.000000
4189.000000
2613.000000
4164.000000
2588.000000
4140.000000
11551155
2732.000000
4300.000000
2718.000000
4282.000000
2702.000000
4261.000000
2683.000000
4239.000000
2661.000000
4214.000000
2638.000000
4189.000000
2613.000000
4164.000000
2588.000000
4140.000000
11551155
2732.000000
4300.000000
2718.000000
4282.000000
2702.000000
4261.000000
2683.000000
4239.000000
2661.000000
4214.000000
2638.000000
4189.000000
2613.000000
4164.000000
2588.000000
4140.000000
11551155
2726.000000
4296.000000
2713.000000
4278.000000
2697.000000
4257.000000
2678.000000
4234.000000
2657.000000
4210.000000
2634.000000
4184.000000
2609.000000
4159.000000
2583.000000
4135.000000
11551155
2726.000000
4296.000000
2713.000000
4278.000000
2697.000000
4257.000000
2678.000000
4234.000000
2657.000000
4210.000000
2634.000000
4184.000000
2609.000000
4159.000000
2583.000000
4135.000000
11551155
2726.000000
4296.000000
2713.000000
4278.000000
2697.000000
4257.000000
2678.000000
4234.000000
2657.000000
4210.000000
2634.000000
4184.000000
2609.000000
4159.000000
2583.000000
4135.000000
11551155
2707.000000
4275.000000
2693.000000
4255.000000
2676.000000
4233.000000
2636.000000
4210.000000
2612.000000
4185.000000
2599.000000
4160.000000
2580.000000
4135.000000
2557.000000
4111.000000
11551155
2707.000000
4275.000000
2693.000000
4255.000000
2676.000000
4233.000000
2636.000000
4210.000000
2612.000000
4185.000000
2599.000000
4160.000000
2580.000000
4135.000000
2557.000000
4111.000000
11551155
2707.000000
4275.000000
2693.000000
4255.000000
2676.000000
4233.000000
2636.000000
4210.000000
2612.000000
4185.000000
2599.000000
4160.000000
2580.000000
4135.000000
2557.000000
4111.000000
11551155
2715.000000
4286.000000
2703.000000
4270.000000
2689.000000
4251.000000
2671.000000
4229.000000
2651.000000
4205.000000
2629.000000
4180.000000
2605.000000
4154.000000
2579.000000
4129.000000
11551155
2715.000000
4286.000000
2703.000000
4270.000000
2689.000000
4251.000000
2671.000000
4229.000000
2651.000000
4205.000000
2629.000000
4180.000000
2605.000000
4154.000000
2579.000000
4129.000000
11551155
2715.000000
4286.000000
2703.000000
4270.000000
2689.000000
4251.000000
2671.000000
4229.000000
2651.000000
4205.000000
2629.000000
4180.000000
2605.000000
4154.000000
2579.000000
4129.000000
11551155
2687.000000
4254.000000
2672.000000
4235.000000
2654.000000
4213.000000
2634.000000
4190.000000
2611.000000
4164.000000
2587.000000
4139.000000
2562.000000
4113.000000
2536.000000
4088.000000
11551155
2687.000000
4254.000000
2672.000000
4235.000000
2654.000000
4213.000000
2634.000000
4190.000000
2611.000000
4164.000000
2587.000000
4139.000000
2562.000000
4113.000000
2536.000000
4088.000000
11551155
2687.000000
4254.000000
2672.000000
4235.000000
2654.000000
4213.000000
2634.000000
4190.000000
2611.000000
4164.000000
2587.000000
4139.000000
2562.000000
4113.000000
2536.000000
4088.000000
11551155
2654.000000
4212.000000
2636.000000
4189.000000
2615.000000
4165.000000
2592.000000
4139.000000
2567.000000
4113.000000
2542.000000
4087.000000
2516.000000
4062.000000
2491.000000
4038.000000
11551155
2654.000000
4212.000000
2636.000000
4189.000000
2615.000000
4165.000000
2592.000000
4139.000000
2567.000000
4113.000000
2542.000000
4087.000000
2516.000000
4062.000000
2491.000000
4038.000000
11551155
2654.000000
4212.000000
2636.000000
4189.000000
2615.000000
4165.000000
2592.000000
4139.000000
2567.000000
4113.000000
2542.000000
4087.000000
2516.000000
4062.000000
2491.000000
4038.000000
11551155
2645.000000
4206.000000
2627.000000
4184.000000
2607.000000
4160.000000
2584.000000
4135.000000
2560.000000
4109.000000
2534.000000
4084.000000
2508.000000
4059.000000
2483.000000
4036.000000
11551155
2645.000000
4206.000000
2627.000000
4184.000000
2607.000000
4160.000000
2584.000000
4135.000000
2560.000000
4109.000000
2534.000000
4084.000000
2508.000000
4059.000000
2483.000000
4036.000000
11551155
2645.000000
4206.000000
2627.000000
4184.000000
2607.000000
4160.000000
2584.000000
4135.000000
2560.000000
4109.000000
2534.000000
4084.000000
2508.000000
4059.000000
2483.000000
4036.000000
11551155
2641.000000
4204.000000
2623.000000
4183.000000
2602.000000
4159.000000
2579.000000
4134.000000
2555.000000
4109.000000
2530.000000
4084.000000
2506.000000
4061.000000
2482.000000
4039.000000
11551155
2641.000000
4204.000000
2623.000000
4183.000000
2602.000000
4159.000000
2579.000000
4134.000000
2555.000000
4109.000000
2530.000000
4084.000000
2506.000000
4061.000000
2482.000000
4039.000000
11551155
2641.000000
4204.000000
2623.000000
4183.000000
2602.000000
4159.000000
2579.000000
4134.000000
2555.000000
4109.000000
2530.000000
4084.000000
2506.000000
4061.000000
2482.000000
4039.000000
11551155
2666.000000
4228.000000
2649.000000
4207.000000
2629.000000
4184.000000
2607.000000
4159.000000
2583.000000
4134.000000
2558.000000
4108.000000
2532.000000
4083.000000
2507.000000
4059.000000
11551155
2666.000000
4228.000000
2649.000000
4207.000000
2629.000000
4184.000000
2607.000000
4159.000000
2583.000000
4134.000000
2558.000000
4108.000000
2532.000000
4083.000000
2507.000000
4059.000000
11551155
2666.000000
4228.000000
2649.000000
4207.000000
2629.000000
4184.000000
2607.000000
4159.000000
2583.000000
4134.000000
2558.000000
4108.000000
2532.000000
4083.000000
2507.000000
4059.000000
11551155
2690.000000
4253.000000
2676.000000
4235.000000
2660.000000
4213.000000
2640.000000
4189.000000
2618.000000
4165.000000
2594.000000
4139.000000
2569.000000
4114.000000
2544.000000
4089.000000
11551155
2690.000000
4253.000000
2676.000000
4235.000000
2660.000000
4213.000000
2640.000000
4189.000000
2618.000000
4165.000000
2594.000000
4139.000000
2569.000000
4114.000000
2544.000000
4089.000000
11551155
2690.000000
4253.000000
2676.000000
4235.000000
2660.000000
4213.000000
2640.000000
4189.000000
2618.000000
4165.000000
2594.000000
4139.000000
2569.000000
4114.000000
2544.000000
4089.000000
11551155
2715.000000
4279.000000
2703.000000
4262.000000
2689.000000
4243.000000
2671.000000
4221.000000
2651.000000
4198.000000
2628.000000
4173.000000
2604.000000
4148.000000
2579.000000
4123.000000
11551155
2715.000000
4279.000000
2703.000000
4262.000000
2689.000000
4243.000000
2671.000000
4221.000000
2651.000000
4198.000000
2628.000000
4173.000000
2604.000000
4148.000000
2579.000000
4123.000000
11551155
2715.000000
4279.000000
2703.000000
4262.000000
2689.000000
4243.000000
2671.000000
4221.000000
2651.000000
4198.000000
2628.000000
4173.000000
2604.000000
4148.000000
2579.000000
4123.000000
11551155
2709.000000
4275.000000
2692.000000
4257.000000
2682.000000
4236.000000
2666.000000
4213.000000
2646.000000
4189.000000
2623.000000
4165.000000
2598.000000
4140.000000
2573.000000
4116.000000
11551155
2709.000000
4275.000000
2692.000000
4257.000000
2682.000000
4236.000000
2666.000000
4213.000000
2646.000000
4189.000000
2623.000000
4165.000000
2598.000000
4140.000000
2573.000000
4116.000000
11551155
2709.000000
4275.000000
2692.000000
4257.000000
2682.000000
4236.000000
2666.000000
4213.000000
2646.000000
4189.000000
2623.000000
4165.000000
2598.000000
4140.000000
2573.000000
4116.000000
11551155
2752.000000
4311.000000
2744.000000
4299.000000
2733.000000
4284.000000
2719.000000
4267.000000
2703.000000
4246.000000
2684.000000
4224.000000
2662.000000
4200.000000
2639.000000
4176.000000
11551155
2752.000000
4311.000000
2744.000000
4299.000000
2733.000000
4284.000000
2719.000000
4267.000000
2703.000000
4246.000000
2684.000000
4224.000000
2662.000000
4200.000000
2639.000000
4176.000000
11551155
2752.000000
4311.000000
2744.000000
4299.000000
2733.000000
4284.000000
2719.000000
4267.000000
2703.000000
4246.000000
2684.000000
4224.000000
2662.000000
4200.000000
2639.000000
4176.000000
11551155
2763.000000

