11551155
8969.000000
11330.000000
8922.000000
11282.000000
8866.000000
11229.000000
8801.000000
11170.000000
8729.000000
11109.000000
8652.000000
11047.000000
8572.000000
10986.000000
8492.000000
10928.000000
11551155
9236.000000
11577.000000
9188.000000
11528.000000
9130.000000
11473.000000
9063.000000
11412.000000
8988.000000
11349.000000
8908.000000
11284.000000
8824.000000
11220.000000
8740.000000
11160.000000
11551155
9236.000000
11577.000000
9188.000000
11528.000000
9130.000000
11473.000000
9063.000000
11412.000000
8988.000000
11349.000000
8908.000000
11284.000000
8824.000000
11220.000000
8740.000000
11160.000000
11551155
9368.000000
11712.000000
9313.000000
11659.000000
9248.000000
11599.000000
9175.000000
11534.000000
9096.000000
11469.000000
9012.000000
11402.000000
8927.000000
11339.000000
8843.000000
11279.000000
11551155
9368.000000
11712.000000
9313.000000
11659.000000
9248.000000
11599.000000
9175.000000
11534.000000
9096.000000
11469.000000
9012.000000
11402.000000
8927.000000
11339.000000
8843.000000
11279.000000
11551155
9368.000000
11712.000000
9313.000000
11659.000000
9248.000000
11599.000000
9175.000000
11534.000000
9096.000000
11469.000000
9012.000000
11402.000000
8927.000000
11339.000000
8843.000000
11279.000000
11551155
9573.000000
11906.000000
9531.000000
11861.000000
9478.000000
11807.000000
9414.000000
11748.000000
9341.000000
11683.000000
9261.000000
11616.000000
9176.000000
11548.000000
9088.000000
11482.000000
11551155
9573.000000
11906.000000
9531.000000
11861.000000
9478.000000
11807.000000
9414.000000
11748.000000
9341.000000
11683.000000
9261.000000
11616.000000
9176.000000
11548.000000
9088.000000
11482.000000
11551155
9573.000000
11906.000000
9531.000000
11861.000000
9478.000000
11807.000000
9414.000000
11748.000000
9341.000000
11683.000000
9261.000000
11616.000000
9176.000000
11548.000000
9088.000000
11482.000000
11551155
9701.000000
12029.000000
9663.000000
11986.000000
9614.000000
11935.000000
9554.000000
11878.000000
9483.000000
11814.000000
9404.000000
11747.000000
9319.000000
11678.000000
9230.000000
11609.000000
11551155
9701.000000
12029.000000
9663.000000
11986.000000
9614.000000
11935.000000
9554.000000
11878.000000
9483.000000
11814.000000
9404.000000
11747.000000
9319.000000
11678.000000
9230.000000
11609.000000
11551155
9701.000000
12029.000000
9663.000000
11986.000000
9614.000000
11935.000000
9554.000000
11878.000000
9483.000000
11814.000000
9404.000000
11747.000000
9319.000000
11678.000000
9230.000000
11609.000000
11551155
9766.000000
12099.000000
9729.000000
12058.000000
9681.000000
12009.000000
9623.000000
11952.000000
9485.000000
11889.000000
9398.000000
11821.000000
9352.000000
11751.000000
9282.000000
11681.000000
11551155
9766.000000
12099.000000
9729.000000
12058.000000
9681.000000
12009.000000
9623.000000
11952.000000
9485.000000
11889.000000
9398.000000
11821.000000
9352.000000
11751.000000
9282.000000
11681.000000
11551155
9766.000000
12099.000000
9729.000000
12058.000000
9681.000000
12009.000000
9623.000000
11952.000000
9485.000000
11889.000000
9398.000000
11821.000000
9352.000000
11751.000000
9282.000000
11681.000000
11551155
9792.000000
12128.000000
9755.000000
12086.000000
9707.000000
12036.000000
9648.000000
11978.000000
9578.000000
11914.000000
9499.000000
11846.000000
9413.000000
11775.000000
9323.000000
11705.000000
11551155
9792.000000
12128.000000
9755.000000
12086.000000
9707.000000
12036.000000
9648.000000
11978.000000
9578.000000
11914.000000
9499.000000
11846.000000
9413.000000
11775.000000
9323.000000
11705.000000
11551155
9792.000000
12128.000000
9755.000000
12086.000000
9707.000000
12036.000000
9648.000000
11978.000000
9578.000000
11914.000000
9499.000000
11846.000000
9413.000000
11775.000000
9323.000000
11705.000000
11551155
9801.000000
12142.000000
9761.000000
12098.000000
9709.000000
12046.000000
9646.000000
11987.000000
9573.000000
11922.000000
9491.000000
11852.000000
9402.000000
11781.000000
9310.000000
11711.000000
11551155
9801.000000
12142.000000
9761.000000
12098.000000
9709.000000
12046.000000
9646.000000
11987.000000
9573.000000
11922.000000
9491.000000
11852.000000
9402.000000
11781.000000
9310.000000
11711.000000
11551155
9801.000000
12142.000000
9761.000000
12098.000000
9709.000000
12046.000000
9646.000000
11987.000000
9573.000000
11922.000000
9491.000000
11852.000000
9402.000000
11781.000000
9310.000000
11711.000000
11551155
9743.000000
12089.000000
9687.000000
12033.000000
9620.000000
11970.000000
9542.000000
11901.000000
9457.000000
11829.000000
9366.000000
11756.000000
9272.000000
11685.000000
9178.000000
11617.000000
11551155
9743.000000
12089.000000
9687.000000
12033.000000
9620.000000
11970.000000
9542.000000
11901.000000
9457.000000
11829.000000
9366.000000
11756.000000
9272.000000
11685.000000
9178.000000
11617.000000
11551155
9743.000000
12089.000000
9687.000000
12033.000000
9620.000000
11970.000000
9542.000000
11901.000000
9457.000000
11829.000000
9366.000000
11756.000000
9272.000000
11685.000000
9178.000000
11617.000000
11551155
9695.000000
12054.000000
9634.000000
11995.000000
9562.000000
11929.000000
9480.000000
11860.000000
9391.000000
11787.000000
9298.000000
11716.000000
9203.000000
11646.000000
9110.000000
11580.000000
11551155
9695.000000
12054.000000
9634.000000
11995.000000
9562.000000
11929.000000
9480.000000
11860.000000
9391.000000
11787.000000
9298.000000
11716.000000
9203.000000
11646.000000
9110.000000
11580.000000
11551155
9619.000000
11993.000000
9549.000000
11929.000000
9469.000000
11861.000000
9382.000000
11789.000000
9289.000000
11718.000000
9195.000000
11648.000000
9101.000000
11582.000000
9011.000000
11523.000000
11551155
9619.000000
11993.000000
9549.000000
11929.000000
9469.000000
11861.000000
9382.000000
11789.000000
9289.000000
11718.000000
9195.000000
11648.000000
9101.000000
11582.000000
9011.000000
11523.000000
11551155
9619.000000
11993.000000
9549.000000
11929.000000
9469.000000
11861.000000
9382.000000
11789.000000
9289.000000
11718.000000
9195.000000
11648.000000
9101.000000
11582.000000
9011.000000
11523.000000
11551155
9551.000000
11950.000000
9476.000000
11883.000000
9392.000000
11812.000000
9301.000000
11739.000000
9206.000000
11667.000000
9109.000000
11597.000000
9015.000000
11532.000000
8925.000000
11474.000000
11551155
9551.000000
11950.000000
9476.000000
11883.000000
9392.000000
11812.000000
9301.000000
11739.000000
9206.000000
11667.000000
9109.000000
11597.000000
9015.000000
11532.000000
8925.000000
11474.000000
11551155
9551.000000
11950.000000
9476.000000
11883.000000
9392.000000
11812.000000
9301.000000
11739.000000
9206.000000
11667.000000
9109.000000
11597.000000
9015.000000
11532.000000
8925.000000
11474.000000
11551155
9490.000000
11918.000000
9417.000000
11852.000000
9334.000000
11782.000000
9244.000000
11709.000000
9149.000000
11637.000000
9052.000000
11567.000000
8957.000000
11502.000000
8866.000000
11442.000000
11551155
9490.000000
11918.000000
9417.000000
11852.000000
9334.000000
11782.000000
9244.000000
11709.000000
9149.000000
11637.000000
9052.000000
11567.000000
8957.000000
11502.000000
8866.000000
11442.000000
11551155
9490.000000
11918.000000
9417.000000
11852.000000
9334.000000
11782.000000
9244.000000
11709.000000
9149.000000
11637.000000
9052.000000
11567.000000
8957.000000
11502.000000
8866.000000
11442.000000
11551155
9316.000000
11843.000000
9230.000000
11776.000000
9183.000000
11706.000000
9112.000000
11635.000000
9028.000000
11564.000000
8940.000000
11498.000000
8851.000000
11436.000000
8767.000000
11380.000000
11551155
9316.000000
11843.000000
9230.000000
11776.000000
9183.000000
11706.000000
9112.000000
11635.000000
9028.000000
11564.000000
8940.000000
11498.000000
8851.000000
11436.000000
8767.000000
11380.000000
11551155
9316.000000
11843.000000
9230.000000
11776.000000
9183.000000
11706.000000
9112.000000
11635.000000
9028.000000
11564.000000
8940.000000
11498.000000
8851.000000
11436.000000
8767.000000
11380.000000
11551155
9459.000000
11916.000000
9394.000000
11853.000000
9318.000000
11785.000000
9233.000000
11714.000000
9141.000000
11640.000000
9046.000000
11568.000000
8950.000000
11498.000000
8857.000000
11434.000000
11551155
9459.000000
11916.000000
9394.000000
11853.000000
9318.000000
11785.000000
9233.000000
11714.000000
9141.000000
11640.000000
9046.000000
11568.000000
8950.000000
11498.000000
8857.000000
11434.000000
11551155
9459.000000
11916.000000
9394.000000
11853.000000
9318.000000
11785.000000
9233.000000
11714.000000
9141.000000
11640.000000
9046.000000
11568.000000
8950.000000
11498.000000
8857.000000
11434.000000
11551155
9463.000000
11921.000000
9397.000000
11858.000000
9320.000000
11790.000000
9234.000000
11717.000000
9142.000000
11643.000000
9046.000000
11569.000000
8949.000000
11499.000000
8854.000000
11433.000000
11551155
9463.000000
11921.000000
9397.000000
11858.000000
9320.000000
11790.000000
9234.000000
11717.000000
9142.000000
11643.000000
9046.000000
11569.000000
8949.000000
11499.000000
8854.000000
11433.000000
11551155
9463.000000
11921.000000
9397.000000
11858.000000
9320.000000
11790.000000
9234.000000
11717.000000
9142.000000
11643.000000
9046.000000
11569.000000
8949.000000
11499.000000
8854.000000
11433.000000
11551155
9479.000000
11931.000000
9418.000000
11872.000000
9346.000000
11806.000000
9264.000000
11736.000000
9174.000000
11663.000000
9080.000000
11590.000000
8984.000000
11520.000000
8889.000000
11454.000000
11551155
9479.000000
11931.000000
9418.000000
11872.000000
9346.000000
11806.000000
9264.000000
11736.000000
9174.000000
11663.000000
9080.000000
11590.000000
8984.000000
11520.000000
8889.000000
11454.000000
11551155
9519.000000
11943.000000
9452.000000
11880.000000
9374.000000
11811.000000
9287.000000
11738.000000
9193.000000
11664.000000
9095.000000
11590.000000
8996.000000
11519.000000
8899.000000
11453.000000
11551155
9519.000000
11943.000000
9452.000000
11880.000000
9374.000000
11811.000000
9287.000000
11738.000000
9193.000000
11664.000000
9095.000000
11590.000000
8996.000000
11519.000000
8899.000000
11453.000000
11551155
9519.000000
11943.000000
9452.000000
11880.000000
9374.000000
11811.000000
9287.000000
11738.000000
9193.000000
11664.000000
9095.000000
11590.000000
8996.000000
11519.000000
8899.000000
11453.000000
11551155
9602.000000
12007.000000
9541.000000
11948.000000
9469.000000
11882.000000
9386.000000
11810.000000
9294.000000
11736.000000
9196.000000
11660.000000
9096.000000
11586.000000
8996.000000
11516.000000
11551155
9602.000000
12007.000000
9541.000000
11948.000000
9469.000000
11882.000000
9386.000000
11810.000000
9294.000000
11736.000000
9196.000000
11660.000000
9096.000000
11586.000000
8996.000000
11516.000000
11551155
9602.000000
12007.000000
9541.000000
11948.000000
9469.000000
11882.000000
9386.000000
11810.000000
9294.000000
11736.000000
9196.000000
11660.000000
9096.000000
11586.000000
8996.000000
11516.000000
11551155
9572.000000
11975.000000
9507.000000
11913.000000
9430.000000
11845.000000
9344.000000
11772.000000
9251.000000
11698.000000
9153.000000
11624.000000
9053.000000
11553.000000
8955.000000
11487.000000
11551155
9572.000000
11975.000000
9507.000000
11913.000000
9430.000000
11845.000000
9344.000000
11772.000000
9251.000000
11698.000000
9153.000000
11624.000000
9053.000000
11553.000000
8955.000000
11487.000000
11551155
9572.000000
11975.000000
9507.000000
11913.000000
9430.000000
11845.000000
9344.000000
11772.000000
9251.000000
11698.000000
9153.000000
11624.000000
9053.000000
11553.000000
8955.000000
11487.000000
11551155
9639.000000
12026.000000
9579.000000
11967.000000
9507.000000
11901.000000
9424.000000
11830.000000
9332.000000
11755.000000
9235.000000
11679.000000
9134.000000
11605.000000
9034.000000
11534.000000
11551155
9639.000000
12026.000000
9579.000000
11967.000000
9507.000000
11901.000000
9424.000000
11830.000000
9332.000000
11755.000000
9235.000000
11679.000000
9134.000000
11605.000000
9034.000000
11534.000000
11551155
9639.000000
12026.000000
9579.000000
11967.000000
9507.000000
11901.000000
9424.000000
11830.000000
9332.000000
11755.000000
9235.000000
11679.000000
9134.000000
11605.000000
9034.000000
11534.000000
11551155
9680.000000
12052.000000
9625.000000
11997.000000
9558.000000
11934.000000
9479.000000
11864.000000
9391.000000
11790.000000
9295.000000
11714.000000
9195.000000
11638.000000
9093.000000
11565.000000
11551155
9680.000000
12052.000000
9625.000000
11997.000000
9558.000000
11934.000000
9479.000000
11864.000000
9391.000000
11790.000000
9295.000000
11714.000000
9195.000000
11638.000000
9093.000000
11565.000000
11551155
9680.000000
12052.000000
9625.000000
11997.000000
9558.000000
11934.000000
9479.000000
11864.000000
9391.000000
11790.000000
9295.000000
11714.000000
9195.000000
11638.000000
9093.000000
11565.000000
11551155
9562.000000
11944.000000
9494.000000
11881.000000
9416.000000
11812.000000
9328.000000
11739.000000
9234.000000
11664.000000
9136.000000
11590.000000
9037.000000
11520.000000
8940.000000
11454.000000
11551155
9562.000000
11944.000000
9494.000000
11881.000000
9416.000000
11812.000000
9328.000000
11739.000000
9234.000000
11664.000000
9136.000000
11590.000000
9037.000000
11520.000000
8940.000000
11454.000000
11551155
9562.000000
11944.000000
9494.000000
11881.000000
9416.000000
11812.000000
9328.000000
11739.000000
9234.000000
11664.000000
9136.000000
11590.000000
9037.000000
11520.000000
8940.000000
11454.000000
11551155
9562.000000
11943.000000
9495.000000
11880.000000
9417.000000
11812.000000
9330.000000
11739.000000
9236.000000
11664.000000
9138.000000
11589.000000
9038.000000
11518.000000
8940.000000
11451.000000
11551155
9562.000000
11943.000000
9495.000000
11880.000000
9417.000000
11812.000000
9330.000000
11739.000000
9236.000000
11664.000000
9138.000000
11589.000000
9038.000000
11518.000000
8940.000000
11451.000000
11551155
9562.000000
11943.000000
9495.000000
11880.000000
9417.000000
11812.000000
9330.000000
11739.000000
9236.000000
11664.000000
9138.000000
11589.000000
9038.000000
11518.000000
8940.000000
11451.000000
11551155
9545.000000
11919.000000
9474.000000
11854.000000
9392.000000
11783.000000
9302.000000
11708.000000
9205.000000
11631.000000
9105.000000
11556.000000
9005.000000
11485.000000
8907.000000
11418.000000
11551155
9545.000000
11919.000000
9474.000000
11854.000000
9392.000000
11783.000000
9302.000000
11708.000000
9205.000000
11631.000000
9105.000000
11556.000000
9005.000000
11485.000000
8907.000000
11418.000000
11551155
9545.000000
11919.000000
9474.000000
11854.000000
9392.000000
11783.000000
9302.000000
11708.000000
9205.000000
11631.000000
9105.000000
11556.000000
9005.000000
11485.000000
8907.000000
11418.000000
11551155
9480.000000
11859.000000
9405.000000
11791.000000
9320.000000
11719.000000
9227.000000
11644.000000
9129.000000
11569.000000
9029.000000
11496.000000
8930.000000
11428.000000
8835.000000
11365.000000
11551155
9480.000000
11859.000000
9405.000000
11791.000000
9320.000000
11719.000000
9227.000000
11644.000000
9129.000000
11569.000000
9029.000000
11496.000000
8930.000000
11428.000000
8835.000000
11365.000000
11551155
9480.000000
11859.000000
9405.000000
11791.000000
9320.000000
11719.000000
9227.000000
11644.000000
9129.000000
11569.000000
9029.000000
11496.000000
8930.000000
11428.000000
8835.000000
11365.000000
11551155
9527.000000
11941.000000
9455.000000
11882.000000
9413.000000
11816.000000
9345.000000
11744.000000
9262.000000
11669.000000
9169.000000
11593.000000
9071.000000
11518.000000
8972.000000
11447.000000
11551155
9527.000000
11941.000000
9455.000000
11882.000000
9413.000000
11816.000000
9345.000000
11744.000000
9262.000000
11669.000000
9169.000000
11593.000000
9071.000000
11518.000000
8972.000000
11447.000000
11551155
9527.000000
11941.000000
9455.000000
11882.000000
9413.000000
11816.000000
9345.000000
11744.000000
9262.000000
11669.000000
9169.000000
11593.000000
9071.000000
11518.000000
8972.000000
11447.000000
11551155
9603.000000
11956.000000
9549.000000
11900.000000
9483.000000
11837.000000
9405.000000
11767.000000
9319.000000
11693.000000
9132.000000
11618.000000
9031.000000
11543.000000
8981.000000
11472.000000
11551155
9603.000000
11956.000000
9549.000000
11900.000000
9483.000000
11837.000000
9405.000000
11767.000000
9319.000000
11693.000000
9132.000000
11618.000000
9031.000000
11543.000000
8981.000000
11472.000000
11551155
9603.000000
11956.000000
9549.000000
11900.000000
9483.000000
11837.000000
9405.000000
11767.000000
9319.000000
11693.000000
9132.000000
11618.000000
9031.000000
11543.000000
8981.000000
11472.000000
11551155
9631.000000
11959.000000
9571.000000
11901.000000
9499.000000
11835.000000
9417.000000
11763.000000
9326.000000
11688.000000
9229.000000
11612.000000
9129.000000
11537.000000
9029.000000
11465.000000
11551155
9631.000000
11959.000000
9571.000000
11901.000000
9499.000000
11835.000000
9417.000000
11763.000000
9326.000000
11688.000000
9229.000000
11612.000000
9129.000000
11537.000000
9029.000000
11465.000000
11551155
9631.000000
11959.000000
9571.000000
11901.000000
9499.000000
11835.000000
9417.000000
11763.000000
9326.000000
11688.000000
9229.000000
11612.000000
9129.000000
11537.000000
9029.000000
11465.000000
11551155
9691.000000
12001.000000
9638.000000
11946.000000
9573.000000
11884.000000
9496.000000
11814.000000
9408.000000
11740.000000
9313.000000
11663.000000
9213.000000
11586.000000
9112.000000
11512.000000
11551155
9691.000000
12001.000000
9638.000000
11946.000000
9573.000000
11884.000000
9496.000000
11814.000000
9408.000000
11740.000000
9313.000000
11663.000000
9213.000000
11586.000000
9112.000000
11512.000000
11551155
9691.000000
12001.000000
9638.000000
11946.000000
9573.000000
11884.000000
9496.000000
11814.000000
9408.000000
11740.000000
9313.000000
11663.000000
9213.000000
11586.000000
9112.000000
11512.000000
11551155
9648.000000
11952.000000
9586.000000
11892.000000
9513.000000
11825.000000
9429.000000
11752.000000
9338.000000
11677.000000
9241.000000
11601.000000
9142.000000
11528.000000
9044.000000
11458.000000
11551155
9648.000000
11952.000000
9586.000000
11892.000000
9513.000000
11825.000000
9429.000000
11752.000000
9338.000000
11677.000000
9241.000000
11601.000000
9142.000000
11528.000000
9044.000000
11458.000000
11551155
9713.000000
11984.000000
9654.000000
11926.000000
9583.000000
11861.000000
9502.000000
11789.000000
9411.000000
11714.000000
9314.000000
11638.000000
9214.000000
11563.000000
9114.000000
11491.000000
11551155
9713.000000
11984.000000
9654.000000
11926.000000
9583.000000
11861.000000
9502.000000
11789.000000
9411.000000
11714.000000
9314.000000
11638.000000
9214.000000
11563.000000
9114.000000
11491.000000
11551155
9713.000000
11984.000000
9654.000000
11926.000000
9583.000000
11861.000000
9502.000000
11789.000000
9411.000000
11714.000000
9314.000000
11638.000000
9214.000000
11563.000000
9114.000000
11491.000000
11551155
9713.000000
11971.000000
9650.000000
11910.000000
9575.000000
11842.000000
9489.000000
11769.000000
9395.000000
11692.000000
9295.000000
11615.000000
9193.000000
11540.000000
9091.000000
11469.000000
11551155
9713.000000
11971.000000
9650.000000
11910.000000
9575.000000
11842.000000
9489.000000
11769.000000
9395.000000
11692.000000
9295.000000
11615.000000
9193.000000
11540.000000
9091.000000
11469.000000
11551155
9713.000000
11971.000000
9650.000000
11910.000000
9575.000000
11842.000000
9489.000000
11769.000000
9395.000000
11692.000000
9295.000000
11615.000000
9193.000000
11540.000000
9091.000000
11469.000000
11551155
9642.000000
11908.000000
9574.000000
11843.000000
9496.000000
11774.000000
9408.000000
11699.000000
9313.000000
11623.000000
9214.000000
11548.000000
9114.000000
11475.000000
9016.000000
11408.000000
11551155
9642.000000
11908.000000
9574.000000
11843.000000
9496.000000
11774.000000
9408.000000
11699.000000
9313.000000
11623.000000
9214.000000
11548.000000
9114.000000
11475.000000
9016.000000
11408.000000
11551155
9642.000000
11908.000000
9574.000000
11843.000000
9496.000000
11774.000000
9408.000000
11699.000000
9313.000000
11623.000000
9214.000000
11548.000000
9114.000000
11475.000000
9016.000000
11408.000000
11551155
9670.000000
11920.000000
9604.000000
11857.000000
9526.000000
11788.000000
9439.000000
11714.000000
9344.000000
11637.000000
9244.000000
11561.000000
9142.000000
11486.000000
9042.000000
11417.000000
11551155
9670.000000
11920.000000
9604.000000
11857.000000
9526.000000
11788.000000
9439.000000
11714.000000
9344.000000
11637.000000
9244.000000
11561.000000
9142.000000
11486.000000
9042.000000
11417.000000
11551155
9670.000000
11920.000000
9604.000000
11857.000000
9526.000000
11788.000000
9439.000000
11714.000000
9344.000000
11637.000000
9244.000000
11561.000000
9142.000000
11486.000000
9042.000000
11417.000000
11551155
9686.000000
11925.000000
9620.000000
11862.000000
9542.000000
11793.000000
9454.000000
11718.000000
9359.000000
11642.000000
9259.000000
11565.000000
9157.000000
11491.000000
9056.000000
11422.000000
11551155
9686.000000
11925.000000
9620.000000
11862.000000
9542.000000
11793.000000
9454.000000
11718.000000
9359.000000
11642.000000
9259.000000
11565.000000
9157.000000
11491.000000
9056.000000
11422.000000
11551155
9686.000000
11925.000000
9620.000000
11862.000000
9542.000000
11793.000000
9454.000000
11718.000000
9359.000000
11642.000000
9259.000000
11565.000000
9157.000000
11491.000000
9056.000000
11422.000000
11551155
9651.000000
11884.000000
9579.000000
11818.000000
9496.000000
11747.000000
9405.000000
11671.000000
9307.000000
11594.000000
9206.000000
11519.000000
9104.000000
11446.000000
9005.000000
11379.000000
11551155
9651.000000
11884.000000
9579.000000
11818.000000
9496.000000
11747.000000
9405.000000
11671.000000
9307.000000
11594.000000
9206.000000
11519.000000
9104.000000
11446.000000
9005.000000
11379.000000
11551155
9651.000000
11884.000000
9579.000000
11818.000000
9496.000000
11747.000000
9405.000000
11671.000000
9307.000000
11594.000000
9206.000000
11519.000000
9104.000000
11446.000000
9005.000000
11379.000000
11551155
9713.000000
11939.000000
9653.000000
11879.000000
9580.000000
11813.000000
9497.000000
11740.000000
9405.000000
11664.000000
9307.000000
11586.000000
9205.000000
11510.000000
9103.000000
11439.000000
11551155
9713.000000
11939.000000
9653.000000
11879.000000
9580.000000
11813.000000
9497.000000
11740.000000
9405.000000
11664.000000
9307.000000
11586.000000
9205.000000
11510.000000
9103.000000
11439.000000
11551155
9713.000000
11939.000000
9653.000000
11879.000000
9580.000000
11813.000000
9497.000000
11740.000000
9405.000000
11664.000000
9307.000000
11586.000000
9205.000000
11510.000000
9103.000000
11439.000000
11551155
9731.000000
11941.000000
9667.000000
11880.000000
9591.000000
11812.000000
9506.000000
11739.000000
9412.000000
11662.000000
9313.000000
11585.000000
9212.000000
11510.000000
9112.000000
11439.000000
11551155
9731.000000
11941.000000
9667.000000
11880.000000
9591.000000
11812.000000
9506.000000
11739.000000
9412.000000
11662.000000
9313.000000
11585.000000
9212.000000
11510.000000
9112.000000
11439.000000
11551155
9731.000000
11941.000000
9667.000000
11880.000000
9591.000000
11812.000000
9506.000000
11739.000000
9412.000000
11662.000000
9313.000000
11585.000000
9212.000000
11510.000000
9112.000000
11439.000000
11551155
9745.000000
11976.000000
9709.000000
11918.000000
9650.000000
11852.000000
9573.000000
11780.000000
9485.000000
11705.000000
9389.000000
11628.000000
9288.000000
11552.000000
9186.000000
11479.000000
11551155
9745.000000
11976.000000
9709.000000
11918.000000
9650.000000
11852.000000
9573.000000
11780.000000
9485.000000
11705.000000
9389.000000
11628.000000
9288.000000
11552.000000
9186.000000
11479.000000
11551155
9745.000000
11976.000000
9709.000000
11918.000000
9650.000000
11852.000000
9573.000000
11780.000000
9485.000000
11705.000000
9389.000000
11628.000000
9288.000000
11552.000000
9186.000000
11479.000000
11551155
9900.000000
12073.000000
9862.000000
12030.000000
9811.000000
11978.000000
9748.000000
11918.000000
9599.000000
11850.000000
9503.000000
11778.000000
9452.000000
11702.000000
9373.000000
11625.000000
11551155
9900.000000
12073.000000
9862.000000
12030.000000
9811.000000
11978.000000
9748.000000
11918.000000
9599.000000
11850.000000
9503.000000
11778.000000
9452.000000
11702.000000
9373.000000
11625.000000
11551155
9900.000000
12073.000000
9862.000000
12030.000000
9811.000000
11978.000000
9748.000000
11918.000000
9599.000000
11850.000000
9503.000000
11778.000000
9452.000000
11702.000000
9373.000000
11625.000000
11551155
9892.000000
12059.000000
9850.000000
12013.000000
9796.000000
11958.000000
9729.000000
11896.000000
9651.000000
11827.000000
9564.000000
11753.000000
9469.000000
11678.000000
9370.000000
11603.000000
11551155
9892.000000
12059.000000
9850.000000
12013.000000
9796.000000
11958.000000
9729.000000
11896.000000
9651.000000
11827.000000
9564.000000
11753.000000
9469.000000
11678.000000
9370.000000
11603.000000
11551155
9892.000000
12059.000000
9850.000000
12013.000000
9796.000000
11958.000000
9729.000000
11896.000000
9651.000000
11827.000000
9564.000000
11753.000000
9469.000000
11678.000000
9370.000000
11603.000000
11551155
9874.000000
12014.000000
9817.000000
11958.000000
9748.000000
11894.000000
9668.000000
11823.000000
9578.000000
11749.000000
9481.000000
11671.000000
9380.000000
11595.000000
9277.000000
11521.000000
11551155
9874.000000
12014.000000
9817.000000
11958.000000
9748.000000
11894.000000
9668.000000
11823.000000
9578.000000
11749.000000
9481.000000
11671.000000
9380.000000
11595.000000
9277.000000
11521.000000
11551155
9837.000000
11977.000000
9776.000000
11917.000000
9703.000000
11851.000000
9619.000000
11778.000000
9526.000000
11702.000000
9427.000000
11624.000000
9325.000000
11548.000000
9223.000000
11476.000000
11551155
9837.000000
11977.000000
9776.000000
11917.000000
9703.000000
11851.000000
9619.000000
11778.000000
9526.000000
11702.000000
9427.000000
11624.000000
9325.000000
11548.000000
9223.000000
11476.000000
11551155
9837.000000
11977.000000
9776.000000
11917.000000
9703.000000
11851.000000
9619.000000
11778.000000
9526.000000
11702.000000
9427.000000
11624.000000
9325.000000
11548.000000
9223.000000
11476.000000
11551155
9707.000000
11851.000000
9632.000000
11784.000000
9546.000000
11712.000000
9452.000000
11637.000000
9353.000000
11562.000000
9252.000000
11488.000000
9152.000000
11419.000000
9056.000000
11356.000000
11551155
9707.000000
11851.000000
9632.000000
11784.000000
9546.000000
11712.000000
9452.000000
11637.000000
9353.000000
11562.000000
9252.000000
11488.000000
9152.000000
11419.000000
9056.000000
11356.000000
11551155
9707.000000
11851.000000
9632.000000
11784.000000
9546.000000
11712.000000
9452.000000
11637.000000
9353.000000
11562.000000
9252.000000
11488.000000
9152.000000
11419.000000
9056.000000
11356.000000
11551155
9713.000000
11854.000000
9641.000000
11787.000000
9557.000000
11715.000000
9465.000000
11639.000000
9366.000000
11561.000000
9264.000000
11486.000000
9162.000000
11413.000000
9063.000000
11346.000000
11551155
9713.000000
11854.000000
9641.000000
11787.000000
9557.000000
11715.000000
9465.000000
11639.000000
9366.000000
11561.000000
9264.000000
11486.000000
9162.000000
11413.000000
9063.000000
11346.000000
11551155
9713.000000
11854.000000
9641.000000
11787.000000
9557.000000
11715.000000
9465.000000
11639.000000
9366.000000
11561.000000
9264.000000
11486.000000
9162.000000
11413.000000
9063.000000
11346.000000
11551155
9718.000000
11860.000000
9651.000000
11796.000000
9572.000000
11726.000000
9483.000000
11650.000000
9386.000000
11572.000000
9285.000000
11495.000000
9182.000000
11420.000000
9081.000000
11350.000000
11551155
9718.000000
11860.000000
9651.000000
11796.000000
9572.000000
11726.000000
9483.000000
11650.000000
9386.000000
11572.000000
9285.000000
11495.000000
9182.000000
11420.000000
9081.000000
11350.000000
11551155
9718.000000
11860.000000
9651.000000
11796.000000
9572.000000
11726.000000
9483.000000
11650.000000
9386.000000
11572.000000
9285.000000
11495.000000
9182.000000
11420.000000
9081.000000
11350.000000
11551155
9584.000000
11737.000000
9503.000000
11666.000000
9413.000000
11591.000000
9316.000000
11515.000000
9216.000000
11440.000000
9115.000000
11368.000000
9017.000000
11302.000000
8924.000000
11242.000000
11551155
9584.000000
11737.000000
9503.000000
11666.000000
9413.000000
11591.000000
9316.000000
11515.000000
9216.000000
11440.000000
9115.000000
11368.000000
9017.000000
11302.000000
8924.000000
11242.000000
11551155
9584.000000
11737.000000
9503.000000
11666.000000
9413.000000
11591.000000
9316.000000
11515.000000
9216.000000
11440.000000
9115.000000
11368.000000
9017.000000
11302.000000
8924.000000
11242.000000
11551155
9671.000000
11809.000000
9534.000000
11745.000000
9443.000000
11674.000000
9393.000000
11599.000000
9316.000000
11522.000000
9226.000000
11446.000000
9129.000000
11373.000000
9032.000000
11305.000000
11551155
9671.000000
11809.000000
9534.000000
11745.000000
9443.000000
11674.000000
9393.000000
11599.000000
9316.000000
11522.000000
9226.000000
11446.000000
9129.000000
11373.000000
9032.000000
11305.000000
11551155
9711.000000
11835.000000
9650.000000
11776.000000
9576.000000
11708.000000
9492.000000
11636.000000
9400.000000
11561.000000
9302.000000
11484.000000
9201.000000
11410.000000
9100.000000
11340.000000
11551155
9711.000000
11835.000000
9650.000000
11776.000000
9576.000000
11708.000000
9492.000000
11636.000000
9400.000000
11561.000000
9302.000000
11484.000000
9201.000000
11410.000000
9100.000000
11340.000000
11551155
9711.000000
11835.000000
9650.000000
11776.000000
9576.000000
11708.000000
9492.000000
11636.000000
9400.000000
11561.000000
9302.000000
11484.000000
9201.000000
11410.000000
9100.000000
11340.000000
11551155
9755.000000
11870.000000
9699.000000
11814.000000
9630.000000
11749.000000
9550.000000
11678.000000
9460.000000
11603.000000
9363.000000
11526.000000
9261.000000
11450.000000
9158.000000
11377.000000
11551155
9755.000000
11870.000000
9699.000000
11814.000000
9630.000000
11749.000000
9550.000000
11678.000000
9460.000000
11603.000000
9363.000000
11526.000000
9261.000000
11450.000000
9158.000000
11377.000000
11551155
9755.000000
11870.000000
9699.000000
11814.000000
9630.000000
11749.000000
9550.000000
11678.000000
9460.000000
11603.000000
9363.000000
11526.000000
9261.000000
11450.000000
9158.000000
11377.000000
11551155
9783.000000
11878.000000
9726.000000
11821.000000
9656.000000
11756.000000
9575.000000
11685.000000
9484.000000
11610.000000
9386.000000
11532.000000
9284.000000
11456.000000
9181.000000
11382.000000
11551155
9783.000000
11878.000000
9726.000000
11821.000000
9656.000000
11756.000000
9575.000000
11685.000000
9484.000000
11610.000000
9386.000000
11532.000000
9284.000000
11456.000000
9181.000000
11382.000000
11551155
9783.000000
11878.000000
9726.000000
11821.000000
9656.000000
11756.000000
9575.000000
11685.000000
9484.000000
11610.000000
9386.000000
11532.000000
9284.000000
11456.000000
9181.000000
11382.000000
11551155
9742.000000
11830.000000
9674.000000
11767.000000
9595.000000
11698.000000
9507.000000
11625.000000
9411.000000
11549.000000
9311.000000
11474.000000
9209.000000
11401.000000
9109.000000
11334.000000
11551155
9742.000000
11830.000000
9674.000000
11767.000000
9595.000000
11698.000000
9507.000000
11625.000000
9411.000000
11549.000000
9311.000000
11474.000000
9209.000000
11401.000000
9109.000000
11334.000000

