11551155
9398.000000
10985.000000
9354.000000
10946.000000
9303.000000
10903.000000
9245.000000
10858.000000
9183.000000
10812.000000
9117.000000
10766.000000
9051.000000
10722.000000
8986.000000
10681.000000
11551155
9447.000000
11027.000000
9410.000000
10992.000000
9365.000000
10953.000000
9261.000000
10909.000000
9196.000000
10863.000000
9161.000000
10815.000000
9109.000000
10768.000000
9048.000000
10722.000000
11551155
9447.000000
11027.000000
9410.000000
10992.000000
9365.000000
10953.000000
9261.000000
10909.000000
9196.000000
10863.000000
9161.000000
10815.000000
9109.000000
10768.000000
9048.000000
10722.000000
11551155
9447.000000
11027.000000
9410.000000
10992.000000
9365.000000
10953.000000
9261.000000
10909.000000
9196.000000
10863.000000
9161.000000
10815.000000
9109.000000
10768.000000
9048.000000
10722.000000
11551155
9417.000000
10994.000000
9377.000000
10958.000000
9328.000000
10916.000000
9272.000000
10871.000000
9210.000000
10823.000000
9142.000000
10773.000000
9072.000000
10725.000000
9002.000000
10679.000000
11551155
9417.000000
10994.000000
9377.000000
10958.000000
9328.000000
10916.000000
9272.000000
10871.000000
9210.000000
10823.000000
9142.000000
10773.000000
9072.000000
10725.000000
9002.000000
10679.000000
11551155
9417.000000
10994.000000
9377.000000
10958.000000
9328.000000
10916.000000
9272.000000
10871.000000
9210.000000
10823.000000
9142.000000
10773.000000
9072.000000
10725.000000
9002.000000
10679.000000
11551155
9357.000000
10935.000000
9311.000000
10895.000000
9257.000000
10851.000000
9196.000000
10803.000000
9130.000000
10755.000000
9060.000000
10707.000000
8990.000000
10660.000000
8920.000000
10617.000000
11551155
9357.000000
10935.000000
9311.000000
10895.000000
9257.000000
10851.000000
9196.000000
10803.000000
9130.000000
10755.000000
9060.000000
10707.000000
8990.000000
10660.000000
8920.000000
10617.000000
11551155
9357.000000
10935.000000
9311.000000
10895.000000
9257.000000
10851.000000
9196.000000
10803.000000
9130.000000
10755.000000
9060.000000
10707.000000
8990.000000
10660.000000
8920.000000
10617.000000
11551155
9289.000000
10888.000000
9234.000000
10842.000000
9172.000000
10794.000000
9104.000000
10743.000000
9033.000000
10693.000000
8960.000000
10644.000000
8888.000000
10598.000000
8819.000000
10556.000000
11551155
9289.000000
10888.000000
9234.000000
10842.000000
9172.000000
10794.000000
9104.000000
10743.000000
9033.000000
10693.000000
8960.000000
10644.000000
8888.000000
10598.000000
8819.000000
10556.000000
11551155
9289.000000
10888.000000
9234.000000
10842.000000
9172.000000
10794.000000
9104.000000
10743.000000
9033.000000
10693.000000
8960.000000
10644.000000
8888.000000
10598.000000
8819.000000
10556.000000
11551155
9219.000000
10830.000000
9161.000000
10783.000000
9096.000000
10733.000000
9027.000000
10682.000000
8955.000000
10632.000000
8882.000000
10584.000000
8810.000000
10539.000000
8742.000000
10498.000000
11551155
9219.000000
10830.000000
9161.000000
10783.000000
9096.000000
10733.000000
9027.000000
10682.000000
8955.000000
10632.000000
8882.000000
10584.000000
8810.000000
10539.000000
8742.000000
10498.000000
11551155
9175.000000
10793.000000
9116.000000
10747.000000
9049.000000
10698.000000
8978.000000
10648.000000
8903.000000
10598.000000
8828.000000
10550.000000
8754.000000
10506.000000
8684.000000
10465.000000
11551155
9175.000000
10793.000000
9116.000000
10747.000000
9049.000000
10698.000000
8978.000000
10648.000000
8903.000000
10598.000000
8828.000000
10550.000000
8754.000000
10506.000000
8684.000000
10465.000000
11551155
9175.000000
10793.000000
9116.000000
10747.000000
9049.000000
10698.000000
8978.000000
10648.000000
8903.000000
10598.000000
8828.000000
10550.000000
8754.000000
10506.000000
8684.000000
10465.000000
11551155
9117.000000
10788.000000
9054.000000
10744.000000
9019.000000
10696.000000
8965.000000
10646.000000
8899.000000
10595.000000
8828.000000
10546.000000
8755.000000
10499.000000
8683.000000
10456.000000
11551155
9117.000000
10788.000000
9054.000000
10744.000000
9019.000000
10696.000000
8965.000000
10646.000000
8899.000000
10595.000000
8828.000000
10546.000000
8755.000000
10499.000000
8683.000000
10456.000000
11551155
9117.000000
10788.000000
9054.000000
10744.000000
9019.000000
10696.000000
8965.000000
10646.000000
8899.000000
10595.000000
8828.000000
10546.000000
8755.000000
10499.000000
8683.000000
10456.000000
11551155
9181.000000
10809.000000
9136.000000
10770.000000
9082.000000
10726.000000
9020.000000
10678.000000
8952.000000
10628.000000
8879.000000
10577.000000
8804.000000
10527.000000
8728.000000
10480.000000
11551155
9181.000000
10809.000000
9136.000000
10770.000000
9082.000000
10726.000000
9020.000000
10678.000000
8952.000000
10628.000000
8879.000000
10577.000000
8804.000000
10527.000000
8728.000000
10480.000000
11551155
9181.000000
10809.000000
9136.000000
10770.000000
9082.000000
10726.000000
9020.000000
10678.000000
8952.000000
10628.000000
8879.000000
10577.000000
8804.000000
10527.000000
8728.000000
10480.000000
11551155
9163.000000
10793.000000
9118.000000
10754.000000
9064.000000
10709.000000
9002.000000
10661.000000
8933.000000
10610.000000
8860.000000
10558.000000
8784.000000
10508.000000
8708.000000
10460.000000
11551155
9163.000000
10793.000000
9118.000000
10754.000000
9064.000000
10709.000000
9002.000000
10661.000000
8933.000000
10610.000000
8860.000000
10558.000000
8784.000000
10508.000000
8708.000000
10460.000000
11551155
9163.000000
10793.000000
9118.000000
10754.000000
9064.000000
10709.000000
9002.000000
10661.000000
8933.000000
10610.000000
8860.000000
10558.000000
8784.000000
10508.000000
8708.000000
10460.000000
11551155
9106.000000
10740.000000
9053.000000
10696.000000
8992.000000
10648.000000
8924.000000
10598.000000
8851.000000
10547.000000
8776.000000
10497.000000
8700.000000
10449.000000
8626.000000
10405.000000
11551155
9106.000000
10740.000000
9053.000000
10696.000000
8992.000000
10648.000000
8924.000000
10598.000000
8851.000000
10547.000000
8776.000000
10497.000000
8700.000000
10449.000000
8626.000000
10405.000000
11551155
9103.000000
10736.000000
9051.000000
10692.000000
8990.000000
10645.000000
8922.000000
10595.000000
8850.000000
10544.000000
8775.000000
10494.000000
8699.000000
10446.000000
8625.000000
10401.000000
11551155
9103.000000
10736.000000
9051.000000
10692.000000
8990.000000
10645.000000
8922.000000
10595.000000
8850.000000
10544.000000
8775.000000
10494.000000
8699.000000
10446.000000
8625.000000
10401.000000
11551155
9103.000000
10736.000000
9051.000000
10692.000000
8990.000000
10645.000000
8922.000000
10595.000000
8850.000000
10544.000000
8775.000000
10494.000000
8699.000000
10446.000000
8625.000000
10401.000000
11551155
9077.000000
10708.000000
9020.000000
10663.000000
8956.000000
10614.000000
8885.000000
10564.000000
8811.000000
10513.000000
8734.000000
10463.000000
8658.000000
10416.000000
8585.000000
10373.000000
11551155
9077.000000
10708.000000
9020.000000
10663.000000
8956.000000
10614.000000
8885.000000
10564.000000
8811.000000
10513.000000
8734.000000
10463.000000
8658.000000
10416.000000
8585.000000
10373.000000
11551155
9077.000000
10708.000000
9020.000000
10663.000000
8956.000000
10614.000000
8885.000000
10564.000000
8811.000000
10513.000000
8734.000000
10463.000000
8658.000000
10416.000000
8585.000000
10373.000000
11551155
9039.000000
10678.000000
8981.000000
10632.000000
8915.000000
10583.000000
8844.000000
10532.000000
8770.000000
10481.000000
8694.000000
10433.000000
8620.000000
10387.000000
8549.000000
10345.000000
11551155
9039.000000
10678.000000
8981.000000
10632.000000
8915.000000
10583.000000
8844.000000
10532.000000
8770.000000
10481.000000
8694.000000
10433.000000
8620.000000
10387.000000
8549.000000
10345.000000
11551155
9039.000000
10678.000000
8981.000000
10632.000000
8915.000000
10583.000000
8844.000000
10532.000000
8770.000000
10481.000000
8694.000000
10433.000000
8620.000000
10387.000000
8549.000000
10345.000000
11551155
9047.000000
10681.000000
8992.000000
10636.000000
8929.000000
10588.000000
8860.000000
10537.000000
8786.000000
10485.000000
8635.000000
10435.000000
8559.000000
10387.000000
8523.000000
10343.000000
11551155
9047.000000
10681.000000
8992.000000
10636.000000
8929.000000
10588.000000
8860.000000
10537.000000
8786.000000
10485.000000
8635.000000
10435.000000
8559.000000
10387.000000
8523.000000
10343.000000
11551155
9047.000000
10681.000000
8992.000000
10636.000000
8929.000000
10588.000000
8860.000000
10537.000000
8786.000000
10485.000000
8635.000000
10435.000000
8559.000000
10387.000000
8523.000000
10343.000000
11551155
9057.000000
10690.000000
9008.000000
10649.000000
8951.000000
10602.000000
8886.000000
10552.000000
8815.000000
10501.000000
8740.000000
10449.000000
8663.000000
10399.000000
8586.000000
10352.000000
11551155
9057.000000
10690.000000
9008.000000
10649.000000
8951.000000
10602.000000
8886.000000
10552.000000
8815.000000
10501.000000
8740.000000
10449.000000
8663.000000
10399.000000
8586.000000
10352.000000
11551155
8954.000000
10605.000000
8895.000000
10559.000000
8829.000000
10509.000000
8758.000000
10459.000000
8684.000000
10409.000000
8608.000000
10360.000000
8534.000000
10315.000000
8463.000000
10274.000000
11551155
8954.000000
10605.000000
8895.000000
10559.000000
8829.000000
10509.000000
8758.000000
10459.000000
8684.000000
10409.000000
8608.000000
10360.000000
8534.000000
10315.000000
8463.000000
10274.000000
11551155
8954.000000
10605.000000
8895.000000
10559.000000
8829.000000
10509.000000
8758.000000
10459.000000
8684.000000
10409.000000
8608.000000
10360.000000
8534.000000
10315.000000
8463.000000
10274.000000
11551155
8956.000000
10597.000000
8896.000000
10549.000000
8828.000000
10498.000000
8755.000000
10446.000000
8678.000000
10395.000000
8600.000000
10344.000000
8524.000000
10297.000000
8451.000000
10254.000000
11551155
8956.000000
10597.000000
8896.000000
10549.000000
8828.000000
10498.000000
8755.000000
10446.000000
8678.000000
10395.000000
8600.000000
10344.000000
8524.000000
10297.000000
8451.000000
10254.000000
11551155
8956.000000
10597.000000
8896.000000
10549.000000
8828.000000
10498.000000
8755.000000
10446.000000
8678.000000
10395.000000
8600.000000
10344.000000
8524.000000
10297.000000
8451.000000
10254.000000
11551155
8990.000000
10620.000000
8935.000000
10574.000000
8872.000000
10524.000000
8802.000000
10472.000000
8727.000000
10419.000000
8650.000000
10367.000000
8572.000000
10317.000000
8496.000000
10270.000000
11551155
8990.000000
10620.000000
8935.000000
10574.000000
8872.000000
10524.000000
8802.000000
10472.000000
8727.000000
10419.000000
8650.000000
10367.000000
8572.000000
10317.000000
8496.000000
10270.000000
11551155
8990.000000
10620.000000
8935.000000
10574.000000
8872.000000
10524.000000
8802.000000
10472.000000
8727.000000
10419.000000
8650.000000
10367.000000
8572.000000
10317.000000
8496.000000
10270.000000
11551155
8969.000000
10595.000000
8913.000000
10549.000000
8849.000000
10499.000000
8779.000000
10447.000000
8705.000000
10395.000000
8629.000000
10344.000000
8553.000000
10297.000000
8480.000000
10253.000000
11551155
8969.000000
10595.000000
8913.000000
10549.000000
8849.000000
10499.000000
8779.000000
10447.000000
8705.000000
10395.000000
8629.000000
10344.000000
8553.000000
10297.000000
8480.000000
10253.000000
11551155
8969.000000
10595.000000
8913.000000
10549.000000
8849.000000
10499.000000
8779.000000
10447.000000
8705.000000
10395.000000
8629.000000
10344.000000
8553.000000
10297.000000
8480.000000
10253.000000
11551155
8978.000000
10629.000000
8947.000000
10584.000000
8896.000000
10534.000000
8832.000000
10482.000000
8760.000000
10429.000000
8684.000000
10377.000000
8607.000000
10326.000000
8531.000000
10279.000000
11551155
8978.000000
10629.000000
8947.000000
10584.000000
8896.000000
10534.000000
8832.000000
10482.000000
8760.000000
10429.000000
8684.000000
10377.000000
8607.000000
10326.000000
8531.000000
10279.000000
11551155
9036.000000
10637.000000
8985.000000
10593.000000
8926.000000
10546.000000
8859.000000
10494.000000
8787.000000
10441.000000
8711.000000
10388.000000
8633.000000
10336.000000
8557.000000
10287.000000
11551155
9036.000000
10637.000000
8985.000000
10593.000000
8926.000000
10546.000000
8859.000000
10494.000000
8787.000000
10441.000000
8711.000000
10388.000000
8633.000000
10336.000000
8557.000000
10287.000000
11551155
9036.000000
10637.000000
8985.000000
10593.000000
8926.000000
10546.000000
8859.000000
10494.000000
8787.000000
10441.000000
8711.000000
10388.000000
8633.000000
10336.000000
8557.000000
10287.000000
11551155
9045.000000
10637.000000
8997.000000
10595.000000
8940.000000
10549.000000
8876.000000
10500.000000
8805.000000
10448.000000
8730.000000
10396.000000
8653.000000
10345.000000
8577.000000
10296.000000
11551155
9045.000000
10637.000000
8997.000000
10595.000000
8940.000000
10549.000000
8876.000000
10500.000000
8805.000000
10448.000000
8730.000000
10396.000000
8653.000000
10345.000000
8577.000000
10296.000000
11551155
9045.000000
10637.000000
8997.000000
10595.000000
8940.000000
10549.000000
8876.000000
10500.000000
8805.000000
10448.000000
8730.000000
10396.000000
8653.000000
10345.000000
8577.000000
10296.000000
11551155
8987.000000
10578.000000
8926.000000
10528.000000
8858.000000
10476.000000
8784.000000
10422.000000
8707.000000
10368.000000
8629.000000
10316.000000
8552.000000
10267.000000
8477.000000
10223.000000
11551155
8987.000000
10578.000000
8926.000000
10528.000000
8858.000000
10476.000000
8784.000000
10422.000000
8707.000000
10368.000000
8629.000000
10316.000000
8552.000000
10267.000000
8477.000000
10223.000000
11551155
8987.000000
10578.000000
8926.000000
10528.000000
8858.000000
10476.000000
8784.000000
10422.000000
8707.000000
10368.000000
8629.000000
10316.000000
8552.000000
10267.000000
8477.000000
10223.000000
11551155
8991.000000
10574.000000
8932.000000
10525.000000
8864.000000
10473.000000
8790.000000
10419.000000
8712.000000
10364.000000
8633.000000
10311.000000
8554.000000
10261.000000
8477.000000
10215.000000
11551155
8991.000000
10574.000000
8932.000000
10525.000000
8864.000000
10473.000000
8790.000000
10419.000000
8712.000000
10364.000000
8633.000000
10311.000000
8554.000000
10261.000000
8477.000000
10215.000000
11551155
8991.000000
10574.000000
8932.000000
10525.000000
8864.000000
10473.000000
8790.000000
10419.000000
8712.000000
10364.000000
8633.000000
10311.000000
8554.000000
10261.000000
8477.000000
10215.000000
11551155
8884.000000
10486.000000
8817.000000
10434.000000
8744.000000
10380.000000
8668.000000
10327.000000
8590.000000
10275.000000
8513.000000
10226.000000
8439.000000
10181.000000
8370.000000
10141.000000
11551155
8884.000000
10486.000000
8817.000000
10434.000000
8744.000000
10380.000000
8668.000000
10327.000000
8590.000000
10275.000000
8513.000000
10226.000000
8439.000000
10181.000000
8370.000000
10141.000000
11551155
8859.000000
10467.000000
8793.000000
10414.000000
8719.000000
10359.000000
8641.000000
10305.000000
8562.000000
10252.000000
8483.000000
10202.000000
8408.000000
10156.000000
8337.000000
10116.000000
11551155
8859.000000
10467.000000
8793.000000
10414.000000
8719.000000
10359.000000
8641.000000
10305.000000
8562.000000
10252.000000
8483.000000
10202.000000
8408.000000
10156.000000
8337.000000
10116.000000
11551155
8859.000000
10467.000000
8793.000000
10414.000000
8719.000000
10359.000000
8641.000000
10305.000000
8562.000000
10252.000000
8483.000000
10202.000000
8408.000000
10156.000000
8337.000000
10116.000000
11551155
8903.000000
10491.000000
8842.000000
10441.000000
8773.000000
10387.000000
8698.000000
10332.000000
8619.000000
10277.000000
8538.000000
10223.000000
8379.000000
10172.000000
8305.000000
10125.000000
11551155
8903.000000
10491.000000
8842.000000
10441.000000
8773.000000
10387.000000
8698.000000
10332.000000
8619.000000
10277.000000
8538.000000
10223.000000
8379.000000
10172.000000
8305.000000
10125.000000
11551155
8903.000000
10491.000000
8842.000000
10441.000000
8773.000000
10387.000000
8698.000000
10332.000000
8619.000000
10277.000000
8538.000000
10223.000000
8379.000000
10172.000000
8305.000000
10125.000000
11551155
8855.000000
10453.000000
8793.000000
10402.000000
8724.000000
10348.000000
8649.000000
10293.000000
8571.000000
10237.000000
8491.000000
10184.000000
8413.000000
10133.000000
8338.000000
10088.000000
11551155
8855.000000
10453.000000
8793.000000
10402.000000
8724.000000
10348.000000
8649.000000
10293.000000
8571.000000
10237.000000
8491.000000
10184.000000
8413.000000
10133.000000
8338.000000
10088.000000
11551155
8855.000000
10453.000000
8793.000000
10402.000000
8724.000000
10348.000000
8649.000000
10293.000000
8571.000000
10237.000000
8491.000000
10184.000000
8413.000000
10133.000000
8338.000000
10088.000000
11551155
8855.000000
10442.000000
8792.000000
10390.000000
8721.000000
10335.000000
8644.000000
10279.000000
8564.000000
10222.000000
8483.000000
10168.000000
8403.000000
10117.000000
8326.000000
10071.000000
11551155
8855.000000
10442.000000
8792.000000
10390.000000
8721.000000
10335.000000
8644.000000
10279.000000
8564.000000
10222.000000
8483.000000
10168.000000
8403.000000
10117.000000
8326.000000
10071.000000
11551155
8855.000000
10442.000000
8792.000000
10390.000000
8721.000000
10335.000000
8644.000000
10279.000000
8564.000000
10222.000000
8483.000000
10168.000000
8403.000000
10117.000000
8326.000000
10071.000000
11551155
8870.000000
10442.000000
8806.000000
10390.000000
8735.000000
10335.000000
8658.000000
10279.000000
8577.000000
10223.000000
8495.000000
10169.000000
8415.000000
10118.000000
8338.000000
10072.000000
11551155
8870.000000
10442.000000
8806.000000
10390.000000
8735.000000
10335.000000
8658.000000
10279.000000
8577.000000
10223.000000
8495.000000
10169.000000
8415.000000
10118.000000
8338.000000
10072.000000
11551155
8842.000000
10415.000000
8774.000000
10361.000000
8700.000000
10306.000000
8622.000000
10250.000000
8541.000000
10195.000000
8461.000000
10143.000000
8383.000000
10095.000000
8310.000000
10052.000000
11551155
8842.000000
10415.000000
8774.000000
10361.000000
8700.000000
10306.000000
8622.000000
10250.000000
8541.000000
10195.000000
8461.000000
10143.000000
8383.000000
10095.000000
8310.000000
10052.000000
11551155
8842.000000
10415.000000
8774.000000
10361.000000
8700.000000
10306.000000
8622.000000
10250.000000
8541.000000
10195.000000
8461.000000
10143.000000
8383.000000
10095.000000
8310.000000
10052.000000
11551155
8861.000000
10427.000000
8794.000000
10374.000000
8720.000000
10318.000000
8641.000000
10262.000000
8560.000000
10206.000000
8479.000000
10153.000000
8400.000000
10104.000000
8325.000000
10059.000000
11551155
8861.000000
10427.000000
8794.000000
10374.000000
8720.000000
10318.000000
8641.000000
10262.000000
8560.000000
10206.000000
8479.000000
10153.000000
8400.000000
10104.000000
8325.000000
10059.000000
11551155
8861.000000
10427.000000
8794.000000
10374.000000
8720.000000
10318.000000
8641.000000
10262.000000
8560.000000
10206.000000
8479.000000
10153.000000
8400.000000
10104.000000
8325.000000
10059.000000
11551155
8910.000000
10473.000000
8861.000000
10424.000000
8798.000000
10370.000000
8726.000000
10314.000000
8648.000000
10258.000000
8567.000000
10203.000000
8486.000000
10150.000000
8407.000000
10102.000000
11551155
8910.000000
10473.000000
8861.000000
10424.000000
8798.000000
10370.000000
8726.000000
10314.000000
8648.000000
10258.000000
8567.000000
10203.000000
8486.000000
10150.000000
8407.000000
10102.000000
11551155
8910.000000
10473.000000
8861.000000
10424.000000
8798.000000
10370.000000
8726.000000
10314.000000
8648.000000
10258.000000
8567.000000
10203.000000
8486.000000
10150.000000
8407.000000
10102.000000
11551155
8968.000000
10506.000000
8916.000000
10460.000000
8855.000000
10410.000000
8786.000000
10355.000000
8710.000000
10299.000000
8629.000000
10241.000000
8547.000000
10186.000000
8465.000000
10133.000000
11551155
8968.000000
10506.000000
8916.000000
10460.000000
8855.000000
10410.000000
8786.000000
10355.000000
8710.000000
10299.000000
8629.000000
10241.000000
8547.000000
10186.000000
8465.000000
10133.000000
11551155
8968.000000
10506.000000
8916.000000
10460.000000
8855.000000
10410.000000
8786.000000
10355.000000
8710.000000
10299.000000
8629.000000
10241.000000
8547.000000
10186.000000
8465.000000
10133.000000
11551155
8903.000000
10450.000000
8843.000000
10400.000000
8774.000000
10346.000000
8699.000000
10290.000000
8620.000000
10233.000000
8538.000000
10177.000000
8457.000000
10124.000000
8378.000000
10075.000000
11551155
8903.000000
10450.000000
8843.000000
10400.000000
8774.000000
10346.000000
8699.000000
10290.000000
8620.000000
10233.000000
8538.000000
10177.000000
8457.000000
10124.000000
8378.000000
10075.000000
11551155
8924.000000
10462.000000
8866.000000
10414.000000
8800.000000
10360.000000
8726.000000
10305.000000
8647.000000
10248.000000
8566.000000
10193.000000
8485.000000
10140.000000
8406.000000
10091.000000
11551155
8924.000000
10462.000000
8866.000000
10414.000000
8800.000000
10360.000000
8726.000000
10305.000000
8647.000000
10248.000000
8566.000000
10193.000000
8485.000000
10140.000000
8406.000000
10091.000000
11551155
8924.000000
10462.000000
8866.000000
10414.000000
8800.000000
10360.000000
8726.000000
10305.000000
8647.000000
10248.000000
8566.000000
10193.000000
8485.000000
10140.000000
8406.000000
10091.000000
11551155
8915.000000
10448.000000
8852.000000
10396.000000
8782.000000
10341.000000
8705.000000
10284.000000
8624.000000
10227.000000
8541.000000
10172.000000
8459.000000
10120.000000
8380.000000
10072.000000
11551155
8915.000000
10448.000000
8852.000000
10396.000000
8782.000000
10341.000000
8705.000000
10284.000000
8624.000000
10227.000000
8541.000000
10172.000000
8459.000000
10120.000000
8380.000000
10072.000000
11551155
8915.000000
10448.000000
8852.000000
10396.000000
8782.000000
10341.000000
8705.000000
10284.000000
8624.000000
10227.000000
8541.000000
10172.000000
8459.000000
10120.000000
8380.000000
10072.000000
11551155
8903.000000
10432.000000
8837.000000
10379.000000
8764.000000
10324.000000
8686.000000
10267.000000
8604.000000
10210.000000
8521.000000
10156.000000
8440.000000
10105.000000
8363.000000
10059.000000
11551155
8903.000000
10432.000000
8837.000000
10379.000000
8764.000000
10324.000000
8686.000000
10267.000000
8604.000000
10210.000000
8521.000000
10156.000000
8440.000000
10105.000000
8363.000000
10059.000000
11551155
8903.000000
10432.000000
8837.000000
10379.000000
8764.000000
10324.000000
8686.000000
10267.000000
8604.000000
10210.000000
8521.000000
10156.000000
8440.000000
10105.000000
8363.000000
10059.000000
11551155
8985.000000
10498.000000
8931.000000
10451.000000
8868.000000
10399.000000
8798.000000
10344.000000
8722.000000
10288.000000
8642.000000
10232.000000
8561.000000
10178.000000
8481.000000
10128.000000
11551155
8985.000000
10498.000000
8931.000000
10451.000000
8868.000000
10399.000000
8798.000000
10344.000000
8722.000000
10288.000000
8642.000000
10232.000000
8561.000000
10178.000000
8481.000000
10128.000000
11551155
8985.000000
10498.000000
8931.000000
10451.000000
8868.000000
10399.000000
8798.000000
10344.000000
8722.000000
10288.000000
8642.000000
10232.000000
8561.000000
10178.000000
8481.000000
10128.000000
11551155
8994.000000
10495.000000
8936.000000
10446.000000
8869.000000
10393.000000
8795.000000
10336.000000
8715.000000
10279.000000
8633.000000
10222.000000
8551.000000
10168.000000
8470.000000
10118.000000
11551155
8994.000000
10495.000000
8936.000000
10446.000000
8869.000000
10393.000000
8795.000000
10336.000000
8715.000000
10279.000000
8633.000000
10222.000000
8551.000000
10168.000000
8470.000000
10118.000000
11551155
8994.000000
10495.000000
8936.000000
10446.000000
8869.000000
10393.000000
8795.000000
10336.000000
8715.000000
10279.000000
8633.000000
10222.000000
8551.000000
10168.000000
8470.000000
10118.000000
11551155
9063.000000
10550.000000
9015.000000
10507.000000
8957.000000
10459.000000
8824.000000
10405.000000
8743.000000
10350.000000
8701.000000
10292.000000
8637.000000
10236.000000
8563.000000
10182.000000
11551155
9063.000000
10550.000000
9015.000000
10507.000000
8957.000000
10459.000000
8824.000000
10405.000000
8743.000000
10350.000000
8701.000000
10292.000000
8637.000000
10236.000000
8563.000000
10182.000000
11551155
9073.000000
10554.000000
9026.000000
10512.000000
8969.000000
10465.000000
8904.000000
10413.000000
8833.000000
10359.000000
8756.000000
10304.000000
8677.000000
10249.000000
8597.000000
10197.000000
11551155
9073.000000
10554.000000
9026.000000
10512.000000
8969.000000
10465.000000
8904.000000
10413.000000
8833.000000
10359.000000
8756.000000
10304.000000
8677.000000
10249.000000
8597.000000
10197.000000
11551155
9073.000000
10554.000000
9026.000000
10512.000000
8969.000000
10465.000000
8904.000000
10413.000000
8833.000000
10359.000000
8756.000000
10304.000000
8677.000000
10249.000000
8597.000000
10197.000000
11551155
9111.000000
10570.000000
9063.000000
10528.000000
9006.000000
10479.000000
8940.000000
10427.000000
8867.000000
10372.000000
8789.000000
10316.000000
8707.000000
10261.000000
8625.000000
10207.000000
11551155
9111.000000
10570.000000
9063.000000
10528.000000
9006.000000
10479.000000
8940.000000
10427.000000
8867.000000
10372.000000
8789.000000
10316.000000
8707.000000
10261.000000
8625.000000
10207.000000
11551155
9111.000000
10570.000000
9063.000000
10528.000000
9006.000000
10479.000000
8940.000000
10427.000000
8867.000000
10372.000000
8789.000000
10316.000000
8707.000000
10261.000000
8625.000000
10207.000000
11551155
9113.000000
10569.000000
9063.000000
10525.000000
9004.000000
10476.000000
8937.000000
10422.000000
8863.000000
10366.000000
8784.000000
10310.000000
8703.000000
10254.000000
8622.000000
10201.000000
11551155
9113.000000
10569.000000
9063.000000
10525.000000
9004.000000
10476.000000
8937.000000
10422.000000
8863.000000
10366.000000
8784.000000
10310.000000
8703.000000
10254.000000
8622.000000
10201.000000
11551155
9113.000000
10569.000000
9063.000000
10525.000000
9004.000000
10476.000000
8937.000000
10422.000000
8863.000000
10366.000000
8784.000000
10310.000000
8703.000000
10254.000000
8622.000000
10201.000000
11551155
9096.000000
10543.000000
9040.000000
10496.000000
8975.000000
10445.000000
8903.000000
10392.000000
8826.000000
10337.000000
8746.000000
10283.000000
8666.000000
10231.000000
8588.000000
10183.000000
11551155
9096.000000
10543.000000
9040.000000
10496.000000
8975.000000
10445.000000
8903.000000
10392.000000
8826.000000
10337.000000
8746.000000
10283.000000
8666.000000
10231.000000
8588.000000
10183.000000
11551155
9096.000000
10543.000000
9040.000000
10496.000000
8975.000000
10445.000000
8903.000000
10392.000000
8826.000000
10337.000000
8746.000000
10283.000000
8666.000000
10231.000000
8588.000000
10183.000000
11551155
9102.000000
10545.000000
9042.000000
10496.000000
8974.000000
10442.000000
8899.000000
10387.000000
8820.000000
10331.000000
8738.000000
10276.000000
8656.000000
10224.000000
8577.000000
10175.000000
11551155
9102.000000
10545.000000
9042.000000
10496.000000
8974.000000
10442.000000
8899.000000
10387.000000
8820.000000
10331.000000
8738.000000
10276.000000
8656.000000
10224.000000
8577.000000
10175.000000
11551155
9102.000000
10545.000000
9042.000000
10496.000000
8974.000000
10442.000000
8899.000000
10387.000000
8820.000000
10331.000000
8738.000000
10276.000000
8656.000000
10224.000000
8577.000000
10175.000000
11551155
9109.000000
10549.000000
9051.000000
10501.000000
8985.000000
10448.000000
8912.000000
10392.000000
8834.000000
10336.000000
8753.000000
10280.000000
8671.000000
10227.000000
8592.000000
10177.000000
11551155
9109.000000
10549.000000
9051.000000
10501.000000
8985.000000
10448.000000
8912.000000
10392.000000
8834.000000
10336.000000
8753.000000
10280.000000
8671.000000
10227.000000
8592.000000
10177.000000
11551155
9089.000000
10534.000000
9035.000000
10486.000000
8971.000000
10434.000000
8899.000000
10379.000000
8822.000000
10324.000000
8743.000000
10271.000000
8663.000000
10220.000000
8586.000000
10173.000000
11551155
9089.000000
10534.000000
9035.000000
10486.000000
8971.000000
10434.000000
8899.000000
10379.000000
8822.000000
10324.000000
8743.000000
10271.000000
8663.000000
10220.000000
8586.000000
10173.000000
11551155
9089.000000
10534.000000
9035.000000
10486.000000
8971.000000
10434.000000
8899.000000
10379.000000
8822.000000
10324.000000
8743.000000
10271.000000
8663.000000
10220.000000
8586.000000
10173.000000
11551155
9169.000000
10592.000000
9121.000000
10550.000000
9064.000000
10502.000000
8998.000000
10451.000000
8925.000000
10396.000000
8847.000000
10340.000000
8766.000000
10284.000000
8684.000000
10230.000000
11551155
9169.000000
10592.000000
9121.000000
10550.000000
9064.000000
10502.000000
8998.000000
10451.000000
8925.000000
10396.000000
8847.000000
10340.000000
8766.000000
10284.000000
8684.000000
10230.000000
11551155
9169.000000
10592.000000
9121.000000
10550.000000
9064.000000
10502.000000
8998.000000
10451.000000
8925.000000
10396.000000
8847.000000
10340.000000
8766.000000
10284.000000
8684.000000
10230.000000
11551155
9191.000000
10610.000000
9148.000000
10571.000000
9096.000000
10525.000000
9034.000000
10475.000000
8964.000000
10421.000000
8887.000000
10365.000000
8806.000000
10309.000000
8724.000000
10254.000000
11551155
9191.000000
10610.000000
9148.000000
10571.000000
9096.000000
10525.000000
9034.000000
10475.000000
8964.000000
10421.000000
8887.000000
10365.000000
8806.000000
10309.000000
8724.000000
10254.000000
11551155
9191.000000
10610.000000
9148.000000
10571.000000
9096.000000
10525.000000
9034.000000
10475.000000
8964.000000
10421.000000
8887.000000
10365.000000
8806.000000
10309.000000
8724.000000
10254.000000
11551155
9099.000000
10530.000000
9045.000000
10484.000000
8982.000000
10433.000000
8911.000000
10379.000000
8835.000000
10324.000000
8755.000000
10269.000000
8674.000000
10215.000000
8594.000000
10165.000000
11551155
9099.000000
10530.000000
9045.000000
10484.000000
8982.000000
10433.000000
8911.000000
10379.000000
8835.000000
10324.000000
8755.000000
10269.000000
8674.000000
10215.000000
8594.000000
10165.000000
11551155
9099.000000
10530.000000
9045.000000
10484.000000
8982.000000
10433.000000
8911.000000
10379.000000
8835.000000
10324.000000
8755.000000
10269.000000
8674.000000
10215.000000
8594.000000
10165.000000
11551155
9081.000000
10501.000000
9021.000000
10451.000000
8952.000000
10398.000000
8876.000000
10342.000000
8796.000000
10286.000000
8714.000000
10231.000000
8631.000000
10178.000000
8551.000000
10130.000000
11551155
9081.000000
10501.000000
9021.000000
10451.000000
8952.000000
10398.000000
8876.000000
10342.000000
8796.000000
10286.000000
8714.000000
10231.000000
8631.000000
10178.000000
8551.000000
10130.000000
11551155
9101.000000
10514.000000
9046.000000
10468.000000
8982.000000
10417.000000
8910.000000
10363.000000
8832.000000
10306.000000
8750.000000
10251.000000
8667.000000
10196.000000
8585.000000
10145.000000
11551155
9101.000000
10514.000000
9046.000000
10468.000000
8982.000000
10417.000000
8910.000000
10363.000000
8832.000000
10306.000000
8750.000000
10251.000000
8667.000000
10196.000000
8585.000000
10145.000000
11551155
9101.000000
10514

