11551155
3328.000000
5160.000000
3315.000000
5140.000000
3298.000000
5118.000000
3278.000000
5092.000000
3255.000000
5065.000000
3229.000000
5036.000000
3202.000000
5007.000000
3174.000000
4979.000000
11551155
3328.000000
5160.000000
3315.000000
5140.000000
3298.000000
5118.000000
3278.000000
5092.000000
3255.000000
5065.000000
3229.000000
5036.000000
3202.000000
5007.000000
3174.000000
4979.000000
11551155
3328.000000
5160.000000
3315.000000
5140.000000
3298.000000
5118.000000
3278.000000
5092.000000
3255.000000
5065.000000
3229.000000
5036.000000
3202.000000
5007.000000
3174.000000
4979.000000
11551155
3340.000000
5175.000000
3334.000000
5164.000000
3325.000000
5150.000000
3313.000000
5133.000000
3298.000000
5112.000000
3279.000000
5089.000000
3236.000000
5063.000000
3209.000000
5036.000000
11551155
3340.000000
5175.000000
3334.000000
5164.000000
3325.000000
5150.000000
3313.000000
5133.000000
3298.000000
5112.000000
3279.000000
5089.000000
3236.000000
5063.000000
3209.000000
5036.000000
11551155
3340.000000
5175.000000
3334.000000
5164.000000
3325.000000
5150.000000
3313.000000
5133.000000
3298.000000
5112.000000
3279.000000
5089.000000
3236.000000
5063.000000
3209.000000
5036.000000
11551155
3344.000000
5166.000000
3336.000000
5152.000000
3325.000000
5136.000000
3310.000000
5116.000000
3292.000000
5093.000000
3271.000000
5067.000000
3246.000000
5040.000000
3219.000000
5012.000000
11551155
3344.000000
5166.000000
3336.000000
5152.000000
3325.000000
5136.000000
3310.000000
5116.000000
3292.000000
5093.000000
3271.000000
5067.000000
3246.000000
5040.000000
3219.000000
5012.000000
11551155
3344.000000
5166.000000
3336.000000
5152.000000
3325.000000
5136.000000
3310.000000
5116.000000
3292.000000
5093.000000
3271.000000
5067.000000
3246.000000
5040.000000
3219.000000
5012.000000
11551155
3321.000000
5139.000000
3310.000000
5122.000000
3295.000000
5102.000000
3277.000000
5079.000000
3256.000000
5053.000000
3233.000000
5025.000000
3207.000000
4996.000000
3180.000000
4967.000000
11551155
3321.000000
5139.000000
3310.000000
5122.000000
3295.000000
5102.000000
3277.000000
5079.000000
3256.000000
5053.000000
3233.000000
5025.000000
3207.000000
4996.000000
3180.000000
4967.000000
11551155
3321.000000
5139.000000
3310.000000
5122.000000
3295.000000
5102.000000
3277.000000
5079.000000
3256.000000
5053.000000
3233.000000
5025.000000
3207.000000
4996.000000
3180.000000
4967.000000
11551155
3307.000000
5111.000000
3293.000000
5092.000000
3276.000000
5070.000000
3256.000000
5045.000000
3233.000000
5019.000000
3208.000000
4992.000000
3182.000000
4964.000000
3155.000000
4937.000000
11551155
3307.000000
5111.000000
3293.000000
5092.000000
3276.000000
5070.000000
3256.000000
5045.000000
3233.000000
5019.000000
3208.000000
4992.000000
3182.000000
4964.000000
3155.000000
4937.000000
11551155
3302.000000
5094.000000
3287.000000
5074.000000
3268.000000
5051.000000
3247.000000
5025.000000
3223.000000
4998.000000
3197.000000
4970.000000
3169.000000
4942.000000
3141.000000
4914.000000
11551155
3302.000000
5094.000000
3287.000000
5074.000000
3268.000000
5051.000000
3247.000000
5025.000000
3223.000000
4998.000000
3197.000000
4970.000000
3169.000000
4942.000000
3141.000000
4914.000000
11551155
3302.000000
5094.000000
3287.000000
5074.000000
3268.000000
5051.000000
3247.000000
5025.000000
3223.000000
4998.000000
3197.000000
4970.000000
3169.000000
4942.000000
3141.000000
4914.000000
11551155
3284.000000
5073.000000
3270.000000
5053.000000
3253.000000
5031.000000
3233.000000
5006.000000
3209.000000
4979.000000
3184.000000
4952.000000
3157.000000
4924.000000
3130.000000
4897.000000
11551155
3284.000000
5073.000000
3270.000000
5053.000000
3253.000000
5031.000000
3233.000000
5006.000000
3209.000000
4979.000000
3184.000000
4952.000000
3157.000000
4924.000000
3130.000000
4897.000000
11551155
3284.000000
5073.000000
3270.000000
5053.000000
3253.000000
5031.000000
3233.000000
5006.000000
3209.000000
4979.000000
3184.000000
4952.000000
3157.000000
4924.000000
3130.000000
4897.000000
11551155
3296.000000
5084.000000
3286.000000
5070.000000
3273.000000
5052.000000
3256.000000
5031.000000
3237.000000
5008.000000
3215.000000
4982.000000
3190.000000
4956.000000
3164.000000
4928.000000
11551155
3296.000000
5084.000000
3286.000000
5070.000000
3273.000000
5052.000000
3256.000000
5031.000000
3237.000000
5008.000000
3215.000000
4982.000000
3190.000000
4956.000000
3164.000000
4928.000000
11551155
3296.000000
5084.000000
3286.000000
5070.000000
3273.000000
5052.000000
3256.000000
5031.000000
3237.000000
5008.000000
3215.000000
4982.000000
3190.000000
4956.000000
3164.000000
4928.000000
11551155
3284.000000
5061.000000
3271.000000
5042.000000
3254.000000
5021.000000
3234.000000
4996.000000
3211.000000
4970.000000
3186.000000
4942.000000
3159.000000
4914.000000
3131.000000
4887.000000
11551155
3284.000000
5061.000000
3271.000000
5042.000000
3254.000000
5021.000000
3234.000000
4996.000000
3211.000000
4970.000000
3186.000000
4942.000000
3159.000000
4914.000000
3131.000000
4887.000000
11551155
3284.000000
5061.000000
3271.000000
5042.000000
3254.000000
5021.000000
3234.000000
4996.000000
3211.000000
4970.000000
3186.000000
4942.000000
3159.000000
4914.000000
3131.000000
4887.000000
11551155
3276.000000
5047.000000
3263.000000
5028.000000
3247.000000
5006.000000
3228.000000
4982.000000
3205.000000
4955.000000
3180.000000
4927.000000
3154.000000
4898.000000
3127.000000
4870.000000
11551155
3276.000000
5047.000000
3263.000000
5028.000000
3247.000000
5006.000000
3228.000000
4982.000000
3205.000000
4955.000000
3180.000000
4927.000000
3154.000000
4898.000000
3127.000000
4870.000000
11551155
3258.000000
5018.000000
3242.000000
4997.000000
3223.000000
4973.000000
3201.000000
4948.000000
3177.000000
4921.000000
3151.000000
4894.000000
3124.000000
4867.000000
3097.000000
4842.000000
11551155
3258.000000
5018.000000
3242.000000
4997.000000
3223.000000
4973.000000
3201.000000
4948.000000
3177.000000
4921.000000
3151.000000
4894.000000
3124.000000
4867.000000
3097.000000
4842.000000
11551155
3258.000000
5018.000000
3242.000000
4997.000000
3223.000000
4973.000000
3201.000000
4948.000000
3177.000000
4921.000000
3151.000000
4894.000000
3124.000000
4867.000000
3097.000000
4842.000000
11551155
3277.000000
5034.000000
3265.000000
5017.000000
3249.000000
4996.000000
3213.000000
4973.000000
3188.000000
4947.000000
3174.000000
4919.000000
3153.000000
4891.000000
3128.000000
4863.000000
11551155
3277.000000
5034.000000
3265.000000
5017.000000
3249.000000
4996.000000
3213.000000
4973.000000
3188.000000
4947.000000
3174.000000
4919.000000
3153.000000
4891.000000
3128.000000
4863.000000
11551155
3277.000000
5034.000000
3265.000000
5017.000000
3249.000000
4996.000000
3213.000000
4973.000000
3188.000000
4947.000000
3174.000000
4919.000000
3153.000000
4891.000000
3128.000000
4863.000000
11551155
3263.000000
5011.000000
3251.000000
4994.000000
3235.000000
4974.000000
3216.000000
4951.000000
3194.000000
4925.000000
3170.000000
4898.000000
3144.000000
4871.000000
3116.000000
4843.000000
11551155
3263.000000
5011.000000
3251.000000
4994.000000
3235.000000
4974.000000
3216.000000
4951.000000
3194.000000
4925.000000
3170.000000
4898.000000
3144.000000
4871.000000
3116.000000
4843.000000
11551155
3263.000000
5011.000000
3251.000000
4994.000000
3235.000000
4974.000000
3216.000000
4951.000000
3194.000000
4925.000000
3170.000000
4898.000000
3144.000000
4871.000000
3116.000000
4843.000000
11551155
3280.000000
5028.000000
3270.000000
5013.000000
3256.000000
4994.000000
3240.000000
4971.000000
3220.000000
4947.000000
3197.000000
4920.000000
3172.000000
4892.000000
3145.000000
4864.000000
11551155
3280.000000
5028.000000
3270.000000
5013.000000
3256.000000
4994.000000
3240.000000
4971.000000
3220.000000
4947.000000
3197.000000
4920.000000
3172.000000
4892.000000
3145.000000
4864.000000
11551155
3280.000000
5028.000000
3270.000000
5013.000000
3256.000000
4994.000000
3240.000000
4971.000000
3220.000000
4947.000000
3197.000000
4920.000000
3172.000000
4892.000000
3145.000000
4864.000000
11551155
3254.000000
4988.000000
3238.000000
4967.000000
3219.000000
4943.000000
3196.000000
4916.000000
3171.000000
4889.000000
3144.000000
4861.000000
3116.000000
4834.000000
3088.000000
4807.000000
11551155
3254.000000
4988.000000
3238.000000
4967.000000
3219.000000
4943.000000
3196.000000
4916.000000
3171.000000
4889.000000
3144.000000
4861.000000
3116.000000
4834.000000
3088.000000
4807.000000
11551155
3240.000000
4963.000000
3223.000000
4941.000000
3203.000000
4916.000000
3180.000000
4890.000000
3155.000000
4862.000000
3128.000000
4834.000000
3100.000000
4807.000000
3073.000000
4781.000000
11551155
3240.000000
4963.000000
3223.000000
4941.000000
3203.000000
4916.000000
3180.000000
4890.000000
3155.000000
4862.000000
3128.000000
4834.000000
3100.000000
4807.000000
3073.000000
4781.000000
11551155
3240.000000
4963.000000
3223.000000
4941.000000
3203.000000
4916.000000
3180.000000
4890.000000
3155.000000
4862.000000
3128.000000
4834.000000
3100.000000
4807.000000
3073.000000
4781.000000
11551155
3256.000000
4979.000000
3244.000000
4962.000000
3229.000000
4941.000000
3210.000000
4918.000000
3188.000000
4893.000000
3139.000000
4866.000000
3111.000000
4838.000000
3096.000000
4810.000000
11551155
3256.000000
4979.000000
3244.000000
4962.000000
3229.000000
4941.000000
3210.000000
4918.000000
3188.000000
4893.000000
3139.000000
4866.000000
3111.000000
4838.000000
3096.000000
4810.000000
11551155
3256.000000
4979.000000
3244.000000
4962.000000
3229.000000
4941.000000
3210.000000
4918.000000
3188.000000
4893.000000
3139.000000
4866.000000
3111.000000
4838.000000
3096.000000
4810.000000
11551155
3252.000000
4968.000000
3241.000000
4951.000000
3226.000000
4930.000000
3208.000000
4907.000000
3188.000000
4882.000000
3164.000000
4854.000000
3138.000000
4827.000000
3111.000000
4799.000000
11551155
3252.000000
4968.000000
3241.000000
4951.000000
3226.000000
4930.000000
3208.000000
4907.000000
3188.000000
4882.000000
3164.000000
4854.000000
3138.000000
4827.000000
3111.000000
4799.000000
11551155
3252.000000
4968.000000
3241.000000
4951.000000
3226.000000
4930.000000
3208.000000
4907.000000
3188.000000
4882.000000
3164.000000
4854.000000
3138.000000
4827.000000
3111.000000
4799.000000
11551155
3226.000000
4928.000000
3210.000000
4906.000000
3190.000000
4882.000000
3167.000000
4855.000000
3142.000000
4828.000000
3115.000000
4799.000000
3087.000000
4772.000000
3059.000000
4745.000000
11551155
3226.000000
4928.000000
3210.000000
4906.000000
3190.000000
4882.000000
3167.000000
4855.000000
3142.000000
4828.000000
3115.000000
4799.000000
3087.000000
4772.000000
3059.000000
4745.000000
11551155
3226.000000
4928.000000
3210.000000
4906.000000
3190.000000
4882.000000
3167.000000
4855.000000
3142.000000
4828.000000
3115.000000
4799.000000
3087.000000
4772.000000
3059.000000
4745.000000
11551155
3234.000000
4930.000000
3220.000000
4911.000000
3203.000000
4890.000000
3183.000000
4865.000000
3160.000000
4839.000000
3134.000000
4811.000000
3106.000000
4783.000000
3078.000000
4755.000000
11551155
3234.000000
4930.000000
3220.000000
4911.000000
3203.000000
4890.000000
3183.000000
4865.000000
3160.000000
4839.000000
3134.000000
4811.000000
3106.000000
4783.000000
3078.000000
4755.000000
11551155
3234.000000
4930.000000
3220.000000
4911.000000
3203.000000
4890.000000
3183.000000
4865.000000
3160.000000
4839.000000
3134.000000
4811.000000
3106.000000
4783.000000
3078.000000
4755.000000
11551155
3212.000000
4897.000000
3196.000000
4877.000000
3177.000000
4853.000000
3154.000000
4828.000000
3129.000000
4801.000000
3102.000000
4773.000000
3073.000000
4745.000000
3044.000000
4718.000000
11551155
3212.000000
4897.000000
3196.000000
4877.000000
3177.000000
4853.000000
3154.000000
4828.000000
3129.000000
4801.000000
3102.000000
4773.000000
3073.000000
4745.000000
3044.000000
4718.000000
11551155
3188.000000
4868.000000
3171.000000
4847.000000
3151.000000
4822.000000
3128.000000
4796.000000
3078.000000
4768.000000
3049.000000
4740.000000
3034.000000
4712.000000
3012.000000
4685.000000
11551155
3188.000000
4868.000000
3171.000000
4847.000000
3151.000000
4822.000000
3128.000000
4796.000000
3078.000000
4768.000000
3049.000000
4740.000000
3034.000000
4712.000000
3012.000000
4685.000000
11551155
3188.000000
4868.000000
3171.000000
4847.000000
3151.000000
4822.000000
3128.000000
4796.000000
3078.000000
4768.000000
3049.000000
4740.000000
3034.000000
4712.000000
3012.000000
4685.000000
11551155
3168.000000
4847.000000
3152.000000
4826.000000
3132.000000
4803.000000
3110.000000
4777.000000
3085.000000
4750.000000
3058.000000
4722.000000
3030.000000
4695.000000
3002.000000
4668.000000
11551155
3168.000000
4847.000000
3152.000000
4826.000000
3132.000000
4803.000000
3110.000000
4777.000000
3085.000000
4750.000000
3058.000000
4722.000000
3030.000000
4695.000000
3002.000000
4668.000000
11551155
3168.000000
4847.000000
3152.000000
4826.000000
3132.000000
4803.000000
3110.000000
4777.000000
3085.000000
4750.000000
3058.000000
4722.000000
3030.000000
4695.000000
3002.000000
4668.000000
11551155
3144.000000
4805.000000
3124.000000
4781.000000
3101.000000
4755.000000
3076.000000
4728.000000
3050.000000
4700.000000
3022.000000
4673.000000
2994.000000
4647.000000
2967.000000
4623.000000
11551155
3144.000000
4805.000000
3124.000000
4781.000000
3101.000000
4755.000000
3076.000000
4728.000000
3050.000000
4700.000000
3022.000000
4673.000000
2994.000000
4647.000000
2967.000000
4623.000000
11551155
3144.000000
4805.000000
3124.000000
4781.000000
3101.000000
4755.000000
3076.000000
4728.000000
3050.000000
4700.000000
3022.000000
4673.000000
2994.000000
4647.000000
2967.000000
4623.000000
11551155
3163.000000
4824.000000
3146.000000
4802.000000
3125.000000
4778.000000
3102.000000
4752.000000
3077.000000
4725.000000
3050.000000
4698.000000
3022.000000
4671.000000
2995.000000
4645.000000
11551155
3163.000000
4824.000000
3146.000000
4802.000000
3125.000000
4778.000000
3102.000000
4752.000000
3077.000000
4725.000000
3050.000000
4698.000000
3022.000000
4671.000000
2995.000000
4645.000000
11551155
3173.000000
4833.000000
3158.000000
4814.000000
3140.000000
4791.000000
3120.000000
4767.000000
3073.000000
4741.000000
3046.000000
4714.000000
3032.000000
4688.000000
3011.000000
4662.000000
11551155
3173.000000
4833.000000
3158.000000
4814.000000
3140.000000
4791.000000
3120.000000
4767.000000
3073.000000
4741.000000
3046.000000
4714.000000
3032.000000
4688.000000
3011.000000
4662.000000
11551155
3173.000000
4833.000000
3158.000000
4814.000000
3140.000000
4791.000000
3120.000000
4767.000000
3073.000000
4741.000000
3046.000000
4714.000000
3032.000000
4688.000000
3011.000000
4662.000000
11551155
3179.000000
4830.000000
3164.000000
4811.000000
3146.000000
4788.000000
3125.000000
4763.000000
3101.000000
4736.000000
3074.000000
4709.000000
3046.000000
4682.000000
3017.000000
4655.000000
11551155
3179.000000
4830.000000
3164.000000
4811.000000
3146.000000
4788.000000
3125.000000
4763.000000
3101.000000
4736.000000
3074.000000
4709.000000
3046.000000
4682.000000
3017.000000
4655.000000
11551155
3179.000000
4830.000000
3164.000000
4811.000000
3146.000000
4788.000000
3125.000000
4763.000000
3101.000000
4736.000000
3074.000000
4709.000000
3046.000000
4682.000000
3017.000000
4655.000000
11551155
3166.000000
4816.000000
3150.000000
4795.000000
3131.000000
4772.000000
3108.000000
4746.000000
3083.000000
4719.000000
3056.000000
4692.000000
3028.000000
4664.000000
3000.000000
4637.000000
11551155
3166.000000
4816.000000
3150.000000
4795.000000
3131.000000
4772.000000
3108.000000
4746.000000
3083.000000
4719.000000
3056.000000
4692.000000
3028.000000
4664.000000
3000.000000
4637.000000
11551155
3166.000000
4816.000000
3150.000000
4795.000000
3131.000000
4772.000000
3108.000000
4746.000000
3083.000000
4719.000000
3056.000000
4692.000000
3028.000000
4664.000000
3000.000000
4637.000000
11551155
3157.000000
4804.000000
3141.000000
4782.000000
3122.000000
4759.000000
3100.000000
4733.000000
3076.000000
4706.000000
3050.000000
4679.000000
3023.000000
4652.000000
2996.000000
4626.000000
11551155
3157.000000
4804.000000
3141.000000
4782.000000
3122.000000
4759.000000
3100.000000
4733.000000
3076.000000
4706.000000
3050.000000
4679.000000
3023.000000
4652.000000
2996.000000
4626.000000
11551155
3171.000000
4812.000000
3157.000000
4793.000000
3139.000000
4771.000000
3118.000000
4746.000000
3094.000000
4719.000000
3068.000000
4691.000000
3012.000000
4662.000000
2983.000000
4634.000000
11551155
3171.000000
4812.000000
3157.000000
4793.000000
3139.000000
4771.000000
3118.000000
4746.000000
3094.000000
4719.000000
3068.000000
4691.000000
3012.000000
4662.000000
2983.000000
4634.000000
11551155
3171.000000
4812.000000
3157.000000
4793.000000
3139.000000
4771.000000
3118.000000
4746.000000
3094.000000
4719.000000
3068.000000
4691.000000
3012.000000
4662.000000
2983.000000
4634.000000
11551155
3160.000000
4801.000000
3147.000000
4782.000000
3130.000000
4761.000000
3110.000000
4736.000000
3087.000000
4709.000000
3062.000000
4681.000000
3034.000000
4653.000000
3005.000000
4624.000000
11551155
3160.000000
4801.000000
3147.000000
4782.000000
3130.000000
4761.000000
3110.000000
4736.000000
3087.000000
4709.000000
3062.000000
4681.000000
3034.000000
4653.000000
3005.000000
4624.000000
11551155
3160.000000
4801.000000
3147.000000
4782.000000
3130.000000
4761.000000
3110.000000
4736.000000
3087.000000
4709.000000
3062.000000
4681.000000
3034.000000
4653.000000
3005.000000
4624.000000
11551155
3153.000000
4783.000000
3139.000000
4764.000000
3121.000000
4741.000000
3100.000000
4716.000000
3076.000000
4689.000000
3050.000000
4661.000000
3022.000000
4633.000000
2993.000000
4605.000000
11551155
3153.000000
4783.000000
3139.000000
4764.000000
3121.000000
4741.000000
3100.000000
4716.000000
3076.000000
4689.000000
3050.000000
4661.000000
3022.000000
4633.000000
2993.000000
4605.000000
11551155
3153.000000
4783.000000
3139.000000
4764.000000
3121.000000
4741.000000
3100.000000
4716.000000
3076.000000
4689.000000
3050.000000
4661.000000
3022.000000
4633.000000
2993.000000
4605.000000
11551155
3118.000000
4735.000000
3100.000000
4712.000000
3078.000000
4687.000000
3053.000000
4659.000000
3026.000000
4631.000000
2998.000000
4603.000000
2969.000000
4575.000000
2940.000000
4548.000000
11551155
3118.000000
4735.000000
3100.000000
4712.000000
3078.000000
4687.000000
3053.000000
4659.000000
3026.000000
4631.000000
2998.000000
4603.000000
2969.000000
4575.000000
2940.000000
4548.000000
11551155
3118.000000
4735.000000
3100.000000
4712.000000
3078.000000
4687.000000
3053.000000
4659.000000
3026.000000
4631.000000
2998.000000
4603.000000
2969.000000
4575.000000
2940.000000
4548.000000
11551155
3083.000000
4696.000000
3063.000000
4670.000000
3039.000000
4643.000000
3013.000000
4614.000000
2985.000000
4585.000000
2955.000000
4557.000000
2925.000000
4529.000000
2896.000000
4504.000000
11551155
3083.000000
4696.000000
3063.000000
4670.000000
3039.000000
4643.000000
3013.000000
4614.000000
2985.000000
4585.000000
2955.000000
4557.000000
2925.000000
4529.000000
2896.000000
4504.000000
11551155
3083.000000
4696.000000
3063.000000
4670.000000
3039.000000
4643.000000
3013.000000
4614.000000
2985.000000
4585.000000
2955.000000
4557.000000
2925.000000
4529.000000
2896.000000
4504.000000
11551155
3077.000000
4707.000000
3058.000000
4687.000000
3047.000000
4663.000000
3029.000000
4637.000000
3006.000000
4609.000000
2979.000000
4579.000000
2951.000000
4550.000000
2922.000000
4522.000000
11551155
3077.000000
4707.000000
3058.000000
4687.000000
3047.000000
4663.000000
3029.000000
4637.000000
3006.000000
4609.000000
2979.000000
4579.000000
2951.000000
4550.000000
2922.000000
4522.000000
11551155
3077.000000
4707.000000
3058.000000
4687.000000
3047.000000
4663.000000
3029.000000
4637.000000
3006.000000
4609.000000
2979.000000
4579.000000
2951.000000
4550.000000
2922.000000
4522.000000
11551155
3061.000000
4672.000000
3045.000000
4651.000000
3025.000000
4628.000000
3002.000000
4602.000000
2977.000000
4574.000000
2950.000000
4545.000000
2921.000000
4517.000000
2892.000000
4489.000000
11551155
3061.000000
4672.000000
3045.000000
4651.000000
3025.000000
4628.000000
3002.000000
4602.000000
2977.000000
4574.000000
2950.000000
4545.000000
2921.000000
4517.000000
2892.000000
4489.000000
11551155
3050.000000
4655.000000
3034.000000
4633.000000
3015.000000
4609.000000
2992.000000
4582.000000
2966.000000
4554.000000
2938.000000
4524.000000
2909.000000
4495.000000
2879.000000
4467.000000
11551155
3050.000000
4655.000000
3034.000000
4633.000000
3015.000000
4609.000000
2992.000000
4582.000000
2966.000000
4554.000000
2938.000000
4524.000000
2909.000000
4495.000000
2879.000000
4467.000000
11551155
3050.000000
4655.000000
3034.000000
4633.000000
3015.000000
4609.000000
2992.000000
4582.000000
2966.000000
4554.000000
2938.000000
4524.000000
2909.000000
4495.000000
2879.000000
4467.000000
11551155
3018.000000
4608.000000
2999.000000
4583.000000
2976.000000
4556.000000
2951.000000
4528.000000
2924.000000
4498.000000
2895.000000
4468.000000
2865.000000
4440.000000
2836.000000
4412.000000
11551155
3018.000000
4608.000000
2999.000000
4583.000000
2976.000000
4556.000000
2951.000000
4528.000000
2924.000000
4498.000000
2895.000000
4468.000000
2865.000000
4440.000000
2836.000000
4412.000000
11551155
3018.000000
4608.000000
2999.000000
4583.000000
2976.000000
4556.000000
2951.000000
4528.000000
2924.000000
4498.000000
2895.000000
4468.000000
2865.000000
4440.000000
2836.000000
4412.000000
11551155
3005.000000
4590.000000
2987.000000
4568.000000
2965.000000
4542.000000
2941.000000
4515.000000
2914.000000
4487.000000
2886.000000
4458.000000
2857.000000
4430.000000
2828.000000
4404.000000
11551155
3005.000000
4590.000000
2987.000000
4568.000000
2965.000000
4542.000000
2941.000000
4515.000000
2914.000000
4487.000000
2886.000000
4458.000000
2857.000000
4430.000000
2828.000000
4404.000000
11551155
3005.000000
4590.000000
2987.000000
4568.000000
2965.000000
4542.000000
2941.000000
4515.000000
2914.000000
4487.000000
2886.000000
4458.000000
2857.000000
4430.000000
2828.000000
4404.000000
11551155
3018.000000
4595.000000
3001.000000
4574.000000
2981.000000
4549.000000
2958.000000
4522.000000
2932.000000
4493.000000
2904.000000
4464.000000
2874.000000
4436.000000
2844.000000
4408.000000
11551155
3018.000000
4595.000000
3001.000000
4574.000000
2981.000000
4549.000000
2958.000000
4522.000000
2932.000000
4493.000000
2904.000000
4464.000000
2874.000000
4436.000000
2844.000000
4408.000000
11551155
3018.000000
4595.000000
3001.000000
4574.000000
2981.000000
4549.000000
2958.000000
4522.000000
2932.000000
4493.000000
2904.000000
4464.000000
2874.000000
4436.000000
2844.000000
4408.000000
11551155
3041.000000
4623.000000
3031.000000
4608.000000
3018.000000
4590.000000
3001.000000
4569.000000
2981.000000
4544.000000
2936.000000
4518.000000
2907.000000
4490.000000
2892.000000
4461.000000
11551155
3041.000000
4623.000000
3031.000000
4608.000000
3018.000000
4590.000000
3001.000000
4569.000000
2981.000000
4544.000000
2936.000000
4518.000000
2907.000000
4490.000000
2892.000000
4461.000000
11551155
3041.000000
4623.000000
3031.000000
4608.000000
3018.000000
4590.000000
3001.000000
4569.000000
2981.000000
4544.000000
2936.000000
4518.000000
2907.000000
4490.000000
2892.000000
4461.000000
11551155
3051.000000
4630.000000
3042.000000
4615.000000
3030.000000
4598.000000
3014.000000
4577.000000
2995.000000
4553.000000
2973.000000
4527.000000
2949.000000
4500.000000
2923.000000
4472.000000
11551155
3051.000000
4630.000000
3042.000000
4615.000000
3030.000000
4598.000000
3014.000000
4577.000000
2995.000000
4553.000000
2973.000000
4527.000000
2949.000000
4500.000000
2923.000000
4472.000000
11551155
3051.000000
4630.000000
3042.000000
4615.000000
3030.000000
4598.000000
3014.000000
4577.000000
2995.000000
4553.000000
2973.000000
4527.000000
2949.000000
4500.000000
2923.000000
4472.000000
11551155
3064.000000
4629.000000
3052.000000
4613.000000
3037.000000
4593.000000
3019.000000
4570.000000
2997.000000
4544.000000
2972.000000
4517.000000
2945.000000
4489.000000
2917.000000
4461.000000
11551155
3064.000000
4629.000000
3052.000000
4613.000000
3037.000000
4593.000000
3019.000000
4570.000000
2997.000000
4544.000000
2972.000000
4517.000000
2945.000000
4489.000000
2917.000000
4461.000000
11551155
3064.000000
4629.000000
3052.000000
4613.000000
3037.000000
4593.000000
3019.000000
4570.000000
2997.000000
4544.000000
2972.000000
4517.000000
2945.000000
4489.000000
2917.000000
4461.000000
11551155
3066.000000
4629.000000
3054.000000
4611.000000
3038.000000
4591.000000
3019.000000
4568.000000
2997.000000
4542.000000
2972.000000
4515.000000
2945.000000
4487.000000
2916.000000
4458.000000
11551155
3066.000000
4629.000000
3054.000000
4611.000000
3038.000000
4591.000000
3019.000000
4568.000000
2997.000000
4542.000000
2972.000000
4515.000000
2945.000000
4487.000000
2916.000000
4458.000000
11551155
3051.000000
4607.000000
3036.000000
4587.000000
3018.000000
4564.000000
2997.000000
4540.000000
2973.000000
4513.000000
2946.000000
4485.000000
2918.000000
4458.000000
2890.000000
4431.000000
11551155
3051.000000
4607.000000
3036.000000
4587.000000
3018.000000
4564.000000
2997.000000
4540.000000
2973.000000
4513.000000
2946.000000
4485.000000
2918.000000
4458.000000
2890.000000
4431.000000
11551155
3051.000000
4607.000000
3036.000000
4587.000000
3018.000000
4564.000000
2997.000000
4540.000000
2973.000000
4513.000000
2946.000000
4485.000000
2918.000000
4458.000000
2890.000000
4431.000000
11551155
3053.000000
4606.000000
3024.000000
4586.000000
3001.000000
4563.000000
2988.000000
4537.000000
2968.000000
4509.000000
2943.000000
4481.000000
2915.000000
4452.000000
2886.000000
4424.000000
11551155
3053.000000
4606.000000
3024.000000
4586.000000
3001.000000
4563.000000
2988.000000
4537.000000
2968.000000
4509.000000
2943.000000
4481.000000
2915.000000
4452.000000
2886.000000
4424.000000
11551155
3053.000000
4606.000000
3024.000000
4586.000000
3001.000000
4563.000000
2988.000000
4537.000000
2968.000000
4509.000000
2943.000000
4481.000000
2915.000000
4452.000000
2886.000000
4424.000000
11551155
3036.000000
4584.000000
3021.000000
4563.000000
3002.000000
4540.000000
2980.000000
4514.000000
2954.000000
4486.000000
2926.000000
4457.000000
2897.000000
4428.000000
2867.000000
4400.000000
11551155
3036.000000
4584.000000
3021.000000
4563.000000
3002.000000
4540.000000
2980.000000
4514.000000
2954.000000
4486.000000
2926.000000
4457.000000
2897.000000
4428.000000
2867.000000
4400.000000
11551155
3036.000000
4584.000000
3021.000000
4563.000000
3002.000000
4540.000000
2980.000000
4514.000000
2954.000000
4486.000000
2926.000000
4457.000000
2897.000000
4428.000000
2867.000000
4400.000000
11551155
2993.000000
4537.000000
2974.000000
4513.000000
2952.000000
4487.000000
2927.000000
4459.000000
2900.000000
4430.000000
2872.000000
4402.000000
2843.000000
4374.000000
2815.000000
4348.000000
11551155
2993.000000
4537.000000
2974.000000
4513.000000
2952.000000
4487.000000
2927.000000
4459.000000
2900.000000
4430.000000
2872.000000
4402.000000
2843.000000
4374.000000
2815.000000
4348.000000
11551155
2965.000000
4495.000000
2941.000000
4469.000000
2915.000000
4440.000000
2887.000000
4411.000000
2858.000000
4381.000000
2828.000000
4352.000000
2798.000000
4325.000000
2770.000000
4300.000000
11551155
2965.000000
4495.000000
2941.000000
4469.000000
2915.000000
4440.000000
2887.000000
4411.000000
2858.000000
4381.000000
2828.000000
4352.000000
2798.000000
4325.000000
2770.000000
4300.000000
11551155
2965.000000
4495.000000
2941.000000
4469.000000
2915.000000
4440.000000
2887.000000
4411.000000
2858.000000
4381.000000
2828.000000
4352.000000
2798.000000
4325.000000
2770.000000
4300.000000
11551155
2944.000000
4474.000000
2922.000000
4447.000000
2896.000000
4418.000000
2868.000000
4389.000000
2839.000000
4359.000000
2808.000000
4329.000000
2778.000000
4302.000000
2749.000000
4276.000000
11551155
2944.000000
4474.000000
2922.000000
4447.000000
2896.000000
4418.000000
2868.000000
4389.000000
2839.000000
4359.000000
2808.000000
4329.000000
2778.000000
4302.000000
2749.000000
4276.000000
11551155
2944.000000
4474.000000
2922.000000
4447.000000
2896.000000
4418.000000
2868.000000
4389.000000
2839.000000
4359.000000
2808.000000
4329.000000
2778.000000
4302.000000
2749.000000
4276.000000
11551155
2947.000000
4474.000000
2929.000000
4451.000000
2908.000000
4426.000000
2883.000000
4398.000000
2856.000000
4369.000000
2828.000000
4340.000000
2799.000000
4311.000000
2769.000000
4283.000000
11551155
2947.000000
4474.000000
2929.000000
4451.000000
2908.000000
4426.000000
2883.000000
4398.000000
2856.000000
4369.000000
2828.000000
4340.000000
2799.000000
4311.000000
2769.000000
4283.000000
11551155
2947.000000
4474.000000
2929.000000
4451.000000
2908.000000
4426.000000
2883.000000
4398.000000
2856.000000
4369.000000
2828.000000
4340.000000
2799.000000
4311.000000
2769.000000
4283.000000
11551155
2948.000000
4470.000000
2930.000000
4448.000000
2908.000000
4422.000000
2883.000000
4394.000000
2855.000000
4365.000000
2826.000000
4335.000000
2795.000000
4305.000000
2764.000000
4277.000000
11551155
2948.000000
4470.000000
2930.000000
4448.000000
2908.000000
4422.000000
2883.000000
4394.000000
2855.000000
4365.000000
2826.000000
4335.000000
2795.000000
4305.000000
2764.000000
4277.000000
11551155
2948.000000
4470.000000
2930.000000
4448.000000
2908.000000
4422.000000
2883.000000
4394.000000
2855.000000
4365.000000
2826.000000
4335.000000
2795.000000
4305.000000
2764.000000
4277.000000
11551155
2911.000000
4421.000000
2888.000000
4394.000000
2862.000000
4366.000000
2834.000000
4336.000000
2804.000000
4306.000000
2773.000000
4277.000000
2742.000000
4248.000000
2712.000000
4222.000000
11551155
2911.000000
4421.000000
2888.000000
4394.000000
2862.000000
4366.000000
2834.000000
4336.000000
2804.000000
4306.000000
2773.000000
4277.000000
2742.000000
4248.000000
2712.000000
4222.000000
11551155
2902.000000
4403.000000
2880.000000
4378.000000
2855.000000
4351.000000
2828.000000
4322.000000
2799.000000
4293.000000
2769.000000
4265.000000
2739.000000
4238.000000
2710.000000
4212.000000
11551155
2902.000000
4403.000000
2880.000000
4378.000000
2855.000000
4351.000000
2828.000000
4322.000000
2799.000000
4293.000000
2769.000000
4265.000000
2739.000000
4238.000000
2710.000000
4212.000000
11551155
2902.000000
4403.000000
2880.000000
4378.000000
2855.000000
4351.000000
2828.000000
4322.000000
2799.000000
4293.000000
2769.000000
4265.000000
2739.000000
4238.000000
2710.000000
4212.000000
11551155
2899.000000
4419.000000
2875.000000
4394.000000
2861.000000
4367.000000
2840.000000
4338.000000
2814.000000
4309.000000
2785.000000
4279.000000
2755.000000
4250.000000
2724.000000
4223.000000
11551155
2899.000000
4419.000000
2875.000000
4394.000000
2861.000000
4367.000000
2840.000000
4338.000000
2814.000000
4309.000000
2785.000000
4279.000000
2755.000000
4250.000000
2724.000000
4223.000000
11551155
2899.000000
4419.000000
2875.000000
4394.000000
2861.000000
4367.000000
2840.000000
4338.000000
2814.000000
4309.000000
2785.000000
4279.000000
2755.000000
4250.000000
2724.000000
4223.000000
11551155
2922.000000
4418.000000
2904.000000
4394.000000
2882.000000
4368.000000
2857.000000
4340.000000
2829.000000
4310.000000
2799.000000
4280.000000
2768.000000
4250.000000
2737.000000
4222.000000
11551155
2922.000000
4418.0000

