11551155
3344.000000
5146.000000
3336.000000
5136.000000
3326.000000
5123.000000
3313.000000
5108.000000
3298.000000
5091.000000
3280.000000
5071.000000
3261.000000
5051.000000
3240.000000
5030.000000
11551155
3344.000000
5146.000000
3336.000000
5136.000000
3326.000000
5123.000000
3313.000000
5108.000000
3298.000000
5091.000000
3280.000000
5071.000000
3261.000000
5051.000000
3240.000000
5030.000000
11551155
3344.000000
5146.000000
3336.000000
5136.000000
3326.000000
5123.000000
3313.000000
5108.000000
3298.000000
5091.000000
3280.000000
5071.000000
3261.000000
5051.000000
3240.000000
5030.000000
11551155
3333.000000
5130.000000
3326.000000
5119.000000
3316.000000
5105.000000
3303.000000
5089.000000
3287.000000
5071.000000
3269.000000
5051.000000
3249.000000
5030.000000
3228.000000
5009.000000
11551155
3333.000000
5130.000000
3326.000000
5119.000000
3316.000000
5105.000000
3303.000000
5089.000000
3287.000000
5071.000000
3269.000000
5051.000000
3249.000000
5030.000000
3228.000000
5009.000000
11551155
3333.000000
5130.000000
3326.000000
5119.000000
3316.000000
5105.000000
3303.000000
5089.000000
3287.000000
5071.000000
3269.000000
5051.000000
3249.000000
5030.000000
3228.000000
5009.000000
11551155
3315.000000
5102.000000
3305.000000
5088.000000
3293.000000
5072.000000
3278.000000
5054.000000
3261.000000
5034.000000
3242.000000
5013.000000
3221.000000
4992.000000
3199.000000
4970.000000
11551155
3315.000000
5102.000000
3305.000000
5088.000000
3293.000000
5072.000000
3278.000000
5054.000000
3261.000000
5034.000000
3242.000000
5013.000000
3221.000000
4992.000000
3199.000000
4970.000000
11551155
3315.000000
5102.000000
3305.000000
5088.000000
3293.000000
5072.000000
3278.000000
5054.000000
3261.000000
5034.000000
3242.000000
5013.000000
3221.000000
4992.000000
3199.000000
4970.000000
11551155
3301.000000
5081.000000
3291.000000
5068.000000
3279.000000
5052.000000
3264.000000
5034.000000
3247.000000
5014.000000
3227.000000
4993.000000
3206.000000
4972.000000
3185.000000
4951.000000
11551155
3301.000000
5081.000000
3291.000000
5068.000000
3279.000000
5052.000000
3264.000000
5034.000000
3247.000000
5014.000000
3227.000000
4993.000000
3206.000000
4972.000000
3185.000000
4951.000000
11551155
3301.000000
5081.000000
3291.000000
5068.000000
3279.000000
5052.000000
3264.000000
5034.000000
3247.000000
5014.000000
3227.000000
4993.000000
3206.000000
4972.000000
3185.000000
4951.000000
11551155
3280.000000
5047.000000
3268.000000
5031.000000
3253.000000
5013.000000
3235.000000
4993.000000
3216.000000
4973.000000
3195.000000
4951.000000
3173.000000
4930.000000
3150.000000
4909.000000
11551155
3280.000000
5047.000000
3268.000000
5031.000000
3253.000000
5013.000000
3235.000000
4993.000000
3216.000000
4973.000000
3195.000000
4951.000000
3173.000000
4930.000000
3150.000000
4909.000000
11551155
3280.000000
5047.000000
3268.000000
5031.000000
3253.000000
5013.000000
3235.000000
4993.000000
3216.000000
4973.000000
3195.000000
4951.000000
3173.000000
4930.000000
3150.000000
4909.000000
11551155
3271.000000
5026.000000
3259.000000
5011.000000
3244.000000
4993.000000
3227.000000
4974.000000
3208.000000
4953.000000
3186.000000
4932.000000
3164.000000
4911.000000
3141.000000
4890.000000
11551155
3271.000000
5026.000000
3259.000000
5011.000000
3244.000000
4993.000000
3227.000000
4974.000000
3208.000000
4953.000000
3186.000000
4932.000000
3164.000000
4911.000000
3141.000000
4890.000000
11551155
3271.000000
5026.000000
3259.000000
5011.000000
3244.000000
4993.000000
3227.000000
4974.000000
3208.000000
4953.000000
3186.000000
4932.000000
3164.000000
4911.000000
3141.000000
4890.000000
11551155
3251.000000
5007.000000
3240.000000
4992.000000
3226.000000
4975.000000
3210.000000
4956.000000
3192.000000
4935.000000
3172.000000
4914.000000
3150.000000
4893.000000
3128.000000
4872.000000
11551155
3251.000000
5007.000000
3240.000000
4992.000000
3226.000000
4975.000000
3210.000000
4956.000000
3192.000000
4935.000000
3172.000000
4914.000000
3150.000000
4893.000000
3128.000000
4872.000000
11551155
3251.000000
5007.000000
3240.000000
4992.000000
3226.000000
4975.000000
3210.000000
4956.000000
3192.000000
4935.000000
3172.000000
4914.000000
3150.000000
4893.000000
3128.000000
4872.000000
11551155
3241.000000
4983.000000
3229.000000
4967.000000
3214.000000
4949.000000
3197.000000
4929.000000
3178.000000
4908.000000
3157.000000
4887.000000
3135.000000
4866.000000
3112.000000
4846.000000
11551155
3241.000000
4983.000000
3229.000000
4967.000000
3214.000000
4949.000000
3197.000000
4929.000000
3178.000000
4908.000000
3157.000000
4887.000000
3135.000000
4866.000000
3112.000000
4846.000000
11551155
3241.000000
4983.000000
3229.000000
4967.000000
3214.000000
4949.000000
3197.000000
4929.000000
3178.000000
4908.000000
3157.000000
4887.000000
3135.000000
4866.000000
3112.000000
4846.000000
11551155
3236.000000
4972.000000
3225.000000
4957.000000
3211.000000
4940.000000
3195.000000
4921.000000
3176.000000
4900.000000
3155.000000
4879.000000
3133.000000
4857.000000
3111.000000
4837.000000
11551155
3236.000000
4972.000000
3225.000000
4957.000000
3211.000000
4940.000000
3195.000000
4921.000000
3176.000000
4900.000000
3155.000000
4879.000000
3133.000000
4857.000000
3111.000000
4837.000000
11551155
3236.000000
4972.000000
3225.000000
4957.000000
3211.000000
4940.000000
3195.000000
4921.000000
3176.000000
4900.000000
3155.000000
4879.000000
3133.000000
4857.000000
3111.000000
4837.000000
11551155
3209.000000
4944.000000
3194.000000
4928.000000
3185.000000
4910.000000
3171.000000
4890.000000
3153.000000
4869.000000
3133.000000
4848.000000
3111.000000
4826.000000
3089.000000
4806.000000
11551155
3209.000000
4944.000000
3194.000000
4928.000000
3185.000000
4910.000000
3171.000000
4890.000000
3153.000000
4869.000000
3133.000000
4848.000000
3111.000000
4826.000000
3089.000000
4806.000000
11551155
3209.000000
4944.000000
3194.000000
4928.000000
3185.000000
4910.000000
3171.000000
4890.000000
3153.000000
4869.000000
3133.000000
4848.000000
3111.000000
4826.000000
3089.000000
4806.000000
11551155
3221.000000
4942.000000
3211.000000
4928.000000
3198.000000
4912.000000
3182.000000
4894.000000
3164.000000
4874.000000
3144.000000
4853.000000
3123.000000
4831.000000
3100.000000
4810.000000
11551155
3221.000000
4942.000000
3211.000000
4928.000000
3198.000000
4912.000000
3182.000000
4894.000000
3164.000000
4874.000000
3144.000000
4853.000000
3123.000000
4831.000000
3100.000000
4810.000000
11551155
3221.000000
4942.000000
3211.000000
4928.000000
3198.000000
4912.000000
3182.000000
4894.000000
3164.000000
4874.000000
3144.000000
4853.000000
3123.000000
4831.000000
3100.000000
4810.000000
11551155
3210.000000
4930.000000
3201.000000
4917.000000
3190.000000
4902.000000
3176.000000
4884.000000
3159.000000
4864.000000
3140.000000
4843.000000
3120.000000
4821.000000
3098.000000
4799.000000
11551155
3210.000000
4930.000000
3201.000000
4917.000000
3190.000000
4902.000000
3176.000000
4884.000000
3159.000000
4864.000000
3140.000000
4843.000000
3120.000000
4821.000000
3098.000000
4799.000000
11551155
3210.000000
4930.000000
3201.000000
4917.000000
3190.000000
4902.000000
3176.000000
4884.000000
3159.000000
4864.000000
3140.000000
4843.000000
3120.000000
4821.000000
3098.000000
4799.000000
11551155
3177.000000
4872.000000
3163.000000
4854.000000
3146.000000
4835.000000
3127.000000
4814.000000
3106.000000
4793.000000
3084.000000
4771.000000
3061.000000
4750.000000
3039.000000
4730.000000
11551155
3177.000000
4872.000000
3163.000000
4854.000000
3146.000000
4835.000000
3127.000000
4814.000000
3106.000000
4793.000000
3084.000000
4771.000000
3061.000000
4750.000000
3039.000000
4730.000000
11551155
3177.000000
4872.000000
3163.000000
4854.000000
3146.000000
4835.000000
3127.000000
4814.000000
3106.000000
4793.000000
3084.000000
4771.000000
3061.000000
4750.000000
3039.000000
4730.000000
11551155
3154.000000
4840.000000
3139.000000
4821.000000
3121.000000
4801.000000
3101.000000
4779.000000
3080.000000
4756.000000
3058.000000
4734.000000
3035.000000
4713.000000
3013.000000
4693.000000
11551155
3154.000000
4840.000000
3139.000000
4821.000000
3121.000000
4801.000000
3101.000000
4779.000000
3080.000000
4756.000000
3058.000000
4734.000000
3035.000000
4713.000000
3013.000000
4693.000000
11551155
3154.000000
4840.000000
3139.000000
4821.000000
3121.000000
4801.000000
3101.000000
4779.000000
3080.000000
4756.000000
3058.000000
4734.000000
3035.000000
4713.000000
3013.000000
4693.000000
11551155
3150.000000
4831.000000
3136.000000
4814.000000
3119.000000
4794.000000
3100.000000
4773.000000
3079.000000
4751.000000
3057.000000
4728.000000
3035.000000
4706.000000
3012.000000
4686.000000
11551155
3150.000000
4831.000000
3136.000000
4814.000000
3119.000000
4794.000000
3100.000000
4773.000000
3079.000000
4751.000000
3057.000000
4728.000000
3035.000000
4706.000000
3012.000000
4686.000000
11551155
3150.000000
4831.000000
3136.000000
4814.000000
3119.000000
4794.000000
3100.000000
4773.000000
3079.000000
4751.000000
3057.000000
4728.000000
3035.000000
4706.000000
3012.000000
4686.000000
11551155
3120.000000
4787.000000
3104.000000
4767.000000
3085.000000
4746.000000
3065.000000
4724.000000
3043.000000
4702.000000
3020.000000
4680.000000
2998.000000
4659.000000
2976.000000
4640.000000
11551155
3120.000000
4787.000000
3104.000000
4767.000000
3085.000000
4746.000000
3065.000000
4724.000000
3043.000000
4702.000000
3020.000000
4680.000000
2998.000000
4659.000000
2976.000000
4640.000000
11551155
3120.000000
4787.000000
3104.000000
4767.000000
3085.000000
4746.000000
3065.000000
4724.000000
3043.000000
4702.000000
3020.000000
4680.000000
2998.000000
4659.000000
2976.000000
4640.000000
11551155
3117.000000
4776.000000
3103.000000
4757.000000
3086.000000
4737.000000
3067.000000
4715.000000
3045.000000
4692.000000
3022.000000
4669.000000
2999.000000
4646.000000
2976.000000
4625.000000
11551155
3117.000000
4776.000000
3103.000000
4757.000000
3086.000000
4737.000000
3067.000000
4715.000000
3045.000000
4692.000000
3022.000000
4669.000000
2999.000000
4646.000000
2976.000000
4625.000000
11551155
3117.000000
4776.000000
3103.000000
4757.000000
3086.000000
4737.000000
3067.000000
4715.000000
3045.000000
4692.000000
3022.000000
4669.000000
2999.000000
4646.000000
2976.000000
4625.000000
11551155
3098.000000
4749.000000
3084.000000
4731.000000
3067.000000
4711.000000
3047.000000
4689.000000
3026.000000
4666.000000
2980.000000
4642.000000
2956.000000
4620.000000
2944.000000
4598.000000
11551155
3098.000000
4749.000000
3084.000000
4731.000000
3067.000000
4711.000000
3047.000000
4689.000000
3026.000000
4666.000000
2980.000000
4642.000000
2956.000000
4620.000000
2944.000000
4598.000000
11551155
3098.000000
4749.000000
3084.000000
4731.000000
3067.000000
4711.000000
3047.000000
4689.000000
3026.000000
4666.000000
2980.000000
4642.000000
2956.000000
4620.000000
2944.000000
4598.000000
11551155
3048.000000
4693.000000
3033.000000
4674.000000
3015.000000
4652.000000
2995.000000
4630.000000
2974.000000
4607.000000
2951.000000
4584.000000
2928.000000
4563.000000
2905.000000
4542.000000
11551155
3048.000000
4693.000000
3033.000000
4674.000000
3015.000000
4652.000000
2995.000000
4630.000000
2974.000000
4607.000000
2951.000000
4584.000000
2928.000000
4563.000000
2905.000000
4542.000000
11551155
3018.000000
4645.000000
3000.000000
4624.000000
2980.000000
4601.000000
2958.000000
4578.000000
2934.000000
4555.000000
2910.000000
4533.000000
2886.000000
4512.000000
2863.000000
4492.000000
11551155
3018.000000
4645.000000
3000.000000
4624.000000
2980.000000
4601.000000
2958.000000
4578.000000
2934.000000
4555.000000
2910.000000
4533.000000
2886.000000
4512.000000
2863.000000
4492.000000
11551155
3018.000000
4645.000000
3000.000000
4624.000000
2980.000000
4601.000000
2958.000000
4578.000000
2934.000000
4555.000000
2910.000000
4533.000000
2886.000000
4512.000000
2863.000000
4492.000000
11551155
3016.000000
4644.000000
3001.000000
4625.000000
2983.000000
4603.000000
2962.000000
4580.000000
2940.000000
4557.000000
2916.000000
4533.000000
2892.000000
4510.000000
2868.000000
4488.000000
11551155
3016.000000
4644.000000
3001.000000
4625.000000
2983.000000
4603.000000
2962.000000
4580.000000
2940.000000
4557.000000
2916.000000
4533.000000
2892.000000
4510.000000
2868.000000
4488.000000
11551155
3016.000000
4644.000000
3001.000000
4625.000000
2983.000000
4603.000000
2962.000000
4580.000000
2940.000000
4557.000000
2916.000000
4533.000000
2892.000000
4510.000000
2868.000000
4488.000000
11551155
2971.000000
4589.000000
2951.000000
4567.000000
2929.000000
4544.000000
2906.000000
4520.000000
2882.000000
4497.000000
2858.000000
4475.000000
2834.000000
4454.000000
2812.000000
4436.000000
11551155
2971.000000
4589.000000
2951.000000
4567.000000
2929.000000
4544.000000
2906.000000
4520.000000
2882.000000
4497.000000
2858.000000
4475.000000
2834.000000
4454.000000
2812.000000
4436.000000
11551155
2971.000000
4589.000000
2951.000000
4567.000000
2929.000000
4544.000000
2906.000000
4520.000000
2882.000000
4497.000000
2858.000000
4475.000000
2834.000000
4454.000000
2812.000000
4436.000000
11551155
2999.000000
4621.000000
2984.000000
4603.000000
2967.000000
4582.000000
2947.000000
4560.000000
2925.000000
4536.000000
2901.000000
4512.000000
2877.000000
4489.000000
2853.000000
4466.000000
11551155
2999.000000
4621.000000
2984.000000
4603.000000
2967.000000
4582.000000
2947.000000
4560.000000
2925.000000
4536.000000
2901.000000
4512.000000
2877.000000
4489.000000
2853.000000
4466.000000
11551155
2999.000000
4621.000000
2984.000000
4603.000000
2967.000000
4582.000000
2947.000000
4560.000000
2925.000000
4536.000000
2901.000000
4512.000000
2877.000000
4489.000000
2853.000000
4466.000000
11551155
3013.000000
4634.000000
3000.000000
4617.000000
2984.000000
4597.000000
2965.000000
4575.000000
2944.000000
4552.000000
2921.000000
4527.000000
2897.000000
4504.000000
2872.000000
4481.000000
11551155
3013.000000
4634.000000
3000.000000
4617.000000
2984.000000
4597.000000
2965.000000
4575.000000
2944.000000
4552.000000
2921.000000
4527.000000
2897.000000
4504.000000
2872.000000
4481.000000
11551155
3013.000000
4634.000000
3000.000000
4617.000000
2984.000000
4597.000000
2965.000000
4575.000000
2944.000000
4552.000000
2921.000000
4527.000000
2897.000000
4504.000000
2872.000000
4481.000000
11551155
3005.000000
4629.000000
2996.000000
4611.000000
2982.000000
4590.000000
2963.000000
4568.000000
2942.000000
4545.000000
2919.000000
4521.000000
2895.000000
4498.000000
2871.000000
4476.000000
11551155
3005.000000
4629.000000
2996.000000
4611.000000
2982.000000
4590.000000
2963.000000
4568.000000
2942.000000
4545.000000
2919.000000
4521.000000
2895.000000
4498.000000
2871.000000
4476.000000
11551155
3005.000000
4629.000000
2996.000000
4611.000000
2982.000000
4590.000000
2963.000000
4568.000000
2942.000000
4545.000000
2919.000000
4521.000000
2895.000000
4498.000000
2871.000000
4476.000000
11551155
3045.000000
4663.000000
3036.000000
4649.000000
3024.000000
4633.000000
3009.000000
4615.000000
2991.000000
4594.000000
2971.000000
4571.000000
2948.000000
4548.000000
2901.000000
4524.000000
11551155
3045.000000
4663.000000
3036.000000
4649.000000
3024.000000
4633.000000
3009.000000
4615.000000
2991.000000
4594.000000
2971.000000
4571.000000
2948.000000
4548.000000
2901.000000
4524.000000
11551155
3045.000000
4663.000000
3036.000000
4649.000000
3024.000000
4633.000000
3009.000000
4615.000000
2991.000000
4594.000000
2971.000000
4571.000000
2948.000000
4548.000000
2901.000000
4524.000000
11551155
3068.000000
4682.000000
3061.000000
4671.000000
3051.000000
4656.000000
3037.000000
4639.000000
3021.000000
4619.000000
3002.000000
4598.000000
2981.000000
4575.000000
2958.000000
4552.000000
11551155
3068.000000
4682.000000
3061.000000
4671.000000
3051.000000
4656.000000
3037.000000
4639.000000
3021.000000
4619.000000
3002.000000
4598.000000
2981.000000
4575.000000
2958.000000
4552.000000
11551155
3068.000000
4682.000000
3061.000000
4671.000000
3051.000000
4656.000000
3037.000000
4639.000000
3021.000000
4619.000000
3002.000000
4598.000000
2981.000000
4575.000000
2958.000000
4552.000000
11551155
3070.000000
4678.000000
3061.000000
4665.000000
3049.000000
4649.000000
3033.000000
4630.000000
3015.000000
4610.000000
2994.000000
4587.000000
2972.000000
4565.000000
2948.000000
4542.000000
11551155
3070.000000
4678.000000
3061.000000
4665.000000
3049.000000
4649.000000
3033.000000
4630.000000
3015.000000
4610.000000
2994.000000
4587.000000
2972.000000
4565.000000
2948.000000
4542.000000
11551155
3070.000000
4678.000000
3061.000000
4665.000000
3049.000000
4649.000000
3033.000000
4630.000000
3015.000000
4610.000000
2994.000000
4587.000000
2972.000000
4565.000000
2948.000000
4542.000000
11551155
3088.000000
4692.000000
3080.000000
4680.000000
3069.000000
4665.000000
3054.000000
4647.000000
3037.000000
4627.000000
3017.000000
4605.000000
2995.000000
4581.000000
2972.000000
4558.000000
11551155
3088.000000
4692.000000
3080.000000
4680.000000
3069.000000
4665.000000
3054.000000
4647.000000
3037.000000
4627.000000
3017.000000
4605.000000
2995.000000
4581.000000
2972.000000
4558.000000
11551155
3088.000000
4692.000000
3080.000000
4680.000000
3069.000000
4665.000000
3054.000000
4647.000000
3037.000000
4627.000000
3017.000000
4605.000000
2995.000000
4581.000000
2972.000000
4558.000000
11551155
3102.000000
4700.000000
3093.000000
4687.000000
3081.000000
4671.000000
3066.000000
4653.000000
3048.000000
4632.000000
3028.000000
4610.000000
3006.000000
4587.000000
2983.000000
4564.000000
11551155
3102.000000
4700.000000
3093.000000
4687.000000
3081.000000
4671.000000
3066.000000
4653.000000
3048.000000
4632.000000
3028.000000
4610.000000
3006.000000
4587.000000
2983.000000
4564.000000
11551155
3102.000000
4700.000000
3093.000000
4687.000000
3081.000000
4671.000000
3066.000000
4653.000000
3048.000000
4632.000000
3028.000000
4610.000000
3006.000000
4587.000000
2983.000000
4564.000000
11551155
3094.000000
4685.000000
3082.000000
4669.000000
3067.000000
4651.000000
3050.000000
4630.000000
3030.000000
4609.000000
3008.000000
4586.000000
2985.000000
4563.000000
2961.000000
4540.000000
11551155
3094.000000
4685.000000
3082.000000
4669.000000
3067.000000
4651.000000
3050.000000
4630.000000
3030.000000
4609.000000
3008.000000
4586.000000
2985.000000
4563.000000
2961.000000
4540.000000
11551155
3094.000000
4685.000000
3082.000000
4669.000000
3067.000000
4651.000000
3050.000000
4630.000000
3030.000000
4609.000000
3008.000000
4586.000000
2985.000000
4563.000000
2961.000000
4540.000000
11551155
3091.000000
4684.000000
3080.000000
4669.000000
3066.000000
4652.000000
3049.000000
4632.000000
3030.000000
4610.000000
3009.000000
4588.000000
2986.000000
4564.000000
2962.000000
4542.000000
11551155
3091.000000
4684.000000
3080.000000
4669.000000
3066.000000
4652.000000
3049.000000
4632.000000
3030.000000
4610.000000
3009.000000
4588.000000
2986.000000
4564.000000
2962.000000
4542.000000
11551155
3091.000000
4684.000000
3080.000000
4669.000000
3066.000000
4652.000000
3049.000000
4632.000000
3030.000000
4610.000000
3009.000000
4588.000000
2986.000000
4564.000000
2962.000000
4542.000000
11551155
3078.000000
4667.000000
3066.000000
4650.000000
3051.000000
4631.000000
3033.000000
4610.000000
3013.000000
4588.000000
2991.000000
4565.000000
2968.000000
4542.000000
2944.000000
4519.000000
11551155
3078.000000
4667.000000
3066.000000
4650.000000
3051.000000
4631.000000
3033.000000
4610.000000
3013.000000
4588.000000
2991.000000
4565.000000
2968.000000
4542.000000
2944.000000
4519.000000
11551155
3078.000000
4667.000000
3066.000000
4650.000000
3051.000000
4631.000000
3033.000000
4610.000000
3013.000000
4588.000000
2991.000000
4565.000000
2968.000000
4542.000000
2944.000000
4519.000000
11551155
3064.000000
4646.000000
3051.000000
4629.000000
3035.000000
4609.000000
3016.000000
4588.000000
2995.000000
4565.000000
2972.000000
4542.000000
2948.000000
4519.000000
2924.000000
4497.000000
11551155
3064.000000
4646.000000
3051.000000
4629.000000
3035.000000
4609.000000
3016.000000
4588.000000
2995.000000
4565.000000
2972.000000
4542.000000
2948.000000
4519.000000
2924.000000
4497.000000
11551155
3064.000000
4646.000000
3051.000000
4629.000000
3035.000000
4609.000000
3016.000000
4588.000000
2995.000000
4565.000000
2972.000000
4542.000000
2948.000000
4519.000000
2924.000000
4497.000000
11551155
3036.000000
4610.000000
3021.000000
4591.000000
3003.000000
4570.000000
2982.000000
4548.000000
2960.000000
4525.000000
2936.000000
4502.000000
2912.000000
4480.000000
2888.000000
4460.000000
11551155
3036.000000
4610.000000
3021.000000
4591.000000
3003.000000
4570.000000
2982.000000
4548.000000
2960.000000
4525.000000
2936.000000
4502.000000
2912.000000
4480.000000
2888.000000
4460.000000
11551155
3036.000000
4610.000000
3021.000000
4591.000000
3003.000000
4570.000000
2982.000000
4548.000000
2960.000000
4525.000000
2936.000000
4502.000000
2912.000000
4480.000000
2888.000000
4460.000000
11551155
3035.000000
4615.000000
3009.000000
4598.000000
2991.000000
4579.000000
2980.000000
4557.000000
2963.000000
4535.000000
2942.000000
4512.000000
2920.000000
4488.000000
2897.000000
4466.000000
11551155
3035.000000
4615.000000
3009.000000
4598.000000
2991.000000
4579.000000
2980.000000
4557.000000
2963.000000
4535.000000
2942.000000
4512.000000
2920.000000
4488.000000
2897.000000
4466.000000
11551155
3035.000000
4615.000000
3009.000000
4598.000000
2991.000000
4579.000000
2980.000000
4557.000000
2963.000000
4535.000000
2942.000000
4512.000000
2920.000000
4488.000000
2897.000000
4466.000000
11551155
3034.000000
4603.000000
3021.000000
4588.000000
3006.000000
4569.000000
2988.000000
4549.000000
2967.000000
4526.000000
2944.000000
4503.000000
2920.000000
4480.000000
2896.000000
4457.000000
11551155
3034.000000
4603.000000
3021.000000
4588.000000
3006.000000
4569.000000
2988.000000
4549.000000
2967.000000
4526.000000
2944.000000
4503.000000
2920.000000
4480.000000
2896.000000
4457.000000
11551155
3034.000000
4603.000000
3021.000000
4588.000000
3006.000000
4569.000000
2988.000000
4549.000000
2967.000000
4526.000000
2944.000000
4503.000000
2920.000000
4480.000000
2896.000000
4457.000000
11551155
3020.000000
4581.000000
3007.000000
4564.000000
2992.000000
4545.000000
2974.000000
4524.000000
2953.000000
4502.000000
2930.000000
4479.000000
2906.000000
4455.000000
2881.000000
4433.000000
11551155
3020.000000
4581.000000
3007.000000
4564.000000
2992.000000
4545.000000
2974.000000
4524.000000
2953.000000
4502.000000
2930.000000
4479.000000
2906.000000
4455.000000
2881.000000
4433.000000
11551155
3020.000000
4581.000000
3007.000000
4564.000000
2992.000000
4545.000000
2974.000000
4524.000000
2953.000000
4502.000000
2930.000000
4479.000000
2906.000000
4455.000000
2881.000000
4433.000000
11551155
3005.000000
4574.000000
2993.000000
4559.000000
2979.000000
4541.000000
2962.000000
4521.000000
2942.000000
4499.000000
2920.000000
4476.000000
2897.000000
4453.000000
2873.000000
4430.000000
11551155
3005.000000
4574.000000
2993.000000
4559.000000
2979.000000
4541.000000
2962.000000
4521.000000
2942.000000
4499.000000
2920.000000
4476.000000
2897.000000
4453.000000
2873.000000
4430.000000
11551155
3005.000000
4574.000000
2993.000000
4559.000000
2979.000000
4541.000000
2962.000000
4521.000000
2942.000000
4499.000000
2920.000000
4476.000000
2897.000000
4453.000000
2873.000000
4430.000000
11551155
2989.000000
4552.000000
2975.000000
4534.000000
2958.000000
4515.000000
2938.000000
4494.000000
2916.000000
4471.000000
2893.000000
4448.000000
2869.000000
4425.000000
2846.000000
4403.000000
11551155
2989.000000
4552.000000
2975.000000
4534.000000
2958.000000
4515.000000
2938.000000
4494.000000
2916.000000
4471.000000
2893.000000
4448.000000
2869.000000
4425.000000
2846.000000
4403.000000
11551155
2989.000000
4552.000000
2975.000000
4534.000000
2958.000000
4515.000000
2938.000000
4494.000000
2916.000000
4471.000000
2893.000000
4448.000000
2869.000000
4425.000000
2846.000000
4403.000000
11551155
2986.000000
4536.000000
2972.000000
4518.000000
2954.000000
4498.000000
2934.000000
4477.000000
2912.000000
4454.000000
2888.000000
4431.000000
2864.000000
4409.000000
2840.000000
4388.000000
11551155
2986.000000
4536.000000
2972.000000
4518.000000
2954.000000
4498.000000
2934.000000
4477.000000
2912.000000
4454.000000
2888.000000
4431.000000
2864.000000
4409.000000
2840.000000
4388.000000
11551155
2986.000000
4536.000000
2972.000000
4518.000000
2954.000000
4498.000000
2934.000000
4477.000000
2912.000000
4454.000000
2888.000000
4431.000000
2864.000000
4409.000000
2840.000000
4388.000000
11551155
2984.000000
4534.000000
2970.000000
4517.000000
2953.000000
4497.000000
2934.000000
4476.000000
2912.000000
4453.000000
2889.000000
4431.000000
2866.000000
4408.000000
2842.000000
4386.000000
11551155
2984.000000
4534.000000
2970.000000
4517.000000
2953.000000
4497.000000
2934.000000
4476.000000
2912.000000
4453.000000
2889.000000
4431.000000
2866.000000
4408.000000
2842.000000
4386.000000
11551155
2984.000000
4534.000000
2970.000000
4517.000000
2953.000000
4497.000000
2934.000000
4476.000000
2912.000000
4453.000000
2889.000000
4431.000000
2866.000000
4408.000000
2842.000000
4386.000000
11551155
2979.000000
4520.000000
2964.000000
4501.000000
2945.000000
4480.000000
2924.000000
4458.000000
2901.000000
4436.000000
2877.000000
4413.000000
2853.000000
4391.000000
2828.000000
4370.000000
11551155
2979.000000
4520.000000
2964.000000
4501.000000
2945.000000
4480.000000
2924.000000
4458.000000
2901.000000
4436.000000
2877.000000
4413.000000
2853.000000
4391.000000
2828.000000
4370.000000
11551155
2979.000000
4520.000000
2964.000000
4501.000000
2945.000000
4480.000000
2924.000000
4458.000000
2901.000000
4436.000000
2877.000000
4413.000000
2853.000000
4391.000000
2828.000000
4370.000000
11551155
2976.000000
4515.000000
2961.000000
4497.000000
2943.000000
4477.000000
2923.000000
4455.000000
2900.000000
4432.000000
2876.000000
4409.000000
2851.000000
4386.000000
2827.000000
4365.000000
11551155
2976.000000
4515.000000
2961.000000
4497.000000
2943.000000
4477.000000
2923.000000
4455.000000
2900.000000
4432.000000
2876.000000
4409.000000
2851.000000
4386.000000
2827.000000
4365.000000
11551155
2976.000000
4515.000000
2961.000000
4497.000000
2943.000000
4477.000000
2923.000000
4455.000000
2900.000000
4432.000000
2876.000000
4409.000000
2851.000000
4386.000000
2827.000000
4365.000000
11551155
2968.000000
4514.000000
2960.000000
4498.000000
2947.000000
4479.000000
2929.000000
4458.000000
2909.000000
4436.000000
2887.000000
4413.000000
2863.000000
4390.000000
2839.000000
4367.000000
11551155
2968.000000
4514.000000
2960.000000
4498.000000
2947.000000
4479.000000
2929.000000
4458.000000
2909.000000
4436.000000
2887.000000
4413.000000
2863.000000
4390.000000
2839.000000
4367.000000
11551155
2968.000000
4514.000000
2960.000000
4498.000000
2947.000000
4479.000000
2929.000000
4458.000000
2909.000000
4436.000000
2887.000000
4413.000000
2863.000000
4390.000000
2839.000000
4367.000000
11551155
2973.000000
4510.000000
2961.000000
4494.000000
2946.000000
4475.000000
2928.000000
4455.000000
2908.000000
4432.000000
2886.000000
4409.000000
2862.000000
4386.000000
2812.000000
4363.000000
11551155
2973.000000
4510.000000
2961.000000
4494.000000
2946.000000
4475.000000
2928.000000
4455.000000
2908.000000
4432.000000
2886.000000
4409.000000
2862.000000
4386.000000
2812.000000
4363.000000
11551155
2973.000000
4510.000000
2961.000000
4494.000000
2946.000000
4475.000000
2928.000000
4455.000000
2908.000000
4432.000000
2886.000000
4409.000000
2862.000000
4386.000000
2812.000000
4363.000000
11551155
2961.000000
4486.000000
2949.000000
4470.000000
2934.000000
4451.000000
2916.000000
4430.000000
2895.000000
4408.000000
2872.000000
4384.000000
2848.000000
4361.000000
2823.000000
4338.000000
11551155
2961.000000
4486.000000
2949.000000
4470.000000
2934.000000
4451.000000
2916.000000
4430.000000
2895.000000
4408.000000
2872.000000
4384.000000
2848.000000
4361.000000
2823.000000
4338.000000
11551155
2961.000000
4486.000000
2949.000000
4470.000000
2934.000000
4451.000000
2916.000000
4430.000000
2895.000000
4408.000000
2872.000000
4384.000000
2848.000000
4361.000000
2823.000000
4338.000000
11551155
2949.000000
4472.000000
2936.000000
4456.000000
2921.000000
4437.000000
2903.000000
4416.000000
2882.000000
4394.000000
2859.000000
4370.000000
2835.000000
4347.000000
2811.000000
4323.000000
11551155
2949.000000
4472.000000
2936.000000
4456.000000
2921.000000
4437.000000
2903.000000
4416.000000
2882.000000
4394.000000
2859.000000
4370.000000
2835.000000
4347.000000
2811.000000
4323.000000
11551155
2949.000000
4472.000000
2936.000000
4456.000000
2921.000000
4437.000000
2903.000000
4416.000000
2882.000000
4394.000000
2859.000000
4370.000000
2835.000000
4347.000000
2811.000000
4323.000000
11551155
2922.000000
4439.000000
2905.000000
4419.000000
2885.000000
4397.000000
2864.000000
4373.000000
2840.000000
4349.000000
2816.000000
4326.000000
2791.000000
4303.000000
2767.000000
4281.000000
11551155
2922.000000
4439.000000
2905.000000
4419.000000
2885.000000
4397.000000
2864.000000
4373.000000
2840.000000
4349.000000
2816.000000
4326.000000
2791.000000
4303.000000
2767.000000
4281.000000
11551155
2922.000000
4439.000000
2905.000000
4419.000000
2885.000000
4397.000000
2864.000000
4373.000000
2840.000000
4349.000000
2816.000000
4326.000000
2791.000000
4303.000000
2767.000000
4281.000000
11551155
2875.000000
4372.000000
2854.000000
4350.000000
2831.000000
4327.000000
2807.000000
4303.000000
2782.000000
4281.000000
2757.000000
4259.000000
2733.000000
4239.000000
2710.000000
4220.000000
11551155
2875.000000
4372.000000
2854.000000
4350.000000
2831.000000
4327.000000
2807.000000
4303.000000
2782.000000
4281.000000
2757.000000
4259.000000
2733.000000
4239.000000
2710.000000
4220.000000
11551155
2875.000000
4372.000000
2854.000000
4350.000000
2831.000000
4327.000000
2807.000000
4303.000000
2782.000000
4281.000000
2757.000000
4259.000000
2733.000000
4239.000000
2710.000000
4220.000000
11551155
2843.000000
4344.000000
2822.000000
4322.000000
2799.000000
4298.000000
2775.000000
4275.000000
2750.000000
4253.000000
2726.000000
4231.000000
2703.000000
4212.000000
2682.000000
4195.000000
11551155
2843.000000
4344.000000
2822.000000
4322.000000
2799.000000
4298.000000
2775.000000
4275.000000
2750.000000
4253.000000
2726.000000
4231.000000
2703.000000
4212.000000
2682.000000
4195.000000
11551155
2843.000000
4344.000000
2822.000000
4322.000000
2799.000000
4298.000000
2775.000000
4275.000000
2750.000000
4253.000000
2726.000000
4231.000000
2703.000000
4212.000000
2682.000000
4195.000000
11551155
2855.000000
4352.000000
2836.000000
4331.000000
2794.000000
4308.000000
2769.000000
4285.000000
2756.000000
4263.000000
2737.000000
4241.000000
2716.000000
4221.000000
2695.000000
4202.000000
11551155
2855.000000
4352.000000
2836.000000
4331.000000
2794.000000
4308.000000
2769.000000
4285.000000
2756.000000
4263.000000
2737.000000
4241.000000
2716.000000
4221.000000
2695.000000
4202.000000
11551155
2863.000000
4357.000000
2845.000000
4336.000000
2824.000000
4314.000000
2801.000000
4290.000000
2777.000000
4267.000000
2752.000000
4243.000000
2728.000000
4222.000000
2704.000000
4201.000000
11551155
2863.000000
4357.000000
2845.000000
4336.000000
2824.000000
4314.000000
2801.000000
4290.000000
2777.000000
4267.000000
2752.000000
4243.000000
2728.000000
4222.000000
2704.000000
4201.000000
11551155
2863.000000
4357.000000
2845.000000
4336.000000
2824.000000
4314.000000
2801.000000
4290.000000
2777.000000
4267.000000
2752.000000
4243.000000
2728.000000
4222.000000
2704.000000
4201.000000
11551155
2842.000000
4329.000000
2821.000000
4307.000000
2798.000000
4285.000000
2774.000000
4261.000000
2749.000000
4239.000000
2724.000000
4217.000000
2700.000000
4197.000000
2677.000000
4179.000000
11551155
2842.000000
4329.000000
2821.000000
4307.000000
2798.000000
4285.000000
2774.000000
4261.000000
2749.000000
4239.000000
2724.000000
4217.000000
2700.000000
4197.000000
2677.000000
4179.000000
11551155
2842.000000
4329.000000
2821.000000
4307.000000
2798.000000
4285.000000
2774.000000
4261.000000
2749.000000
4239.000000
2724.000000
4217.000000
2700.000000
4197.000000
2677.000000
4179.000000
11551155
2868.000000
4354.000000
2850.000000
4332.000000
2830.000000
4310.000000
2808.000000
4286.000000
2784.000000
4262.000000
2759.000000
4239.000000
2734.000000
4218.000000
2710.000000
4198.000000
11551155
2868.000000
4354.000000
2850.000000
4332.000000
2830.000000
4310.000000
2808.000000
4286.000000
2784.000000
4262.000000
2759.000000
4239.000000
2734.000000
4218.000000
2710.000000
4198.000000
11551155
2868.000000
4354.000000
2850.000000
4332.000000
2830.000000
4310.000000
2808.000000
4286.000000
2784.000000
4262.000000
2759.000000
4239.000000
2734.000000
4218.000000
2710.000000
4198.000000
11551155
2878.000000
4350.000000
2859.000000
4328.000000
2837.000000
4305.000000
2813.000000
4281.000000
2788.000000
4258.000000
2763.000000
4235.000000
2738.000000
4213.000000
2714.000000
4194.000000
11551155
2878.000000
4350.000000
2859.000000
4328.000000
2837.000000
4305.000000
2813.000000
4281.000000
2788.000000
4258.000000
2763.000000
4235.000000
2738.000000
4213.000000
2714.000000
4194.000000
11551155
2878.000000
4350.000000
2859.000000
4328.000000
2837.000000
4305.000000
2813.000000
4281.000000
2788.000000
4258.000000
2763.000000
4235.000000
2738.000000
4213.000000
2714.000000
4194.000000
11551155
2906.000000
4378.000000
2875.000000
4359.000000
2853.000000
4338.000000
2841.000000
4315.000000
2822.000000
4291.000000
2799.000000
4267.000000
2775.000000
4243.000000
2750.000000
4221.000000
11551155
2906.000000
4378.000000
2875.000000
4359.000000
2853.000000
4338.000000
2841.000000
4315.000000
2822.000000
4291.000000
2799.000000
4267.000000
2775.000000
4243.000000
2750.000000
4221.000000
11551155
2906.000000
4378.000000
2875.000000
4359.000000
2853.000000
4338.000000
2841.000000
4315.000000
2822.000000
4291.000000
2799.000000
4267.000000
2775.000000
4243.000000
2750.000000
4221.000000
11551155
2928.000000
4399.000000
2915.000000
4383.000000
2900.000000
4364.000000
2881.000000
4343.000000
2860.000000
4321.000000
2837.000000
4297.000000
2813.000000
4274.000000
2788.000000
4250.000000
11551155
2928.000000
4399.000000
2915.000000
4383.000000
2900.000000
4364.000000
2881.000000
4343.000000
2860.000000
4321.000000
2837.000000
4297.000000
2813.000000
4274.000000
2788.000000
4250.000000
11551155
2928.000000
4399.000000
2915.000000
4383.000000
2900.000000
4364.000000
2881.000000
4343.000000
2860.000000
4321.000000
2837.000000
4297.000000
2813.000000
4274.000000
2788.000000
4250.000000
11551155
2929.000000
4401.000000
2916.000000
4385.000000
2900.000000
4366.000000
2881.000000
4345.000000
2860.000000
4322.000000
2837.000000
4299.000000
2812.000000
4275.000000
2787.000000
4251.000000
11551155
2929.000000
4401.000000
2916.000000
4385.000000
2900.000000
4366.000000
2881.000000
4345.000000
2860.000000
4322.000000
2837.000000
4299.000000
2812.000000
4275.000000
2787.000000
4251.000000
11551155
2929.000000
4401.000000
2916.000000
4385.000000
2900.000000
4366.000000
2881.000000
4345.000000
2860.000000
4322.000000
2837.000000
4299.000000
2812.000000
4275.000000
2787.000000
4251.000000
11551155
2936.000000
4390.000000
2921.000000
4373.000000
2903.000000
4353.000000
2883.000000
4331.000000
2860.000000
4308.000000
2836.000000
4284.000000
2810.000000
4261.000000
2784.000000
4238.000000
11551155
2936.000000
4390.000000
2921.000000
4373.000000
2903.000000
4353.000000
2883.000000
4331.000000
2860.000000
4308.000000
2836.000000
4284.000000
2810.000000
4261.000000
2784.000000
4238.000000
11551155
2936.000000
4390.000000
2921.000000
4373.000000
2903.000000
4353.000000
2883.000000
4331.000000
2860.000000
4308.000000
2836.000000
4284.000000
2810.000000
4261.000000
2784.000000
4238.000000
11551155
2940.000000
4392.000000
2926.000000
4374.000000
2908.000000
4354.000000
2888.000000
4333.000000
2865.000000
4310.000000
2841.000000
4286.000000
2816.000000
4263.000000
2790.000000
4241.000000
11551155
2940.000000
4392.000000
2926.000000
4374.000000
2908.000000
4354.000000
2888.000000
4333.000000
2865.000000
4310.000000
2841.000000
4286.000000
2816.000000
4263.000000
2790.000000
4241.000000
11551155
2940.000000
4392.000000
2926.000000
4374.000000
2908.000000
4354.000000
2888.000000
4333.000000
2865.000000
4310.000000
2841.000000

