11551155
9070.000000
10797.000000
9047.000000
10773.000000
9016.000000
10745.000000
8978.000000
10710.000000
8932.000000
10671.000000
8878.000000
10628.000000
8818.000000
10582.000000
8753.000000
10534.000000
11551155
9070.000000
10797.000000
9047.000000
10773.000000
9016.000000
10745.000000
8978.000000
10710.000000
8932.000000
10671.000000
8878.000000
10628.000000
8818.000000
10582.000000
8753.000000
10534.000000
11551155
9086.000000
10804.000000
9056.000000
10774.000000
9017.000000
10739.000000
8971.000000
10698.000000
8917.000000
10654.000000
8856.000000
10607.000000
8790.000000
10558.000000
8721.000000
10510.000000
11551155
9086.000000
10804.000000
9056.000000
10774.000000
9017.000000
10739.000000
8971.000000
10698.000000
8917.000000
10654.000000
8856.000000
10607.000000
8790.000000
10558.000000
8721.000000
10510.000000
11551155
9066.000000
10778.000000
9026.000000
10742.000000
8978.000000
10700.000000
8923.000000
10655.000000
8861.000000
10607.000000
8795.000000
10558.000000
8725.000000
10510.000000
8655.000000
10463.000000
11551155
9066.000000
10778.000000
9026.000000
10742.000000
8978.000000
10700.000000
8923.000000
10655.000000
8861.000000
10607.000000
8795.000000
10558.000000
8725.000000
10510.000000
8655.000000
10463.000000
11551155
9066.000000
10778.000000
9026.000000
10742.000000
8978.000000
10700.000000
8923.000000
10655.000000
8861.000000
10607.000000
8795.000000
10558.000000
8725.000000
10510.000000
8655.000000
10463.000000
11551155
9101.000000
10804.000000
9063.000000
10770.000000
9017.000000
10730.000000
8963.000000
10687.000000
8903.000000
10640.000000
8837.000000
10592.000000
8767.000000
10543.000000
8696.000000
10496.000000
11551155
9101.000000
10804.000000
9063.000000
10770.000000
9017.000000
10730.000000
8963.000000
10687.000000
8903.000000
10640.000000
8837.000000
10592.000000
8767.000000
10543.000000
8696.000000
10496.000000
11551155
9101.000000
10804.000000
9063.000000
10770.000000
9017.000000
10730.000000
8963.000000
10687.000000
8903.000000
10640.000000
8837.000000
10592.000000
8767.000000
10543.000000
8696.000000
10496.000000
11551155
9124.000000
10826.000000
9091.000000
10794.000000
9049.000000
10756.000000
8999.000000
10713.000000
8941.000000
10666.000000
8877.000000
10617.000000
8808.000000
10568.000000
8736.000000
10518.000000
11551155
9124.000000
10826.000000
9091.000000
10794.000000
9049.000000
10756.000000
8999.000000
10713.000000
8941.000000
10666.000000
8877.000000
10617.000000
8808.000000
10568.000000
8736.000000
10518.000000
11551155
9102.000000
10803.000000
9063.000000
10767.000000
9016.000000
10726.000000
8961.000000
10681.000000
8899.000000
10633.000000
8832.000000
10583.000000
8761.000000
10534.000000
8689.000000
10486.000000
11551155
9102.000000
10803.000000
9063.000000
10767.000000
9016.000000
10726.000000
8961.000000
10681.000000
8899.000000
10633.000000
8832.000000
10583.000000
8761.000000
10534.000000
8689.000000
10486.000000
11551155
9102.000000
10803.000000
9063.000000
10767.000000
9016.000000
10726.000000
8961.000000
10681.000000
8899.000000
10633.000000
8832.000000
10583.000000
8761.000000
10534.000000
8689.000000
10486.000000
11551155
9095.000000
10785.000000
9050.000000
10746.000000
8996.000000
10701.000000
8935.000000
10654.000000
8868.000000
10604.000000
8797.000000
10554.000000
8725.000000
10505.000000
8652.000000
10459.000000
11551155
9095.000000
10785.000000
9050.000000
10746.000000
8996.000000
10701.000000
8935.000000
10654.000000
8868.000000
10604.000000
8797.000000
10554.000000
8725.000000
10505.000000
8652.000000
10459.000000
11551155
9095.000000
10785.000000
9050.000000
10746.000000
8996.000000
10701.000000
8935.000000
10654.000000
8868.000000
10604.000000
8797.000000
10554.000000
8725.000000
10505.000000
8652.000000
10459.000000
11551155
9043.000000
10745.000000
8989.000000
10700.000000
8928.000000
10651.000000
8860.000000
10600.000000
8789.000000
10549.000000
8716.000000
10499.000000
8643.000000
10451.000000
8573.000000
10408.000000
11551155
9043.000000
10745.000000
8989.000000
10700.000000
8928.000000
10651.000000
8860.000000
10600.000000
8789.000000
10549.000000
8716.000000
10499.000000
8643.000000
10451.000000
8573.000000
10408.000000
11551155
9062.000000
10760.000000
9013.000000
10718.000000
8956.000000
10671.000000
8892.000000
10621.000000
8822.000000
10570.000000
8749.000000
10519.000000
8675.000000
10469.000000
8601.000000
10423.000000
11551155
9062.000000
10760.000000
9013.000000
10718.000000
8956.000000
10671.000000
8892.000000
10621.000000
8822.000000
10570.000000
8749.000000
10519.000000
8675.000000
10469.000000
8601.000000
10423.000000
11551155
9062.000000
10760.000000
9013.000000
10718.000000
8956.000000
10671.000000
8892.000000
10621.000000
8822.000000
10570.000000
8749.000000
10519.000000
8675.000000
10469.000000
8601.000000
10423.000000
11551155
9090.000000
10779.000000
9043.000000
10739.000000
8988.000000
10693.000000
8925.000000
10645.000000
8856.000000
10594.000000
8783.000000
10543.000000
8708.000000
10493.000000
8634.000000
10445.000000
11551155
9090.000000
10779.000000
9043.000000
10739.000000
8988.000000
10693.000000
8925.000000
10645.000000
8856.000000
10594.000000
8783.000000
10543.000000
8708.000000
10493.000000
8634.000000
10445.000000
11551155
9090.000000
10779.000000
9043.000000
10739.000000
8988.000000
10693.000000
8925.000000
10645.000000
8856.000000
10594.000000
8783.000000
10543.000000
8708.000000
10493.000000
8634.000000
10445.000000
11551155
9071.000000
10755.000000
9021.000000
10712.000000
8963.000000
10665.000000
8898.000000
10616.000000
8827.000000
10564.000000
8753.000000
10514.000000
8678.000000
10464.000000
8604.000000
10418.000000
11551155
9071.000000
10755.000000
9021.000000
10712.000000
8963.000000
10665.000000
8898.000000
10616.000000
8827.000000
10564.000000
8753.000000
10514.000000
8678.000000
10464.000000
8604.000000
10418.000000
11551155
9055.000000
10747.000000
9005.000000
10702.000000
8946.000000
10653.000000
8880.000000
10601.000000
8808.000000
10549.000000
8734.000000
10498.000000
8659.000000
10448.000000
8586.000000
10402.000000
11551155
9055.000000
10747.000000
9005.000000
10702.000000
8946.000000
10653.000000
8880.000000
10601.000000
8808.000000
10549.000000
8734.000000
10498.000000
8659.000000
10448.000000
8586.000000
10402.000000
11551155
9055.000000
10747.000000
9005.000000
10702.000000
8946.000000
10653.000000
8880.000000
10601.000000
8808.000000
10549.000000
8734.000000
10498.000000
8659.000000
10448.000000
8586.000000
10402.000000
11551155
9201.000000
10861.000000
9172.000000
10832.000000
9134.000000
10796.000000
9087.000000
10755.000000
9032.000000
10709.000000
8970.000000
10660.000000
8901.000000
10608.000000
8828.000000
10557.000000
11551155
9201.000000
10861.000000
9172.000000
10832.000000
9134.000000
10796.000000
9087.000000
10755.000000
9032.000000
10709.000000
8970.000000
10660.000000
8901.000000
10608.000000
8828.000000
10557.000000
11551155
9201.000000
10861.000000
9172.000000
10832.000000
9134.000000
10796.000000
9087.000000
10755.000000
9032.000000
10709.000000
8970.000000
10660.000000
8901.000000
10608.000000
8828.000000
10557.000000
11551155
9191.000000
10846.000000
9153.000000
10810.000000
9107.000000
10769.000000
9052.000000
10724.000000
8990.000000
10674.000000
8922.000000
10623.000000
8851.000000
10571.000000
8777.000000
10520.000000
11551155
9191.000000
10846.000000
9153.000000
10810.000000
9107.000000
10769.000000
9052.000000
10724.000000
8990.000000
10674.000000
8922.000000
10623.000000
8851.000000
10571.000000
8777.000000
10520.000000
11551155
9131.000000
10776.000000
9079.000000
10732.000000
9019.000000
10684.000000
8953.000000
10633.000000
8881.000000
10582.000000
8806.000000
10530.000000
8731.000000
10481.000000
8657.000000
10435.000000
11551155
9131.000000
10776.000000
9079.000000
10732.000000
9019.000000
10684.000000
8953.000000
10633.000000
8881.000000
10582.000000
8806.000000
10530.000000
8731.000000
10481.000000
8657.000000
10435.000000
11551155
9131.000000
10776.000000
9079.000000
10732.000000
9019.000000
10684.000000
8953.000000
10633.000000
8881.000000
10582.000000
8806.000000
10530.000000
8731.000000
10481.000000
8657.000000
10435.000000
11551155
9149.000000
10791.000000
9104.000000
10750.000000
9049.000000
10703.000000
8985.000000
10653.000000
8915.000000
10601.000000
8841.000000
10549.000000
8765.000000
10498.000000
8689.000000
10450.000000
11551155
9149.000000
10791.000000
9104.000000
10750.000000
9049.000000
10703.000000
8985.000000
10653.000000
8915.000000
10601.000000
8841.000000
10549.000000
8765.000000
10498.000000
8689.000000
10450.000000
11551155
9149.000000
10791.000000
9104.000000
10750.000000
9049.000000
10703.000000
8985.000000
10653.000000
8915.000000
10601.000000
8841.000000
10549.000000
8765.000000
10498.000000
8689.000000
10450.000000
11551155
9111.000000
10765.000000
9061.000000
10722.000000
9003.000000
10674.000000
8938.000000
10623.000000
8868.000000
10570.000000
8794.000000
10517.000000
8718.000000
10465.000000
8643.000000
10416.000000
11551155
9111.000000
10765.000000
9061.000000
10722.000000
9003.000000
10674.000000
8938.000000
10623.000000
8868.000000
10570.000000
8794.000000
10517.000000
8718.000000
10465.000000
8643.000000
10416.000000
11551155
8999.000000
10667.000000
8937.000000
10616.000000
8868.000000
10564.000000
8795.000000
10511.000000
8719.000000
10459.000000
8643.000000
10409.000000
8569.000000
10363.000000
8499.000000
10322.000000
11551155
8999.000000
10667.000000
8937.000000
10616.000000
8868.000000
10564.000000
8795.000000
10511.000000
8719.000000
10459.000000
8643.000000
10409.000000
8569.000000
10363.000000
8499.000000
10322.000000
11551155
8999.000000
10667.000000
8937.000000
10616.000000
8868.000000
10564.000000
8795.000000
10511.000000
8719.000000
10459.000000
8643.000000
10409.000000
8569.000000
10363.000000
8499.000000
10322.000000
11551155
9063.000000
10706.000000
9008.000000
10660.000000
8945.000000
10610.000000
8876.000000
10558.000000
8802.000000
10505.000000
8725.000000
10452.000000
8649.000000
10403.000000
8574.000000
10357.000000
11551155
9063.000000
10706.000000
9008.000000
10660.000000
8945.000000
10610.000000
8876.000000
10558.000000
8802.000000
10505.000000
8725.000000
10452.000000
8649.000000
10403.000000
8574.000000
10357.000000
11551155
9063.000000
10706.000000
9008.000000
10660.000000
8945.000000
10610.000000
8876.000000
10558.000000
8802.000000
10505.000000
8725.000000
10452.000000
8649.000000
10403.000000
8574.000000
10357.000000
11551155
9028.000000
10682.000000
8981.000000
10635.000000
8922.000000
10585.000000
8855.000000
10533.000000
8782.000000
10481.000000
8706.000000
10431.000000
8630.000000
10383.000000
8557.000000
10339.000000
11551155
9028.000000
10682.000000
8981.000000
10635.000000
8922.000000
10585.000000
8855.000000
10533.000000
8782.000000
10481.000000
8706.000000
10431.000000
8630.000000
10383.000000
8557.000000
10339.000000
11551155
9085.000000
10710.000000
9035.000000
10667.000000
8976.000000
10618.000000
8911.000000
10567.000000
8840.000000
10514.000000
8766.000000
10462.000000
8690.000000
10411.000000
8615.000000
10363.000000
11551155
9085.000000
10710.000000
9035.000000
10667.000000
8976.000000
10618.000000
8911.000000
10567.000000
8840.000000
10514.000000
8766.000000
10462.000000
8690.000000
10411.000000
8615.000000
10363.000000
11551155
9085.000000
10710.000000
9035.000000
10667.000000
8976.000000
10618.000000
8911.000000
10567.000000
8840.000000
10514.000000
8766.000000
10462.000000
8690.000000
10411.000000
8615.000000
10363.000000
11551155
9147.000000
10753.000000
9101.000000
10713.000000
9047.000000
10667.000000
8985.000000
10617.000000
8917.000000
10565.000000
8844.000000
10513.000000
8768.000000
10460.000000
8692.000000
10411.000000
11551155
9147.000000
10753.000000
9101.000000
10713.000000
9047.000000
10667.000000
8985.000000
10617.000000
8917.000000
10565.000000
8844.000000
10513.000000
8768.000000
10460.000000
8692.000000
10411.000000
11551155
9147.000000
10753.000000
9101.000000
10713.000000
9047.000000
10667.000000
8985.000000
10617.000000
8917.000000
10565.000000
8844.000000
10513.000000
8768.000000
10460.000000
8692.000000
10411.000000
11551155
9153.000000
10749.000000
9105.000000
10707.000000
9048.000000
10659.000000
8984.000000
10609.000000
8915.000000
10557.000000
8841.000000
10504.000000
8766.000000
10454.000000
8691.000000
10406.000000
11551155
9153.000000
10749.000000
9105.000000
10707.000000
9048.000000
10659.000000
8984.000000
10609.000000
8915.000000
10557.000000
8841.000000
10504.000000
8766.000000
10454.000000
8691.000000
10406.000000
11551155
9103.000000
10712.000000
9057.000000
10666.000000
9000.000000
10617.000000
8934.000000
10566.000000
8863.000000
10515.000000
8789.000000
10464.000000
8715.000000
10417.000000
8643.000000
10372.000000
11551155
9103.000000
10712.000000
9057.000000
10666.000000
9000.000000
10617.000000
8934.000000
10566.000000
8863.000000
10515.000000
8789.000000
10464.000000
8715.000000
10417.000000
8643.000000
10372.000000
11551155
9103.000000
10712.000000
9057.000000
10666.000000
9000.000000
10617.000000
8934.000000
10566.000000
8863.000000
10515.000000
8789.000000
10464.000000
8715.000000
10417.000000
8643.000000
10372.000000
11551155
9153.000000
10735.000000
9101.000000
10691.000000
9041.000000
10644.000000
8975.000000
10594.000000
8904.000000
10542.000000
8830.000000
10491.000000
8755.000000
10442.000000
8682.000000
10397.000000
11551155
9153.000000
10735.000000
9101.000000
10691.000000
9041.000000
10644.000000
8975.000000
10594.000000
8904.000000
10542.000000
8830.000000
10491.000000
8755.000000
10442.000000
8682.000000
10397.000000
11551155
9109.000000
10687.000000
9048.000000
10639.000000
8981.000000
10589.000000
8909.000000
10539.000000
8834.000000
10488.000000
8759.000000
10441.000000
8687.000000
10397.000000
8618.000000
10357.000000
11551155
9109.000000
10687.000000
9048.000000
10639.000000
8981.000000
10589.000000
8909.000000
10539.000000
8834.000000
10488.000000
8759.000000
10441.000000
8687.000000
10397.000000
8618.000000
10357.000000
11551155
9109.000000
10687.000000
9048.000000
10639.000000
8981.000000
10589.000000
8909.000000
10539.000000
8834.000000
10488.000000
8759.000000
10441.000000
8687.000000
10397.000000
8618.000000
10357.000000
11551155
9196.000000
10752.000000
9148.000000
10708.000000
9090.000000
10661.000000
9025.000000
10611.000000
8955.000000
10561.000000
8882.000000
10511.000000
8808.000000
10463.000000
8736.000000
10419.000000
11551155
9196.000000
10752.000000
9148.000000
10708.000000
9090.000000
10661.000000
9025.000000
10611.000000
8955.000000
10561.000000
8882.000000
10511.000000
8808.000000
10463.000000
8736.000000
10419.000000
11551155
9294.000000
10821.000000
9254.000000
10784.000000
9205.000000
10743.000000
9148.000000
10697.000000
9084.000000
10648.000000
9015.000000
10597.000000
8942.000000
10547.000000
8867.000000
10497.000000
11551155
9294.000000
10821.000000
9254.000000
10784.000000
9205.000000
10743.000000
9148.000000
10697.000000
9084.000000
10648.000000
9015.000000
10597.000000
8942.000000
10547.000000
8867.000000
10497.000000
11551155
9294.000000
10821.000000
9254.000000
10784.000000
9205.000000
10743.000000
9148.000000
10697.000000
9084.000000
10648.000000
9015.000000
10597.000000
8942.000000
10547.000000
8867.000000
10497.000000
11551155
9255.000000
10775.000000
9204.000000
10732.000000
9146.000000
10685.000000
9081.000000
10636.000000
9010.000000
10585.000000
8936.000000
10535.000000
8861.000000
10486.000000
8788.000000
10441.000000
11551155
9255.000000
10775.000000
9204.000000
10732.000000
9146.000000
10685.000000
9081.000000
10636.000000
9010.000000
10585.000000
8936.000000
10535.000000
8861.000000
10486.000000
8788.000000
10441.000000
11551155
9255.000000
10775.000000
9204.000000
10732.000000
9146.000000
10685.000000
9081.000000
10636.000000
9010.000000
10585.000000
8936.000000
10535.000000
8861.000000
10486.000000
8788.000000
10441.000000
11551155
9310.000000
10818.000000
9265.000000
10778.000000
9212.000000
10734.000000
9151.000000
10686.000000
9084.000000
10636.000000
9013.000000
10585.000000
8940.000000
10536.000000
8866.000000
10488.000000
11551155
9310.000000
10818.000000
9265.000000
10778.000000
9212.000000
10734.000000
9151.000000
10686.000000
9084.000000
10636.000000
9013.000000
10585.000000
8940.000000
10536.000000
8866.000000
10488.000000
11551155
9358.000000
10857.000000
9320.000000
10822.000000
9273.000000
10781.000000
9218.000000
10735.000000
9156.000000
10687.000000
9088.000000
10636.000000
9015.000000
10584.000000
8941.000000
10534.000000
11551155
9358.000000
10857.000000
9320.000000
10822.000000
9273.000000
10781.000000
9218.000000
10735.000000
9156.000000
10687.000000
9088.000000
10636.000000
9015.000000
10584.000000
8941.000000
10534.000000
11551155
9358.000000
10857.000000
9320.000000
10822.000000
9273.000000
10781.000000
9218.000000
10735.000000
9156.000000
10687.000000
9088.000000
10636.000000
9015.000000
10584.000000
8941.000000
10534.000000
11551155
9301.000000
10797.000000
9251.000000
10754.000000
9193.000000
10707.000000
9128.000000
10656.000000
9057.000000
10604.000000
8982.000000
10552.000000
8906.000000
10501.000000
8830.000000
10454.000000
11551155
9301.000000
10797.000000
9251.000000
10754.000000
9193.000000
10707.000000
9128.000000
10656.000000
9057.000000
10604.000000
8982.000000
10552.000000
8906.000000
10501.000000
8830.000000
10454.000000
11551155
9266.000000
10767.000000
9212.000000
10722.000000
9150.000000
10674.000000
9081.000000
10623.000000
9008.000000
10571.000000
8932.000000
10519.000000
8855.000000
10470.000000
8779.000000
10424.000000
11551155
9266.000000
10767.000000
9212.000000
10722.000000
9150.000000
10674.000000
9081.000000
10623.000000
9008.000000
10571.000000
8932.000000
10519.000000
8855.000000
10470.000000
8779.000000
10424.000000
11551155
9266.000000
10767.000000
9212.000000
10722.000000
9150.000000
10674.000000
9081.000000
10623.000000
9008.000000
10571.000000
8932.000000
10519.000000
8855.000000
10470.000000
8779.000000
10424.000000
11551155
9225.000000
10731.000000
9170.000000
10685.000000
9107.000000
10636.000000
9037.000000
10584.000000
8962.000000
10532.000000
8885.000000
10480.000000
8808.000000
10431.000000
8734.000000
10386.000000
11551155
9225.000000
10731.000000
9170.000000
10685.000000
9107.000000
10636.000000
9037.000000
10584.000000
8962.000000
10532.000000
8885.000000
10480.000000
8808.000000
10431.000000
8734.000000
10386.000000
11551155
9225.000000
10731.000000
9170.000000
10685.000000
9107.000000
10636.000000
9037.000000
10584.000000
8962.000000
10532.000000
8885.000000
10480.000000
8808.000000
10431.000000
8734.000000
10386.000000
11551155
9245.000000
10744.000000
9196.000000
10702.000000
9138.000000
10655.000000
9072.000000
10605.000000
9000.000000
10553.000000
8924.000000
10501.000000
8846.000000
10451.000000
8769.000000
10402.000000
11551155
9245.000000
10744.000000
9196.000000
10702.000000
9138.000000
10655.000000
9072.000000
10605.000000
9000.000000
10553.000000
8924.000000
10501.000000
8846.000000
10451.000000
8769.000000
10402.000000
11551155
9287.000000
10772.000000
9244.000000
10734.000000
9192.000000
10690.000000
9131.000000
10642.000000
9063.000000
10591.000000
8990.000000
10539.000000
8914.000000
10487.000000
8836.000000
10437.000000
11551155
9287.000000
10772.000000
9244.000000
10734.000000
9192.000000
10690.000000
9131.000000
10642.000000
9063.000000
10591.000000
8990.000000
10539.000000
8914.000000
10487.000000
8836.000000
10437.000000
11551155
9287.000000
10772.000000
9244.000000
10734.000000
9192.000000
10690.000000
9131.000000
10642.000000
9063.000000
10591.000000
8990.000000
10539.000000
8914.000000
10487.000000
8836.000000
10437.000000
11551155
9270.000000
10747.000000
9222.000000
10707.000000
9166.000000
10661.000000
9102.000000
10611.000000
9032.000000
10560.000000
8958.000000
10508.000000
8881.000000
10458.000000
8804.000000
10409.000000
11551155
9270.000000
10747.000000
9222.000000
10707.000000
9166.000000
10661.000000
9102.000000
10611.000000
9032.000000
10560.000000
8958.000000
10508.000000
8881.000000
10458.000000
8804.000000
10409.000000
11551155
9270.000000
10747.000000
9222.000000
10707.000000
9166.000000
10661.000000
9102.000000
10611.000000
9032.000000
10560.000000
8958.000000
10508.000000
8881.000000
10458.000000
8804.000000
10409.000000
11551155
9249.000000
10724.000000
9195.000000
10679.000000
9133.000000
10630.000000
9064.000000
10578.000000
8990.000000
10525.000000
8913.000000
10473.000000
8835.000000
10423.000000
8758.000000
10376.000000
11551155
9249.000000
10724.000000
9195.000000
10679.000000
9133.000000
10630.000000
9064.000000
10578.000000
8990.000000
10525.000000
8913.000000
10473.000000
8835.000000
10423.000000
8758.000000
10376.000000
11551155
9369.000000
10823.000000
9340.000000
10795.000000
9303.000000
10760.000000
9256.000000
10720.000000
9201.000000
10675.000000
9137.000000
10626.000000
9067.000000
10575.000000
8992.000000
10523.000000
11551155
9369.000000
10823.000000
9340.000000
10795.000000
9303.000000
10760.000000
9256.000000
10720.000000
9201.000000
10675.000000
9137.000000
10626.000000
9067.000000
10575.000000
8992.000000
10523.000000
11551155
9369.000000
10823.000000
9340.000000
10795.000000
9303.000000
10760.000000
9256.000000
10720.000000
9201.000000
10675.000000
9137.000000
10626.000000
9067.000000
10575.000000
8992.000000
10523.000000
11551155
9350.000000
10794.000000
9314.000000
10760.000000
9268.000000
10720.000000
9214.000000
10676.000000
9151.000000
10627.000000
9082.000000
10575.000000
9008.000000
10523.000000
8931.000000
10470.000000
11551155
9350.000000
10794.000000
9314.000000
10760.000000
9268.000000
10720.000000
9214.000000
10676.000000
9151.000000
10627.000000
9082.000000
10575.000000
9008.000000
10523.000000
8931.000000
10470.000000
11551155
9350.000000
10794.000000
9314.000000
10760.000000
9268.000000
10720.000000
9214.000000
10676.000000
9151.000000
10627.000000
9082.000000
10575.000000
9008.000000
10523.000000
8931.000000
10470.000000
11551155
9266.000000
10715.000000
9211.000000
10670.000000
9148.000000
10620.000000
9078.000000
10568.000000
9002.000000
10514.000000
8923.000000
10461.000000
8844.000000
10410.000000
8766.000000
10362.000000
11551155
9266.000000
10715.000000
9211.000000
10670.000000
9148.000000
10620.000000
9078.000000
10568.000000
9002.000000
10514.000000
8923.000000
10461.000000
8844.000000
10410.000000
8766.000000
10362.000000
11551155
9260.000000
10709.000000
9206.000000
10664.000000
9143.000000
10615.000000
9073.000000
10563.000000
8997.000000
10509.000000
8918.000000
10455.000000
8838.000000
10403.000000
8759.000000
10354.000000
11551155
9260.000000
10709.000000
9206.000000
10664.000000
9143.000000
10615.000000
9073.000000
10563.000000
8997.000000
10509.000000
8918.000000
10455.000000
8838.000000
10403.000000
8759.000000
10354.000000
11551155
9260.000000
10709.000000
9206.000000
10664.000000
9143.000000
10615.000000
9073.000000
10563.000000
8997.000000
10509.000000
8918.000000
10455.000000
8838.000000
10403.000000
8759.000000
10354.000000
11551155
9262.000000
10712.000000
9167.000000
10670.000000
9101.000000
10623.000000
9064.000000
10572.000000
9006.000000
10519.000000
8937.000000
10465.000000
8861.000000
10411.000000
8783.000000
10361.000000
11551155
9262.000000
10712.000000
9167.000000
10670.000000
9101.000000
10623.000000
9064.000000
10572.000000
9006.000000
10519.000000
8937.000000
10465.000000
8861.000000
10411.000000
8783.000000
10361.000000
11551155
9262.000000
10712.000000
9167.000000
10670.000000
9101.000000
10623.000000
9064.000000
10572.000000
9006.000000
10519.000000
8937.000000
10465.000000
8861.000000
10411.000000
8783.000000
10361.000000
11551155
9252.000000
10694.000000
9204.000000
10652.000000
9147.000000
10605.000000
9081.000000
10553.000000
9008.000000
10499.000000
8931.000000
10444.000000
8851.000000
10391.000000
8770.000000
10339.000000
11551155
9252.000000
10694.000000
9204.000000
10652.000000
9147.000000
10605.000000
9081.000000
10553.000000
9008.000000
10499.000000
8931.000000
10444.000000
8851.000000
10391.000000
8770.000000
10339.000000
11551155
9266.000000
10699.000000
9220.000000
10659.000000
9165.000000
10613.000000
9101.000000
10562.000000
9030.000000
10509.000000
8953.000000
10455.000000
8873.000000
10401.000000
8792.000000
10349.000000
11551155
9266.000000
10699.000000
9220.000000
10659.000000
9165.000000
10613.000000
9101.000000
10562.000000
9030.000000
10509.000000
8953.000000
10455.000000
8873.000000
10401.000000
8792.000000
10349.000000
11551155
9266.000000
10699.000000
9220.000000
10659.000000
9165.000000
10613.000000
9101.000000
10562.000000
9030.000000
10509.000000
8953.000000
10455.000000
8873.000000
10401.000000
8792.000000
10349.000000
11551155
9279.000000
10700.000000
9232.000000
10659.000000
9176.000000
10613.000000
9112.000000
10562.000000
9041.000000
10509.000000
8964.000000
10455.000000
8885.000000
10401.000000
8805.000000
10350.000000
11551155
9279.000000
10700.000000
9232.000000
10659.000000
9176.000000
10613.000000
9112.000000
10562.000000
9041.000000
10509.000000
8964.000000
10455.000000
8885.000000
10401.000000
8805.000000
10350.000000
11551155
9279.000000
10700.000000
9232.000000
10659.000000
9176.000000
10613.000000
9112.000000
10562.000000
9041.000000
10509.000000
8964.000000
10455.000000
8885.000000
10401.000000
8805.000000
10350.000000
11551155
9329.000000
10731.000000
9287.000000
10693.000000
9236.000000
10650.000000
9176.000000
10602.000000
9108.000000
10551.000000
9034.000000
10497.000000
8955.000000
10444.000000
8875.000000
10391.000000
11551155
9329.000000
10731.000000
9287.000000
10693.000000
9236.000000
10650.000000
9176.000000
10602.000000
9108.000000
10551.000000
9034.000000
10497.000000
8955.000000
10444.000000
8875.000000
10391.000000
11551155
9329.000000
10731.000000
9287.000000
10693.000000
9236.000000
10650.000000
9176.000000
10602.000000
9108.000000
10551.000000
9034.000000
10497.000000
8955.000000
10444.000000
8875.000000
10391.000000
11551155
9415.000000
10810.000000
9386.000000
10787.000000
9367.000000
10758.000000
9333.000000
10722.000000
9287.000000
10680.000000
9231.000000
10633.000000
9166.000000
10582.000000
9094.000000
10529.000000
11551155
9415.000000
10810.000000
9386.000000
10787.000000
9367.000000
10758.000000
9333.000000
10722.000000
9287.000000
10680.000000
9231.000000
10633.000000
9166.000000
10582.000000
9094.000000
10529.000000
11551155
9463.000000
10836.000000
9449.000000
10819.000000
9428.000000
10797.000000
9399.000000
10768.000000
9361.000000
10734.000000
9314.000000
10693.000000
9258.000000
10647.000000
9195.000000
10598.000000
11551155
9463.000000
10836.000000
9449.000000
10819.000000
9428.000000
10797.000000
9399.000000
10768.000000
9361.000000
10734.000000
9314.000000
10693.000000
9258.000000
10647.000000
9195.000000
10598.000000
11551155
9463.000000
10836.000000
9449.000000
10819.000000
9428.000000
10797.000000
9399.000000
10768.000000
9361.000000
10734.000000
9314.000000
10693.000000
9258.000000
10647.000000
9195.000000
10598.000000
11551155
9434.000000
10792.000000
9404.000000
10762.000000
9365.000000
10726.000000
9316.000000
10684.000000
9258.000000
10637.000000
9193.000000
10587.000000
9120.000000
10534.000000
9043.000000
10481.000000
11551155
9434.000000
10792.000000
9404.000000
10762.000000
9365.000000
10726.000000
9316.000000
10684.000000
9258.000000
10637.000000
9193.000000
10587.000000
9120.000000
10534.000000
9043.000000
10481.000000
11551155
9434.000000
10792.000000
9404.000000
10762.000000
9365.000000
10726.000000
9316.000000
10684.000000
9258.000000
10637.000000
9193.000000
10587.000000
9120.000000
10534.000000
9043.000000
10481.000000
11551155
9442.000000
10795.000000
9411.000000
10765.000000
9370.000000
10728.000000
9320.000000
10686.000000
9261.000000
10638.000000
9194.000000
10587.000000
9121.000000
10534.000000
9043.000000
10480.000000
11551155
9442.000000
10795.000000
9411.000000
10765.000000
9370.000000
10728.000000
9320.000000
10686.000000
9261.000000
10638.000000
9194.000000
10587.000000
9121.000000
10534.000000
9043.000000
10480.000000
11551155
9442.000000
10795.000000
9411.000000
10765.000000
9370.000000
10728.000000
9320.000000
10686.000000
9261.000000
10638.000000
9194.000000
10587.000000
9121.000000
10534.000000
9043.000000
10480.000000
11551155
9392.000000
10747.000000
9349.000000
10708.000000
9297.000000
10664.000000
9236.000000
10615.000000
9167.000000
10563.000000
9092.000000
10509.000000
9013.000000
10455.000000
8932.000000
10403.000000
11551155
9392.000000
10747.000000
9349.000000
10708.000000
9297.000000
10664.000000
9236.000000
10615.000000
9167.000000
10563.000000
9092.000000
10509.000000
9013.000000
10455.000000
8932.000000
10403.000000
11551155
9359.000000
10717.000000
9313.000000
10677.000000
9257.000000
10631.000000
9192.000000
10582.000000
9120.000000
10530.000000
9042.000000
10477.000000
8962.000000
10425.000000
8881.000000
10374.000000
11551155
9359.000000
10717.000000
9313.000000
10677.000000
9257.000000
10631.000000
9192.000000
10582.000000
9120.000000
10530.000000
9042.000000
10477.000000
8962.000000
10425.000000
8881.000000
10374.000000
11551155
9359.000000
10717.000000
9313.000000
10677.000000
9257.000000
10631.000000
9192.000000
10582.000000
9120.000000
10530.000000
9042.000000
10477.000000
8962.000000
10425.000000
8881.000000
10374.000000
11551155
9470.000000
10807.000000
9449.000000
10785.000000
9419.000000
10756.000000
9380.000000
10721.000000
9332.000000
10680.000000
9275.000000
10634.000000
9209.000000
10585.000000
9136.000000
10533.000000
11551155
9470.000000
10807.000000
9449.000000
10785.000000
9419.000000
10756.000000
9380.000000
10721.000000
9332.000000
10680.000000
9275.000000
10634.000000
9209.000000
10585.000000
9136.000000
10533.000000
11551155
9470.000000
10807.000000
9449.000000
10785.000000
9419.000000
10756.000000
9380.000000
10721.000000
9332.000000
10680.000000
9275.000000
10634.000000
9209.000000
10585.000000
9136.000000
10533.000000
11551155
9474.000000
10799.000000
9449.000000
10773.000000
9415.000000
10741.000000
9372.000000
10703.000000
9320.000000
10660.000000
9260.000000
10613.000000
9192.000000
10562.000000
9118.000000
10511.000000
11551155
9474.000000
10799.000000
9449.000000
10773.000000
9415.000000
10741.000000
9372.000000
10703.000000
9320.000000
10660.000000
9260.000000
10613.000000
9192.000000
10562.000000
9118.000000
10511.000000
11551155
9474.000000
10799.000000
9449.000000
10773.000000
9415.000000
10741.000000
9372.000000
10703.000000
9320.000000
10660.000000
9260.000000
10613.000000
9192.000000
10562.000000
9118.000000
10511.000000
11551155
9456.000000
10778.000000
9419.000000
10745.000000
9374.000000
10706.000000
9320.000000
10661.000000
9257.000000
10613.000000
9187.000000
10562.000000
9113.000000
10509.000000
9035.000000
10457.000000
11551155
9456.000000
10778.000000
9419.000000
10745.000000
9374.000000
10706.000000
9320.000000
10661.000000
9257.000000
10613.000000
9187.000000
10562.000000
9113.000000
10509.000000
9035.000000
10457.000000
11551155
9541.000000
10836.000000
9519.000000
10813.000000
9489.000000
10784.000000
9450.000000
10749.000000
9402.000000
10709.000000
9345.000000
10664.000000
9281.000000
10616.000000

