11551155
7225.000000
10094.000000
7179.000000
10039.000000
7122.000000
9983.000000
7059.000000
9926.000000
6993.000000
9871.000000
6927.000000
9819.000000
6863.000000
9773.000000
6804.000000
9732.000000
11551155
7225.000000
10094.000000
7179.000000
10039.000000
7122.000000
9983.000000
7059.000000
9926.000000
6993.000000
9871.000000
6927.000000
9819.000000
6863.000000
9773.000000
6804.000000
9732.000000
11551155
7225.000000
10094.000000
7179.000000
10039.000000
7122.000000
9983.000000
7059.000000
9926.000000
6993.000000
9871.000000
6927.000000
9819.000000
6863.000000
9773.000000
6804.000000
9732.000000
11551155
7442.000000
10267.000000
7402.000000
10222.000000
7353.000000
10172.000000
7296.000000
10116.000000
7232.000000
10057.000000
7163.000000
9997.000000
7092.000000
9938.000000
7021.000000
9883.000000
11551155
7442.000000
10267.000000
7402.000000
10222.000000
7353.000000
10172.000000
7296.000000
10116.000000
7232.000000
10057.000000
7163.000000
9997.000000
7092.000000
9938.000000
7021.000000
9883.000000
11551155
7442.000000
10267.000000
7402.000000
10222.000000
7353.000000
10172.000000
7296.000000
10116.000000
7232.000000
10057.000000
7163.000000
9997.000000
7092.000000
9938.000000
7021.000000
9883.000000
11551155
7482.000000
10290.000000
7439.000000
10243.000000
7388.000000
10190.000000
7328.000000
10133.000000
7262.000000
10072.000000
7192.000000
10011.000000
7120.000000
9952.000000
7048.000000
9896.000000
11551155
7482.000000
10290.000000
7439.000000
10243.000000
7388.000000
10190.000000
7328.000000
10133.000000
7262.000000
10072.000000
7192.000000
10011.000000
7120.000000
9952.000000
7048.000000
9896.000000
11551155
7482.000000
10290.000000
7439.000000
10243.000000
7388.000000
10190.000000
7328.000000
10133.000000
7262.000000
10072.000000
7192.000000
10011.000000
7120.000000
9952.000000
7048.000000
9896.000000
11551155
7421.000000
10220.000000
7368.000000
10168.000000
7308.000000
10112.000000
7243.000000
10054.000000
7174.000000
9996.000000
7104.000000
9940.000000
7036.000000
9888.000000
6971.000000
9842.000000
11551155
7421.000000
10220.000000
7368.000000
10168.000000
7308.000000
10112.000000
7243.000000
10054.000000
7174.000000
9996.000000
7104.000000
9940.000000
7036.000000
9888.000000
6971.000000
9842.000000
11551155
7485.000000
10255.000000
7435.000000
10204.000000
7377.000000
10150.000000
7313.000000
10092.000000
7244.000000
10033.000000
7173.000000
9976.000000
7102.000000
9922.000000
7034.000000
9872.000000
11551155
7485.000000
10255.000000
7435.000000
10204.000000
7377.000000
10150.000000
7313.000000
10092.000000
7244.000000
10033.000000
7173.000000
9976.000000
7102.000000
9922.000000
7034.000000
9872.000000
11551155
7485.000000
10255.000000
7435.000000
10204.000000
7377.000000
10150.000000
7313.000000
10092.000000
7244.000000
10033.000000
7173.000000
9976.000000
7102.000000
9922.000000
7034.000000
9872.000000
11551155
7551.000000
10297.000000
7506.000000
10250.000000
7453.000000
10199.000000
7393.000000
10144.000000
7328.000000
10088.000000
7260.000000
10032.000000
7192.000000
9980.000000
7126.000000
9932.000000
11551155
7551.000000
10297.000000
7506.000000
10250.000000
7453.000000
10199.000000
7393.000000
10144.000000
7328.000000
10088.000000
7260.000000
10032.000000
7192.000000
9980.000000
7126.000000
9932.000000
11551155
7551.000000
10297.000000
7506.000000
10250.000000
7453.000000
10199.000000
7393.000000
10144.000000
7328.000000
10088.000000
7260.000000
10032.000000
7192.000000
9980.000000
7126.000000
9932.000000
11551155
7709.000000
10437.000000
7685.000000
10407.000000
7652.000000
10370.000000
7611.000000
10326.000000
7561.000000
10275.000000
7504.000000
10221.000000
7377.000000
10165.000000
7306.000000
10108.000000
11551155
7709.000000
10437.000000
7685.000000
10407.000000
7652.000000
10370.000000
7611.000000
10326.000000
7561.000000
10275.000000
7504.000000
10221.000000
7377.000000
10165.000000
7306.000000
10108.000000
11551155
7709.000000
10437.000000
7685.000000
10407.000000
7652.000000
10370.000000
7611.000000
10326.000000
7561.000000
10275.000000
7504.000000
10221.000000
7377.000000
10165.000000
7306.000000
10108.000000
11551155
7737.000000
10429.000000
7704.000000
10392.000000
7662.000000
10349.000000
7612.000000
10299.000000
7554.000000
10245.000000
7489.000000
10188.000000
7421.000000
10131.000000
7350.000000
10075.000000
11551155
7737.000000
10429.000000
7704.000000
10392.000000
7662.000000
10349.000000
7612.000000
10299.000000
7554.000000
10245.000000
7489.000000
10188.000000
7421.000000
10131.000000
7350.000000
10075.000000
11551155
7782.000000
10452.000000
7752.000000
10418.000000
7713.000000
10376.000000
7666.000000
10329.000000
7610.000000
10275.000000
7547.000000
10219.000000
7479.000000
10161.000000
7408.000000
10103.000000
11551155
7782.000000
10452.000000
7752.000000
10418.000000
7713.000000
10376.000000
7666.000000
10329.000000
7610.000000
10275.000000
7547.000000
10219.000000
7479.000000
10161.000000
7408.000000
10103.000000
11551155
7782.000000
10452.000000
7752.000000
10418.000000
7713.000000
10376.000000
7666.000000
10329.000000
7610.000000
10275.000000
7547.000000
10219.000000
7479.000000
10161.000000
7408.000000
10103.000000
11551155
7780.000000
10430.000000
7743.000000
10389.000000
7697.000000
10342.000000
7643.000000
10290.000000
7582.000000
10234.000000
7515.000000
10176.000000
7445.000000
10118.000000
7374.000000
10062.000000
11551155
7780.000000
10430.000000
7743.000000
10389.000000
7697.000000
10342.000000
7643.000000
10290.000000
7582.000000
10234.000000
7515.000000
10176.000000
7445.000000
10118.000000
7374.000000
10062.000000
11551155
7780.000000
10430.000000
7743.000000
10389.000000
7697.000000
10342.000000
7643.000000
10290.000000
7582.000000
10234.000000
7515.000000
10176.000000
7445.000000
10118.000000
7374.000000
10062.000000
11551155
7786.000000
10415.000000
7744.000000
10371.000000
7692.000000
10321.000000
7633.000000
10266.000000
7567.000000
10208.000000
7496.000000
10149.000000
7423.000000
10091.000000
7351.000000
10037.000000
11551155
7786.000000
10415.000000
7744.000000
10371.000000
7692.000000
10321.000000
7633.000000
10266.000000
7567.000000
10208.000000
7496.000000
10149.000000
7423.000000
10091.000000
7351.000000
10037.000000
11551155
7786.000000
10415.000000
7744.000000
10371.000000
7692.000000
10321.000000
7633.000000
10266.000000
7567.000000
10208.000000
7496.000000
10149.000000
7423.000000
10091.000000
7351.000000
10037.000000
11551155
7760.000000
10383.000000
7727.000000
10346.000000
7686.000000
10303.000000
7636.000000
10253.000000
7579.000000
10200.000000
7454.000000
10145.000000
7384.000000
10089.000000
7349.000000
10035.000000
11551155
7760.000000
10383.000000
7727.000000
10346.000000
7686.000000
10303.000000
7636.000000
10253.000000
7579.000000
10200.000000
7454.000000
10145.000000
7384.000000
10089.000000
7349.000000
10035.000000
11551155
7841.000000
10427.000000
7814.000000
10396.000000
7779.000000
10358.000000
7735.000000
10313.000000
7683.000000
10262.000000
7623.000000
10207.000000
7558.000000
10150.000000
7489.000000
10093.000000
11551155
7841.000000
10427.000000
7814.000000
10396.000000
7779.000000
10358.000000
7735.000000
10313.000000
7683.000000
10262.000000
7623.000000
10207.000000
7558.000000
10150.000000
7489.000000
10093.000000
11551155
7841.000000
10427.000000
7814.000000
10396.000000
7779.000000
10358.000000
7735.000000
10313.000000
7683.000000
10262.000000
7623.000000
10207.000000
7558.000000
10150.000000
7489.000000
10093.000000
11551155
7894.000000
10445.000000
7864.000000
10411.000000
7826.000000
10370.000000
7779.000000
10323.000000
7723.000000
10270.000000
7660.000000
10214.000000
7593.000000
10157.000000
7522.000000
10100.000000
11551155
7894.000000
10445.000000
7864.000000
10411.000000
7826.000000
10370.000000
7779.000000
10323.000000
7723.000000
10270.000000
7660.000000
10214.000000
7593.000000
10157.000000
7522.000000
10100.000000
11551155
7894.000000
10445.000000
7864.000000
10411.000000
7826.000000
10370.000000
7779.000000
10323.000000
7723.000000
10270.000000
7660.000000
10214.000000
7593.000000
10157.000000
7522.000000
10100.000000
11551155
7999.000000
10499.000000
7980.000000
10475.000000
7953.000000
10443.000000
7917.000000
10406.000000
7873.000000
10362.000000
7822.000000
10313.000000
7764.000000
10262.000000
7702.000000
10209.000000
11551155
7999.000000
10499.000000
7980.000000
10475.000000
7953.000000
10443.000000
7917.000000
10406.000000
7873.000000
10362.000000
7822.000000
10313.000000
7764.000000
10262.000000
7702.000000
10209.000000
11551155
7999.000000
10499.000000
7980.000000
10475.000000
7953.000000
10443.000000
7917.000000
10406.000000
7873.000000
10362.000000
7822.000000
10313.000000
7764.000000
10262.000000
7702.000000
10209.000000
11551155
8096.000000
10542.000000
8085.000000
10527.000000
8067.000000
10507.000000
8043.000000
10480.000000
8011.000000
10447.000000
7972.000000
10409.000000
7926.000000
10366.000000
7874.000000
10320.000000
11551155
8096.000000
10542.000000
8085.000000
10527.000000
8067.000000
10507.000000
8043.000000
10480.000000
8011.000000
10447.000000
7972.000000
10409.000000
7926.000000
10366.000000
7874.000000
10320.000000
11551155
8233.000000
10653.000000
8228.000000
10642.000000
8217.000000
10626.000000
8200.000000
10604.000000
8175.000000
10574.000000
8141.000000
10538.000000
8056.000000
10495.000000
7996.000000
10446.000000
11551155
8233.000000
10653.000000
8228.000000
10642.000000
8217.000000
10626.000000
8200.000000
10604.000000
8175.000000
10574.000000
8141.000000
10538.000000
8056.000000
10495.000000
7996.000000
10446.000000
11551155
8233.000000
10653.000000
8228.000000
10642.000000
8217.000000
10626.000000
8200.000000
10604.000000
8175.000000
10574.000000
8141.000000
10538.000000
8056.000000
10495.000000
7996.000000
10446.000000
11551155
8189.000000
10585.000000
8186.000000
10579.000000
8180.000000
10568.000000
8168.000000
10552.000000
8150.000000
10530.000000
8124.000000
10501.000000
8090.000000
10464.000000
8048.000000
10422.000000
11551155
8189.000000
10585.000000
8186.000000
10579.000000
8180.000000
10568.000000
8168.000000
10552.000000
8150.000000
10530.000000
8124.000000
10501.000000
8090.000000
10464.000000
8048.000000
10422.000000
11551155
8189.000000
10585.000000
8186.000000
10579.000000
8180.000000
10568.000000
8168.000000
10552.000000
8150.000000
10530.000000
8124.000000
10501.000000
8090.000000
10464.000000
8048.000000
10422.000000
11551155
8200.000000
10565.000000
8188.000000
10549.000000
8170.000000
10526.000000
8144.000000
10497.000000
8109.000000
10461.000000
8066.000000
10419.000000
8014.000000
10371.000000
7955.000000
10320.000000
11551155
8200.000000
10565.000000
8188.000000
10549.000000
8170.000000
10526.000000
8144.000000
10497.000000
8109.000000
10461.000000
8066.000000
10419.000000
8014.000000
10371.000000
7955.000000
10320.000000
11551155
8200.000000
10565.000000
8188.000000
10549.000000
8170.000000
10526.000000
8144.000000
10497.000000
8109.000000
10461.000000
8066.000000
10419.000000
8014.000000
10371.000000
7955.000000
10320.000000
11551155
8208.000000
10554.000000
8194.000000
10536.000000
8173.000000
10511.000000
8144.000000
10480.000000
8106.000000
10441.000000
8060.000000
10397.000000
8006.000000
10348.000000
7945.000000
10295.000000
11551155
8208.000000
10554.000000
8194.000000
10536.000000
8173.000000
10511.000000
8144.000000
10480.000000
8106.000000
10441.000000
8060.000000
10397.000000
8006.000000
10348.000000
7945.000000
10295.000000
11551155
8208.000000
10554.000000
8194.000000
10536.000000
8173.000000
10511.000000
8144.000000
10480.000000
8106.000000
10441.000000
8060.000000
10397.000000
8006.000000
10348.000000
7945.000000
10295.000000
11551155
8225.000000
10547.000000
8211.000000
10529.000000
8190.000000
10504.000000
8161.000000
10472.000000
8123.000000
10434.000000
8077.000000
10389.000000
8022.000000
10339.000000
7960.000000
10285.000000
11551155
8225.000000
10547.000000
8211.000000
10529.000000
8190.000000
10504.000000
8161.000000
10472.000000
8123.000000
10434.000000
8077.000000
10389.000000
8022.000000
10339.000000
7960.000000
10285.000000
11551155
8238.000000
10556.000000
8217.000000
10531.000000
8189.000000
10499.000000
8152.000000
10461.000000
8107.000000
10416.000000
8054.000000
10367.000000
7994.000000
10315.000000
7929.000000
10262.000000
11551155
8238.000000
10556.000000
8217.000000
10531.000000
8189.000000
10499.000000
8152.000000
10461.000000
8107.000000
10416.000000
8054.000000
10367.000000
7994.000000
10315.000000
7929.000000
10262.000000
11551155
8238.000000
10556.000000
8217.000000
10531.000000
8189.000000
10499.000000
8152.000000
10461.000000
8107.000000
10416.000000
8054.000000
10367.000000
7994.000000
10315.000000
7929.000000
10262.000000
11551155
8225.000000
10526.000000
8202.000000
10499.000000
8171.000000
10466.000000
8131.000000
10426.000000
8035.000000
10380.000000
7970.000000
10330.000000
7935.000000
10277.000000
7882.000000
10223.000000
11551155
8225.000000
10526.000000
8202.000000
10499.000000
8171.000000
10466.000000
8131.000000
10426.000000
8035.000000
10380.000000
7970.000000
10330.000000
7935.000000
10277.000000
7882.000000
10223.000000
11551155
8225.000000
10526.000000
8202.000000
10499.000000
8171.000000
10466.000000
8131.000000
10426.000000
8035.000000
10380.000000
7970.000000
10330.000000
7935.000000
10277.000000
7882.000000
10223.000000
11551155
8184.000000
10469.000000
8161.000000
10443.000000
8130.000000
10411.000000
8091.000000
10371.000000
8043.000000
10327.000000
7988.000000
10277.000000
7926.000000
10225.000000
7859.000000
10172.000000
11551155
8184.000000
10469.000000
8161.000000
10443.000000
8130.000000
10411.000000
8091.000000
10371.000000
8043.000000
10327.000000
7988.000000
10277.000000
7926.000000
10225.000000
7859.000000
10172.000000
11551155
8185.000000
10439.000000
8157.000000
10408.000000
8121.000000
10371.000000
8077.000000
10327.000000
8025.000000
10278.000000
7965.000000
10226.000000
7900.000000
10172.000000
7832.000000
10118.000000
11551155
8185.000000
10439.000000
8157.000000
10408.000000
8121.000000
10371.000000
8077.000000
10327.000000
8025.000000
10278.000000
7965.000000
10226.000000
7900.000000
10172.000000
7832.000000
10118.000000
11551155
8185.000000
10439.000000
8157.000000
10408.000000
8121.000000
10371.000000
8077.000000
10327.000000
8025.000000
10278.000000
7965.000000
10226.000000
7900.000000
10172.000000
7832.000000
10118.000000
11551155
8201.000000
10427.000000
8178.000000
10401.000000
8148.000000
10370.000000
8109.000000
10332.000000
8062.000000
10288.000000
8008.000000
10241.000000
7948.000000
10190.000000
7883.000000
10139.000000
11551155
8201.000000
10427.000000
8178.000000
10401.000000
8148.000000
10370.000000
8109.000000
10332.000000
8062.000000
10288.000000
8008.000000
10241.000000
7948.000000
10190.000000
7883.000000
10139.000000
11551155
8201.000000
10427.000000
8178.000000
10401.000000
8148.000000
10370.000000
8109.000000
10332.000000
8062.000000
10288.000000
8008.000000
10241.000000
7948.000000
10190.000000
7883.000000
10139.000000
11551155
8253.000000
10463.000000
8240.000000
10445.000000
8219.000000
10420.000000
8191.000000
10389.000000
8117.000000
10352.000000
8063.000000
10309.000000
8032.000000
10260.000000
7983.000000
10209.000000
11551155
8253.000000
10463.000000
8240.000000
10445.000000
8219.000000
10420.000000
8191.000000
10389.000000
8117.000000
10352.000000
8063.000000
10309.000000
8032.000000
10260.000000
7983.000000
10209.000000
11551155
8243.000000
10437.000000
8227.000000
10418.000000
8204.000000
10391.000000
8173.000000
10359.000000
8134.000000
10320.000000
8086.000000
10275.000000
8030.000000
10227.000000
7967.000000
10175.000000
11551155
8243.000000
10437.000000
8227.000000
10418.000000
8204.000000
10391.000000
8173.000000
10359.000000
8134.000000
10320.000000
8086.000000
10275.000000
8030.000000
10227.000000
7967.000000
10175.000000
11551155
8243.000000
10437.000000
8227.000000
10418.000000
8204.000000
10391.000000
8173.000000
10359.000000
8134.000000
10320.000000
8086.000000
10275.000000
8030.000000
10227.000000
7967.000000
10175.000000
11551155
8217.000000
10391.000000
8198.000000
10369.000000
8171.000000
10339.000000
8136.000000
10303.000000
8093.000000
10262.000000
8041.000000
10214.000000
7982.000000
10163.000000
7917.000000
10110.000000
11551155
8217.000000
10391.000000
8198.000000
10369.000000
8171.000000
10339.000000
8136.000000
10303.000000
8093.000000
10262.000000
8041.000000
10214.000000
7982.000000
10163.000000
7917.000000
10110.000000
11551155
8217.000000
10391.000000
8198.000000
10369.000000
8171.000000
10339.000000
8136.000000
10303.000000
8093.000000
10262.000000
8041.000000
10214.000000
7982.000000
10163.000000
7917.000000
10110.000000
11551155
8199.000000
10347.000000
8170.000000
10317.000000
8133.000000
10279.000000
8086.000000
10236.000000
8031.000000
10188.000000
7969.000000
10136.000000
7901.000000
10082.000000
7830.000000
10028.000000
11551155
8199.000000
10347.000000
8170.000000
10317.000000
8133.000000
10279.000000
8086.000000
10236.000000
8031.000000
10188.000000
7969.000000
10136.000000
7901.000000
10082.000000
7830.000000
10028.000000
11551155
8179.000000
10334.000000
8158.000000
10307.000000
8127.000000
10274.000000
8086.000000
10234.000000
8036.000000
10188.000000
7978.000000
10137.000000
7913.000000
10083.000000
7843.000000
10027.000000
11551155
8179.000000
10334.000000
8158.000000
10307.000000
8127.000000
10274.000000
8086.000000
10234.000000
8036.000000
10188.000000
7978.000000
10137.000000
7913.000000
10083.000000
7843.000000
10027.000000
11551155
8179.000000
10334.000000
8158.000000
10307.000000
8127.000000
10274.000000
8086.000000
10234.000000
8036.000000
10188.000000
7978.000000
10137.000000
7913.000000
10083.000000
7843.000000
10027.000000
11551155
8150.000000
10306.000000
8137.000000
10289.000000
8117.000000
10265.000000
8089.000000
10234.000000
8051.000000
10196.000000
8004.000000
10151.000000
7948.000000
10100.000000
7883.000000
10045.000000
11551155
8150.000000
10306.000000
8137.000000
10289.000000
8117.000000
10265.000000
8089.000000
10234.000000
8051.000000
10196.000000
8004.000000
10151.000000
7948.000000
10100.000000
7883.000000
10045.000000
11551155
8150.000000
10306.000000
8137.000000
10289.000000
8117.000000
10265.000000
8089.000000
10234.000000
8051.000000
10196.000000
8004.000000
10151.000000
7948.000000
10100.000000
7883.000000
10045.000000
11551155
7891.000000
10082.000000
7846.000000
10039.000000
7792.000000
9991.000000
7732.000000
9940.000000
7665.000000
9887.000000
7595.000000
9833.000000
7524.000000
9781.000000
7454.000000
9733.000000
11551155
7891.000000
10082.000000
7846.000000
10039.000000
7792.000000
9991.000000
7732.000000
9940.000000
7665.000000
9887.000000
7595.000000
9833.000000
7524.000000
9781.000000
7454.000000
9733.000000
11551155
7891.000000
10082.000000
7846.000000
10039.000000
7792.000000
9991.000000
7732.000000
9940.000000
7665.000000
9887.000000
7595.000000
9833.000000
7524.000000
9781.000000
7454.000000
9733.000000
11551155
7914.000000
10096.000000
7882.000000
10062.000000
7841.000000
10022.000000
7791.000000
9976.000000
7733.000000
9926.000000
7669.000000
9873.000000
7600.000000
9818.000000
7528.000000
9765.000000
11551155
7914.000000
10096.000000
7882.000000
10062.000000
7841.000000
10022.000000
7791.000000
9976.000000
7733.000000
9926.000000
7669.000000
9873.000000
7600.000000
9818.000000
7528.000000
9765.000000
11551155
7914.000000
10096.000000
7882.000000
10062.000000
7841.000000
10022.000000
7791.000000
9976.000000
7733.000000
9926.000000
7669.000000
9873.000000
7600.000000
9818.000000
7528.000000
9765.000000
11551155
7960.000000
10132.000000
7941.000000
10109.000000
7915.000000
10079.000000
7880.000000
10043.000000
7836.000000
10001.000000
7783.000000
9953.000000
7723.000000
9901.000000
7657.000000
9846.000000
11551155
7960.000000
10132.000000
7941.000000
10109.000000
7915.000000
10079.000000
7880.000000
10043.000000
7836.000000
10001.000000
7783.000000
9953.000000
7723.000000
9901.000000
7657.000000
9846.000000
11551155
7960.000000
10132.000000
7941.000000
10109.000000
7915.000000
10079.000000
7880.000000
10043.000000
7836.000000
10001.000000
7783.000000
9953.000000
7723.000000
9901.000000
7657.000000
9846.000000
11551155
7920.000000
10074.000000
7888.000000
10040.000000
7848.000000
10000.000000
7799.000000
9955.000000
7742.000000
9905.000000
7679.000000
9852.000000
7611.000000
9799.000000
7540.000000
9746.000000
11551155
7920.000000
10074.000000
7888.000000
10040.000000
7848.000000
10000.000000
7799.000000
9955.000000
7742.000000
9905.000000
7679.000000
9852.000000
7611.000000
9799.000000
7540.000000
9746.000000
11551155
7920.000000
10074.000000
7888.000000
10040.000000
7848.000000
10000.000000
7799.000000
9955.000000
7742.000000
9905.000000
7679.000000
9852.000000
7611.000000
9799.000000
7540.000000
9746.000000
11551155
7973.000000
10105.000000
7945.000000
10076.000000
7909.000000
10040.000000
7864.000000
9998.000000
7810.000000
9950.000000
7749.000000
9898.000000
7682.000000
9844.000000
7611.000000
9789.000000
11551155
7973.000000
10105.000000
7945.000000
10076.000000
7909.000000
10040.000000
7864.000000
9998.000000
7810.000000
9950.000000
7749.000000
9898.000000
7682.000000
9844.000000
7611.000000
9789.000000
11551155
7973.000000
10105.000000
7945.000000
10076.000000
7909.000000
10040.000000
7864.000000
9998.000000
7810.000000
9950.000000
7749.000000
9898.000000
7682.000000
9844.000000
7611.000000
9789.000000
11551155
7959.000000
10085.000000
7929.000000
10053.000000
7891.000000
10014.000000
7844.000000
9970.000000
7789.000000
9920.000000
7727.000000
9867.000000
7660.000000
9812.000000
7589.000000
9758.000000
11551155
7959.000000
10085.000000
7929.000000
10053.000000
7891.000000
10014.000000
7844.000000
9970.000000
7789.000000
9920.000000
7727.000000
9867.000000
7660.000000
9812.000000
7589.000000
9758.000000
11551155
7959.000000
10085.000000
7929.000000
10053.000000
7891.000000
10014.000000
7844.000000
9970.000000
7789.000000
9920.000000
7727.000000
9867.000000
7660.000000
9812.000000
7589.000000
9758.000000
11551155
7939.000000
10062.000000
7903.000000
10026.000000
7858.000000
9984.000000
7805.000000
9936.000000
7745.000000
9885.000000
7679.000000
9832.000000
7609.000000
9778.000000
7538.000000
9726.000000
11551155
7939.000000
10062.000000
7903.000000
10026.000000
7858.000000
9984.000000
7805.000000
9936.000000
7745.000000
9885.000000
7679.000000
9832.000000
7609.000000
9778.000000
7538.000000
9726.000000
11551155
7939.000000
10062.000000
7903.000000
10026.000000
7858.000000
9984.000000
7805.000000
9936.000000
7745.000000
9885.000000
7679.000000
9832.000000
7609.000000
9778.000000
7538.000000
9726.000000
11551155
7958.000000
10070.000000
7929.000000
10038.000000
7891.000000
9999.000000
7843.000000
9954.000000
7787.000000
9903.000000
7724.000000
9850.000000
7655.000000
9794.000000
7583.000000
9739.000000
11551155
7958.000000
10070.000000
7929.000000
10038.000000
7891.000000
9999.000000
7843.000000
9954.000000
7787.000000
9903.000000
7724.000000
9850.000000
7655.000000
9794.000000
7583.000000
9739.000000
11551155
7958.000000
10070.000000
7929.000000
10038.000000
7891.000000
9999.000000
7843.000000
9954.000000
7787.000000
9903.000000
7724.000000
9850.000000
7655.000000
9794.000000
7583.000000
9739.000000
11551155
7882.000000
9993.000000
7849.000000
9958.000000
7807.000000
9917.000000
7706.000000
9870.000000
7640.000000
9818.000000
7604.000000
9763.000000
7548.000000
9708.000000
7483.000000
9653.000000
11551155
7882.000000
9993.000000
7849.000000
9958.000000
7807.000000
9917.000000
7706.000000
9870.000000
7640.000000
9818.000000
7604.000000
9763.000000
7548.000000
9708.000000
7483.000000
9653.000000
11551155
7882.000000
9993.000000
7849.000000
9958.000000
7807.000000
9917.000000
7706.000000
9870.000000
7640.000000
9818.000000
7604.000000
9763.000000
7548.000000
9708.000000
7483.000000
9653.000000
11551155
7809.000000
9927.000000
7773.000000
9890.000000
7728.000000
9847.000000
7675.000000
9799.000000
7614.000000
9748.000000
7548.000000
9695.000000
7478.000000
9642.000000
7407.000000
9590.000000
11551155
7809.000000
9927.000000
7773.000000
9890.000000
7728.000000
9847.000000
7675.000000
9799.000000
7614.000000
9748.000000
7548.000000
9695.000000
7478.000000
9642.000000
7407.000000
9590.000000
11551155
7804.000000
9916.000000
7769.000000
9879.000000
7725.000000
9836.000000
7673.000000
9788.000000
7613.000000
9736.000000
7547.000000
9682.000000
7477.000000
9628.000000
7405.000000
9574.000000
11551155
7804.000000
9916.000000
7769.000000
9879.000000
7725.000000
9836.000000
7673.000000
9788.000000
7613.000000
9736.000000
7547.000000
9682.000000
7477.000000
9628.000000
7405.000000
9574.000000
11551155
7804.000000
9916.000000
7769.000000
9879.000000
7725.000000
9836.000000
7673.000000
9788.000000
7613.000000
9736.000000
7547.000000
9682.000000
7477.000000
9628.000000
7405.000000
9574.000000
11551155
7763.000000
9865.000000
7722.000000
9824.000000
7671.000000
9777.000000
7613.000000
9726.000000
7548.000000
9671.000000
7478.000000
9615.000000
7405.000000
9560.000000
7332.000000
9508.000000
11551155
7763.000000
9865.000000
7722.000000
9824.000000
7671.000000
9777.000000
7613.000000
9726.000000
7548.000000
9671.000000
7478.000000
9615.000000
7405.000000
9560.000000
7332.000000
9508.000000
11551155
7763.000000
9865.000000
7722.000000
9824.000000
7671.000000
9777.000000
7613.000000
9726.000000
7548.000000
9671.000000
7478.000000
9615.000000
7405.000000
9560.000000
7332.000000
9508.000000
11551155
7746.000000
9847.000000
7706.000000
9808.000000
7658.000000
9763.000000
7602.000000
9713.000000
7539.000000
9660.000000
7471.000000
9605.000000
7399.000000
9552.000000
7327.000000
9500.000000
11551155
7746.000000
9847.000000
7706.000000
9808.000000
7658.000000
9763.000000
7602.000000
9713.000000
7539.000000
9660.000000
7471.000000
9605.000000
7399.000000
9552.000000
7327.000000
9500.000000
11551155
7746.000000
9847.000000
7706.000000
9808.000000
7658.000000
9763.000000
7602.000000
9713.000000
7539.000000
9660.000000
7471.000000
9605.000000
7399.000000
9552.000000
7327.000000
9500.000000
11551155
7758.000000
9838.000000
7720.000000
9799.000000
7673.000000
9755.000000
7618.000000
9705.000000
7555.000000
9652.000000
7487.000000
9598.000000
7416.000000
9543.000000
7344.000000
9491.000000
11551155
7758.000000
9838.000000
7720.000000
9799.000000
7673.000000
9755.000000
7618.000000
9705.000000
7555.000000
9652.000000
7487.000000
9598.000000
7416.000000
9543.000000
7344.000000
9491.000000
11551155
7758.000000
9838.000000
7720.000000
9799.000000
7673.000000
9755.000000
7618.000000
9705.000000
7555.000000
9652.000000
7487.000000
9598.000000
7416.000000
9543.000000
7344.000000
9491.000000
11551155
7834.000000
9892.000000
7809.000000
9863.000000
7774.000000
9828.000000
7731.000000
9786.000000
7679.000000
9738.000000
7619.000000
9687.000000
7553.000000
9632.000000
7482.000000
9577.000000
11551155
7834.000000
9892.000000
7809.000000
9863.000000
7774.000000
9828.000000
7731.000000
9786.000000
7679.000000
9738.000000
7619.000000
9687.000000
7553.000000
9632.000000
7482.000000
9577.000000
11551155
7834.000000
9892.000000
7809.000000
9863.000000
7774.000000
9828.000000
7731.000000
9786.000000
7679.000000
9738.000000
7619.000000
9687.000000
7553.000000
9632.000000
7482.000000
9577.000000
11551155
7865.000000
9912.000000
7840.000000
9884.000000
7807.000000
9849.000000
7765.000000
9808.000000
7714.000000
9761.000000
7655.000000
9711.000000
7590.000000
9658.000000
7520.000000
9603.000000
11551155
7865.000000
9912.000000
7840.000000
9884.000000
7807.000000
9849.000000
7765.000000
9808.000000
7714.000000
9761.000000
7655.000000
9711.000000
7590.000000
9658.000000
7520.000000
9603.000000
11551155
7865.000000
9912.000000
7840.000000
9884.000000
7807.000000
9849.000000
7765.000000
9808.000000
7714.000000
9761.000000
7655.000000
9711.000000
7590.000000
9658.000000
7520.000000
9603.000000
11551155
7890.000000
9923.000000
7865.000000
9896.000000
7832.000000
9862.000000
7790.000000
9821.000000
7739.000000
9774.000000
7681.000000
9724.000000
7616.000000
9670.000000
7546.000000
9615.000000
11551155
7890.000000
9923.000000
7865.000000
9896.000000
7832.000000
9862.000000
7790.000000
9821.000000
7739.000000
9774.000000
7681.000000
9724.000000
7616.000000
9670.000000
7546.000000
9615.000000
11551155
7890.000000
9923.000000
7865.000000
9896.000000
7832.000000
9862.000000
7790.000000
9821.000000
7739.000000
9774.000000
7681.000000
9724.000000
7616.000000
9670.000000
7546.000000
9615.000000
11551155
7907.000000
9926.000000
7880.000000
9903.000000
7862.000000
9874.000000
7831.000000
9837.000000
7788.000000
9795.000000
7736.000000
9748.000000
7675.000000
9697.000000
7608.000000
9644.000000
11551155
7907.000000
9926.000000
7880.000000
9903.000000
7862.000000
9874.000000
7831.000000
9837.000000
7788.000000
9795.000000
7736.000000
9748.000000
7675.000000
9697.000000
7608.000000
9644.000000
11551155
7907.000000
9926.000000
7880.000000
9903.000000
7862.000000
9874.000000
7831.000000
9837.000000
7788.000000
9795.000000
7736.000000
9748.000000
7675.000000
9697.000000
7608.000000
9644.000000
11551155
7935.000000
9940.000000
7918.000000
9919.000000
7894.000000
9893.000000
7861.000000
9859.000000
7819.000000
9819.000000
7768.000000
9773.000000
7710.000000
9723.000000
7645.000000
9669.000000
11551155
7935.000000
9940.000000
7918.000000
9919.000000
7894.000000
9893.000000
7861.000000
9859.000000
7819.000000
9819.000000
7768.000000
9773.000000
7710.000000
9723.000000
7645.000000
9669.000000
11551155
7935.000000
9940.000000
7918.000000
9919.000000
7894.000000
9893.000000
7861.000000
9859.000000
7819.000000
9819.000000
7768.000000
9773.000000
7710.000000
9723.000000
7645.000000
9669.000000
11551155
7914.000000
9921.000000
7897.000000
9900.000000
7872.000000
9872.000000
7838.000000
9837.000000
7796.000000
9796.000000
7744.000000
9749.000000
7685.000000
9698.000000
7619.000000
9643.000000
11551155
7914.000000
9921.000000
7897.000000
9900.000000
7872.000000
9872.000000
7838.000000
9837.000000
7796.000000
9796.000000
7744.000000
9749.000000
7685.000000
9698.000000
7619.000000
9643.000000

