11551155
7878.000000
9848.000000
7827.000000
9803.000000
7770.000000
9754.000000
7707.000000
9702.000000
7640.000000
9651.000000
7571.000000
9600.000000
7502.000000
9553.000000
7436.000000
9509.000000
11551155
7878.000000
9848.000000
7827.000000
9803.000000
7770.000000
9754.000000
7707.000000
9702.000000
7640.000000
9651.000000
7571.000000
9600.000000
7502.000000
9553.000000
7436.000000
9509.000000
11551155
8110.000000
10060.000000
8061.000000
10015.000000
8004.000000
9966.000000
7940.000000
9913.000000
7871.000000
9860.000000
7799.000000
9806.000000
7727.000000
9756.000000
7657.000000
9708.000000
11551155
8110.000000
10060.000000
8061.000000
10015.000000
8004.000000
9966.000000
7940.000000
9913.000000
7871.000000
9860.000000
7799.000000
9806.000000
7727.000000
9756.000000
7657.000000
9708.000000
11551155
8110.000000
10060.000000
8061.000000
10015.000000
8004.000000
9966.000000
7940.000000
9913.000000
7871.000000
9860.000000
7799.000000
9806.000000
7727.000000
9756.000000
7657.000000
9708.000000
11551155
8312.000000
10246.000000
8275.000000
10208.000000
8229.000000
10165.000000
8174.000000
10116.000000
8111.000000
10064.000000
8043.000000
10009.000000
7971.000000
9954.000000
7897.000000
9901.000000
11551155
8312.000000
10246.000000
8275.000000
10208.000000
8229.000000
10165.000000
8174.000000
10116.000000
8111.000000
10064.000000
8043.000000
10009.000000
7971.000000
9954.000000
7897.000000
9901.000000
11551155
8408.000000
10329.000000
8365.000000
10288.000000
8313.000000
10240.000000
8253.000000
10188.000000
8185.000000
10132.000000
8112.000000
10076.000000
8037.000000
10020.000000
7960.000000
9966.000000
11551155
8408.000000
10329.000000
8365.000000
10288.000000
8313.000000
10240.000000
8253.000000
10188.000000
8185.000000
10132.000000
8112.000000
10076.000000
8037.000000
10020.000000
7960.000000
9966.000000
11551155
8408.000000
10329.000000
8365.000000
10288.000000
8313.000000
10240.000000
8253.000000
10188.000000
8185.000000
10132.000000
8112.000000
10076.000000
8037.000000
10020.000000
7960.000000
9966.000000
11551155
8477.000000
10390.000000
8427.000000
10343.000000
8368.000000
10291.000000
8302.000000
10235.000000
8229.000000
10177.000000
8153.000000
10119.000000
8075.000000
10062.000000
7997.000000
10009.000000
11551155
8477.000000
10390.000000
8427.000000
10343.000000
8368.000000
10291.000000
8302.000000
10235.000000
8229.000000
10177.000000
8153.000000
10119.000000
8075.000000
10062.000000
7997.000000
10009.000000
11551155
8477.000000
10390.000000
8427.000000
10343.000000
8368.000000
10291.000000
8302.000000
10235.000000
8229.000000
10177.000000
8153.000000
10119.000000
8075.000000
10062.000000
7997.000000
10009.000000
11551155
8540.000000
10448.000000
8490.000000
10401.000000
8431.000000
10349.000000
8363.000000
10293.000000
8289.000000
10234.000000
8211.000000
10176.000000
8132.000000
10118.000000
8053.000000
10064.000000
11551155
8540.000000
10448.000000
8490.000000
10401.000000
8431.000000
10349.000000
8363.000000
10293.000000
8289.000000
10234.000000
8211.000000
10176.000000
8132.000000
10118.000000
8053.000000
10064.000000
11551155
8543.000000
10459.000000
8488.000000
10409.000000
8424.000000
10354.000000
8353.000000
10295.000000
8276.000000
10235.000000
8195.000000
10175.000000
8113.000000
10118.000000
7953.000000
10064.000000
11551155
8543.000000
10459.000000
8488.000000
10409.000000
8424.000000
10354.000000
8353.000000
10295.000000
8276.000000
10235.000000
8195.000000
10175.000000
8113.000000
10118.000000
7953.000000
10064.000000
11551155
8543.000000
10459.000000
8488.000000
10409.000000
8424.000000
10354.000000
8353.000000
10295.000000
8276.000000
10235.000000
8195.000000
10175.000000
8113.000000
10118.000000
7953.000000
10064.000000
11551155
8539.000000
10465.000000
8483.000000
10414.000000
8418.000000
10357.000000
8346.000000
10297.000000
8268.000000
10236.000000
8186.000000
10176.000000
8104.000000
10118.000000
8023.000000
10064.000000
11551155
8539.000000
10465.000000
8483.000000
10414.000000
8418.000000
10357.000000
8346.000000
10297.000000
8268.000000
10236.000000
8186.000000
10176.000000
8104.000000
10118.000000
8023.000000
10064.000000
11551155
8539.000000
10465.000000
8483.000000
10414.000000
8418.000000
10357.000000
8346.000000
10297.000000
8268.000000
10236.000000
8186.000000
10176.000000
8104.000000
10118.000000
8023.000000
10064.000000
11551155
8449.000000
10397.000000
8381.000000
10339.000000
8306.000000
10278.000000
8226.000000
10217.000000
8144.000000
10156.000000
8062.000000
10099.000000
7983.000000
10047.000000
7908.000000
10000.000000
11551155
8449.000000
10397.000000
8381.000000
10339.000000
8306.000000
10278.000000
8226.000000
10217.000000
8144.000000
10156.000000
8062.000000
10099.000000
7983.000000
10047.000000
7908.000000
10000.000000
11551155
8369.000000
10341.000000
8295.000000
10281.000000
8215.000000
10220.000000
8132.000000
10159.000000
8049.000000
10101.000000
7968.000000
10047.000000
7891.000000
9998.000000
7820.000000
9956.000000
11551155
8369.000000
10341.000000
8295.000000
10281.000000
8215.000000
10220.000000
8132.000000
10159.000000
8049.000000
10101.000000
7968.000000
10047.000000
7891.000000
9998.000000
7820.000000
9956.000000
11551155
8369.000000
10341.000000
8295.000000
10281.000000
8215.000000
10220.000000
8132.000000
10159.000000
8049.000000
10101.000000
7968.000000
10047.000000
7891.000000
9998.000000
7820.000000
9956.000000
11551155
8506.000000
10466.000000
8450.000000
10415.000000
8384.000000
10358.000000
8310.000000
10297.000000
8231.000000
10235.000000
8148.000000
10172.000000
7979.000000
10113.000000
7898.000000
10057.000000
11551155
8506.000000
10466.000000
8450.000000
10415.000000
8384.000000
10358.000000
8310.000000
10297.000000
8231.000000
10235.000000
8148.000000
10172.000000
7979.000000
10113.000000
7898.000000
10057.000000
11551155
8506.000000
10466.000000
8450.000000
10415.000000
8384.000000
10358.000000
8310.000000
10297.000000
8231.000000
10235.000000
8148.000000
10172.000000
7979.000000
10113.000000
7898.000000
10057.000000
11551155
8499.000000
10461.000000
8440.000000
10407.000000
8372.000000
10349.000000
8297.000000
10288.000000
8217.000000
10225.000000
8134.000000
10164.000000
8051.000000
10107.000000
7970.000000
10053.000000
11551155
8499.000000
10461.000000
8440.000000
10407.000000
8372.000000
10349.000000
8297.000000
10288.000000
8217.000000
10225.000000
8134.000000
10164.000000
8051.000000
10107.000000
7970.000000
10053.000000
11551155
8497.000000
10451.000000
8432.000000
10395.000000
8358.000000
10334.000000
8278.000000
10272.000000
8194.000000
10210.000000
8108.000000
10150.000000
8023.000000
10094.000000
7942.000000
10042.000000
11551155
8497.000000
10451.000000
8432.000000
10395.000000
8358.000000
10334.000000
8278.000000
10272.000000
8194.000000
10210.000000
8108.000000
10150.000000
8023.000000
10094.000000
7942.000000
10042.000000
11551155
8497.000000
10451.000000
8432.000000
10395.000000
8358.000000
10334.000000
8278.000000
10272.000000
8194.000000
10210.000000
8108.000000
10150.000000
8023.000000
10094.000000
7942.000000
10042.000000
11551155
8511.000000
10462.000000
8445.000000
10404.000000
8370.000000
10343.000000
8289.000000
10280.000000
8204.000000
10217.000000
8118.000000
10156.000000
8033.000000
10099.000000
7952.000000
10047.000000
11551155
8511.000000
10462.000000
8445.000000
10404.000000
8370.000000
10343.000000
8289.000000
10280.000000
8204.000000
10217.000000
8118.000000
10156.000000
8033.000000
10099.000000
7952.000000
10047.000000
11551155
8511.000000
10462.000000
8445.000000
10404.000000
8370.000000
10343.000000
8289.000000
10280.000000
8204.000000
10217.000000
8118.000000
10156.000000
8033.000000
10099.000000
7952.000000
10047.000000
11551155
8587.000000
10531.000000
8534.000000
10479.000000
8470.000000
10422.000000
8397.000000
10361.000000
8317.000000
10299.000000
8234.000000
10236.000000
8149.000000
10176.000000
8065.000000
10120.000000
11551155
8587.000000
10531.000000
8534.000000
10479.000000
8470.000000
10422.000000
8397.000000
10361.000000
8317.000000
10299.000000
8234.000000
10236.000000
8149.000000
10176.000000
8065.000000
10120.000000
11551155
8643.000000
10571.000000
8589.000000
10521.000000
8525.000000
10465.000000
8452.000000
10405.000000
8373.000000
10342.000000
8289.000000
10279.000000
8202.000000
10217.000000
8117.000000
10159.000000
11551155
8643.000000
10571.000000
8589.000000
10521.000000
8525.000000
10465.000000
8452.000000
10405.000000
8373.000000
10342.000000
8289.000000
10279.000000
8202.000000
10217.000000
8117.000000
10159.000000
11551155
8643.000000
10571.000000
8589.000000
10521.000000
8525.000000
10465.000000
8452.000000
10405.000000
8373.000000
10342.000000
8289.000000
10279.000000
8202.000000
10217.000000
8117.000000
10159.000000
11551155
8621.000000
10545.000000
8565.000000
10494.000000
8500.000000
10437.000000
8427.000000
10377.000000
8347.000000
10314.000000
8263.000000
10252.000000
8178.000000
10192.000000
8094.000000
10136.000000
11551155
8621.000000
10545.000000
8565.000000
10494.000000
8500.000000
10437.000000
8427.000000
10377.000000
8347.000000
10314.000000
8263.000000
10252.000000
8178.000000
10192.000000
8094.000000
10136.000000
11551155
8621.000000
10545.000000
8565.000000
10494.000000
8500.000000
10437.000000
8427.000000
10377.000000
8347.000000
10314.000000
8263.000000
10252.000000
8178.000000
10192.000000
8094.000000
10136.000000
11551155
8662.000000
10572.000000
8607.000000
10522.000000
8543.000000
10466.000000
8471.000000
10406.000000
8392.000000
10345.000000
8309.000000
10284.000000
8225.000000
10224.000000
8142.000000
10169.000000
11551155
8662.000000
10572.000000
8607.000000
10522.000000
8543.000000
10466.000000
8471.000000
10406.000000
8392.000000
10345.000000
8309.000000
10284.000000
8225.000000
10224.000000
8142.000000
10169.000000
11551155
8632.000000
10533.000000
8567.000000
10477.000000
8494.000000
10417.000000
8414.000000
10355.000000
8330.000000
10293.000000
8245.000000
10232.000000
8160.000000
10176.000000
8079.000000
10124.000000
11551155
8632.000000
10533.000000
8567.000000
10477.000000
8494.000000
10417.000000
8414.000000
10355.000000
8330.000000
10293.000000
8245.000000
10232.000000
8160.000000
10176.000000
8079.000000
10124.000000
11551155
8632.000000
10533.000000
8567.000000
10477.000000
8494.000000
10417.000000
8414.000000
10355.000000
8330.000000
10293.000000
8245.000000
10232.000000
8160.000000
10176.000000
8079.000000
10124.000000
11551155
8655.000000
10553.000000
8597.000000
10501.000000
8529.000000
10443.000000
8454.000000
10383.000000
8373.000000
10321.000000
8289.000000
10260.000000
8121.000000
10201.000000
8040.000000
10146.000000
11551155
8655.000000
10553.000000
8597.000000
10501.000000
8529.000000
10443.000000
8454.000000
10383.000000
8373.000000
10321.000000
8289.000000
10260.000000
8121.000000
10201.000000
8040.000000
10146.000000
11551155
8655.000000
10553.000000
8597.000000
10501.000000
8529.000000
10443.000000
8454.000000
10383.000000
8373.000000
10321.000000
8289.000000
10260.000000
8121.000000
10201.000000
8040.000000
10146.000000
11551155
8706.000000
10586.000000
8652.000000
10536.000000
8589.000000
10481.000000
8518.000000
10421.000000
8440.000000
10360.000000
8358.000000
10298.000000
8274.000000
10238.000000
8191.000000
10182.000000
11551155
8706.000000
10586.000000
8652.000000
10536.000000
8589.000000
10481.000000
8518.000000
10421.000000
8440.000000
10360.000000
8358.000000
10298.000000
8274.000000
10238.000000
8191.000000
10182.000000
11551155
8628.000000
10509.000000
8560.000000
10452.000000
8484.000000
10392.000000
8403.000000
10331.000000
8319.000000
10270.000000
8234.000000
10213.000000
8152.000000
10159.000000
8074.000000
10111.000000
11551155
8628.000000
10509.000000
8560.000000
10452.000000
8484.000000
10392.000000
8403.000000
10331.000000
8319.000000
10270.000000
8234.000000
10213.000000
8152.000000
10159.000000
8074.000000
10111.000000
11551155
8628.000000
10509.000000
8560.000000
10452.000000
8484.000000
10392.000000
8403.000000
10331.000000
8319.000000
10270.000000
8234.000000
10213.000000
8152.000000
10159.000000
8074.000000
10111.000000
11551155
8597.000000
10476.000000
8527.000000
10418.000000
8450.000000
10357.000000
8368.000000
10295.000000
8284.000000
10235.000000
8199.000000
10178.000000
8117.000000
10124.000000
8039.000000
10077.000000
11551155
8597.000000
10476.000000
8527.000000
10418.000000
8450.000000
10357.000000
8368.000000
10295.000000
8284.000000
10235.000000
8199.000000
10178.000000
8117.000000
10124.000000
8039.000000
10077.000000
11551155
8597.000000
10476.000000
8527.000000
10418.000000
8450.000000
10357.000000
8368.000000
10295.000000
8284.000000
10235.000000
8199.000000
10178.000000
8117.000000
10124.000000
8039.000000
10077.000000
11551155
8501.000000
10451.000000
8422.000000
10393.000000
8379.000000
10331.000000
8314.000000
10270.000000
8238.000000
10208.000000
8158.000000
10150.000000
8078.000000
10097.000000
8001.000000
10049.000000
11551155
8501.000000
10451.000000
8422.000000
10393.000000
8379.000000
10331.000000
8314.000000
10270.000000
8238.000000
10208.000000
8158.000000
10150.000000
8078.000000
10097.000000
8001.000000
10049.000000
11551155
8474.000000
10383.000000
8403.000000
10323.000000
8325.000000
10262.000000
8243.000000
10201.000000
8158.000000
10141.000000
8075.000000
10084.000000
7994.000000
10032.000000
7919.000000
9985.000000
11551155
8474.000000
10383.000000
8403.000000
10323.000000
8325.000000
10262.000000
8243.000000
10201.000000
8158.000000
10141.000000
8075.000000
10084.000000
7994.000000
10032.000000
7919.000000
9985.000000
11551155
8474.000000
10383.000000
8403.000000
10323.000000
8325.000000
10262.000000
8243.000000
10201.000000
8158.000000
10141.000000
8075.000000
10084.000000
7994.000000
10032.000000
7919.000000
9985.000000
11551155
8362.000000
10281.000000
8286.000000
10221.000000
8205.000000
10159.000000
8121.000000
10099.000000
8038.000000
10042.000000
7957.000000
9989.000000
7881.000000
9942.000000
7811.000000
9901.000000
11551155
8362.000000
10281.000000
8286.000000
10221.000000
8205.000000
10159.000000
8121.000000
10099.000000
8038.000000
10042.000000
7957.000000
9989.000000
7881.000000
9942.000000
7811.000000
9901.000000
11551155
8362.000000
10281.000000
8286.000000
10221.000000
8205.000000
10159.000000
8121.000000
10099.000000
8038.000000
10042.000000
7957.000000
9989.000000
7881.000000
9942.000000
7811.000000
9901.000000
11551155
8411.000000
10315.000000
8338.000000
10256.000000
8259.000000
10194.000000
8175.000000
10132.000000
8090.000000
10072.000000
8007.000000
10016.000000
7927.000000
9965.000000
7853.000000
9919.000000
11551155
8411.000000
10315.000000
8338.000000
10256.000000
8259.000000
10194.000000
8175.000000
10132.000000
8090.000000
10072.000000
8007.000000
10016.000000
7927.000000
9965.000000
7853.000000
9919.000000
11551155
8411.000000
10315.000000
8338.000000
10256.000000
8259.000000
10194.000000
8175.000000
10132.000000
8090.000000
10072.000000
8007.000000
10016.000000
7927.000000
9965.000000
7853.000000
9919.000000
11551155
8440.000000
10332.000000
8369.000000
10273.000000
8291.000000
10211.000000
8208.000000
10148.000000
8122.000000
10087.000000
8037.000000
10029.000000
7954.000000
9975.000000
7877.000000
9927.000000
11551155
8440.000000
10332.000000
8369.000000
10273.000000
8291.000000
10211.000000
8208.000000
10148.000000
8122.000000
10087.000000
8037.000000
10029.000000
7954.000000
9975.000000
7877.000000
9927.000000
11551155
8516.000000
10383.000000
8388.000000
10327.000000
8306.000000
10267.000000
8263.000000
10204.000000
8197.000000
10141.000000
8120.000000
10080.000000
8039.000000
10022.000000
7960.000000
9970.000000
11551155
8516.000000
10383.000000
8388.000000
10327.000000
8306.000000
10267.000000
8263.000000
10204.000000
8197.000000
10141.000000
8120.000000
10080.000000
8039.000000
10022.000000
7960.000000
9970.000000
11551155
8516.000000
10383.000000
8388.000000
10327.000000
8306.000000
10267.000000
8263.000000
10204.000000
8197.000000
10141.000000
8120.000000
10080.000000
8039.000000
10022.000000
7960.000000
9970.000000
11551155
8662.000000
10491.000000
8613.000000
10445.000000
8554.000000
10392.000000
8486.000000
10334.000000
8410.000000
10272.000000
8328.000000
10209.000000
8242.000000
10147.000000
8156.000000
10087.000000
11551155
8662.000000
10491.000000
8613.000000
10445.000000
8554.000000
10392.000000
8486.000000
10334.000000
8410.000000
10272.000000
8328.000000
10209.000000
8242.000000
10147.000000
8156.000000
10087.000000
11551155
8662.000000
10491.000000
8613.000000
10445.000000
8554.000000
10392.000000
8486.000000
10334.000000
8410.000000
10272.000000
8328.000000
10209.000000
8242.000000
10147.000000
8156.000000
10087.000000
11551155
8717.000000
10524.000000
8667.000000
10477.000000
8607.000000
10424.000000
8537.000000
10366.000000
8460.000000
10305.000000
8377.000000
10242.000000
8291.000000
10180.000000
8205.000000
10120.000000
11551155
8717.000000
10524.000000
8667.000000
10477.000000
8607.000000
10424.000000
8537.000000
10366.000000
8460.000000
10305.000000
8377.000000
10242.000000
8291.000000
10180.000000
8205.000000
10120.000000
11551155
8717.000000
10524.000000
8667.000000
10477.000000
8607.000000
10424.000000
8537.000000
10366.000000
8460.000000
10305.000000
8377.000000
10242.000000
8291.000000
10180.000000
8205.000000
10120.000000
11551155
8752.000000
10538.000000
8699.000000
10489.000000
8636.000000
10434.000000
8564.000000
10374.000000
8485.000000
10312.000000
8401.000000
10249.000000
8314.000000
10188.000000
8228.000000
10129.000000
11551155
8752.000000
10538.000000
8699.000000
10489.000000
8636.000000
10434.000000
8564.000000
10374.000000
8485.000000
10312.000000
8401.000000
10249.000000
8314.000000
10188.000000
8228.000000
10129.000000
11551155
8752.000000
10538.000000
8699.000000
10489.000000
8636.000000
10434.000000
8564.000000
10374.000000
8485.000000
10312.000000
8401.000000
10249.000000
8314.000000
10188.000000
8228.000000
10129.000000
11551155
8829.000000
10580.000000
8777.000000
10532.000000
8715.000000
10478.000000
8644.000000
10419.000000
8565.000000
10357.000000
8480.000000
10294.000000
8393.000000
10232.000000
8305.000000
10172.000000
11551155
8829.000000
10580.000000
8777.000000
10532.000000
8715.000000
10478.000000
8644.000000
10419.000000
8565.000000
10357.000000
8480.000000
10294.000000
8393.000000
10232.000000
8305.000000
10172.000000
11551155
8838.000000
10574.000000
8782.000000
10524.000000
8716.000000
10469.000000
8641.000000
10409.000000
8560.000000
10347.000000
8474.000000
10285.000000
8386.000000
10225.000000
8299.000000
10167.000000
11551155
8838.000000
10574.000000
8782.000000
10524.000000
8716.000000
10469.000000
8641.000000
10409.000000
8560.000000
10347.000000
8474.000000
10285.000000
8386.000000
10225.000000
8299.000000
10167.000000
11551155
8838.000000
10574.000000
8782.000000
10524.000000
8716.000000
10469.000000
8641.000000
10409.000000
8560.000000
10347.000000
8474.000000
10285.000000
8386.000000
10225.000000
8299.000000
10167.000000
11551155
8853.000000
10586.000000
8800.000000
10538.000000
8737.000000
10483.000000
8665.000000
10424.000000
8585.000000
10362.000000
8500.000000
10299.000000
8324.000000
10237.000000
8235.000000
10178.000000
11551155
8853.000000
10586.000000
8800.000000
10538.000000
8737.000000
10483.000000
8665.000000
10424.000000
8585.000000
10362.000000
8500.000000
10299.000000
8324.000000
10237.000000
8235.000000
10178.000000
11551155
8853.000000
10586.000000
8800.000000
10538.000000
8737.000000
10483.000000
8665.000000
10424.000000
8585.000000
10362.000000
8500.000000
10299.000000
8324.000000
10237.000000
8235.000000
10178.000000
11551155
8874.000000
10602.000000
8826.000000
10556.000000
8767.000000
10504.000000
8698.000000
10446.000000
8620.000000
10384.000000
8536.000000
10321.000000
8447.000000
10257.000000
8357.000000
10196.000000
11551155
8874.000000
10602.000000
8826.000000
10556.000000
8767.000000
10504.000000
8698.000000
10446.000000
8620.000000
10384.000000
8536.000000
10321.000000
8447.000000
10257.000000
8357.000000
10196.000000
11551155
8784.000000
10522.000000
8726.000000
10470.000000
8658.000000
10413.000000
8582.000000
10352.000000
8499.000000
10290.000000
8413.000000
10227.000000
8325.000000
10167.000000
8239.000000
10111.000000
11551155
8784.000000
10522.000000
8726.000000
10470.000000
8658.000000
10413.000000
8582.000000
10352.000000
8499.000000
10290.000000
8413.000000
10227.000000
8325.000000
10167.000000
8239.000000
10111.000000
11551155
8784.000000
10522.000000
8726.000000
10470.000000
8658.000000
10413.000000
8582.000000
10352.000000
8499.000000
10290.000000
8413.000000
10227.000000
8325.000000
10167.000000
8239.000000
10111.000000
11551155
8692.000000
10437.000000
8623.000000
10379.000000
8545.000000
10317.000000
8461.000000
10254.000000
8373.000000
10191.000000
8284.000000
10131.000000
8197.000000
10075.000000
8115.000000
10025.000000
11551155
8692.000000
10437.000000
8623.000000
10379.000000
8545.000000
10317.000000
8461.000000
10254.000000
8373.000000
10191.000000
8284.000000
10131.000000
8197.000000
10075.000000
8115.000000
10025.000000
11551155
8692.000000
10437.000000
8623.000000
10379.000000
8545.000000
10317.000000
8461.000000
10254.000000
8373.000000
10191.000000
8284.000000
10131.000000
8197.000000
10075.000000
8115.000000
10025.000000
11551155
8739.000000
10482.000000
8683.000000
10429.000000
8615.000000
10370.000000
8537.000000
10308.000000
8453.000000
10244.000000
8365.000000
10181.000000
8276.000000
10120.000000
8188.000000
10063.000000
11551155
8739.000000
10482.000000
8683.000000
10429.000000
8615.000000
10370.000000
8537.000000
10308.000000
8453.000000
10244.000000
8365.000000
10181.000000
8276.000000
10120.000000
8188.000000
10063.000000
11551155
8737.000000
10472.000000
8679.000000
10421.000000
8612.000000
10365.000000
8536.000000
10305.000000
8454.000000
10243.000000
8367.000000
10181.000000
8279.000000
10121.000000
8193.000000
10065.000000
11551155
8737.000000
10472.000000
8679.000000
10421.000000
8612.000000
10365.000000
8536.000000
10305.000000
8454.000000
10243.000000
8367.000000
10181.000000
8279.000000
10121.000000
8193.000000
10065.000000
11551155
8737.000000
10472.000000
8679.000000
10421.000000
8612.000000
10365.000000
8536.000000
10305.000000
8454.000000
10243.000000
8367.000000
10181.000000
8279.000000
10121.000000
8193.000000
10065.000000
11551155
8560.000000
10320.000000
8483.000000
10260.000000
8400.000000
10198.000000
8314.000000
10136.000000
8227.000000
10077.000000
8142.000000
10023.000000
8062.000000
9973.000000
7988.000000
9930.000000
11551155
8560.000000
10320.000000
8483.000000
10260.000000
8400.000000
10198.000000
8314.000000
10136.000000
8227.000000
10077.000000
8142.000000
10023.000000
8062.000000
9973.000000
7988.000000
9930.000000
11551155
8532.000000
10295.000000
8455.000000
10235.000000
8372.000000
10173.000000
8287.000000
10113.000000
8202.000000
10056.000000
8119.000000
10003.000000
8041.000000
9957.000000
7970.000000
9916.000000
11551155
8532.000000
10295.000000
8455.000000
10235.000000
8372.000000
10173.000000
8287.000000
10113.000000
8202.000000
10056.000000
8119.000000
10003.000000
8041.000000
9957.000000
7970.000000
9916.000000
11551155
8532.000000
10295.000000
8455.000000
10235.000000
8372.000000
10173.000000
8287.000000
10113.000000
8202.000000
10056.000000
8119.000000
10003.000000
8041.000000
9957.000000
7970.000000
9916.000000
11551155
8663.000000
10393.000000
8597.000000
10337.000000
8523.000000
10278.000000
8443.000000
10216.000000
8358.000000
10154.000000
8272.000000
10094.000000
8187.000000
10038.000000
8106.000000
9987.000000
11551155
8663.000000
10393.000000
8597.000000
10337.000000
8523.000000
10278.000000
8443.000000
10216.000000
8358.000000
10154.000000
8272.000000
10094.000000
8187.000000
10038.000000
8106.000000
9987.000000
11551155
8732.000000
10435.000000
8669.000000
10381.000000
8597.000000
10322.000000
8518.000000
10261.000000
8434.000000
10199.000000
8348.000000
10138.000000
8262.000000
10081.000000
8179.000000
10029.000000
11551155
8732.000000
10435.000000
8669.000000
10381.000000
8597.000000
10322.000000
8518.000000
10261.000000
8434.000000
10199.000000
8348.000000
10138.000000
8262.000000
10081.000000
8179.000000
10029.000000
11551155
8732.000000
10435.000000
8669.000000
10381.000000
8597.000000
10322.000000
8518.000000
10261.000000
8434.000000
10199.000000
8348.000000
10138.000000
8262.000000
10081.000000
8179.000000
10029.000000
11551155
8772.000000
10454.000000
8707.000000
10399.000000
8633.000000
10339.000000
8552.000000
10277.000000
8467.000000
10216.000000
8380.000000
10155.000000
8294.000000
10099.000000
8211.000000
10048.000000
11551155
8772.000000
10454.000000
8707.000000
10399.000000
8633.000000
10339.000000
8552.000000
10277.000000
8467.000000
10216.000000
8380.000000
10155.000000
8294.000000
10099.000000
8211.000000
10048.000000
11551155
8854.000000
10516.000000
8796.000000
10465.000000
8727.000000
10408.000000
8575.000000
10348.000000
8485.000000
10285.000000
8440.000000
10223.000000
8373.000000
10163.000000
8297.000000
10108.000000
11551155
8854.000000
10516.000000
8796.000000
10465.000000
8727.000000
10408.000000
8575.000000
10348.000000
8485.000000
10285.000000
8440.000000
10223.000000
8373.000000
10163.000000
8297.000000
10108.000000
11551155
8854.000000
10516.000000
8796.000000
10465.000000
8727.000000
10408.000000
8575.000000
10348.000000
8485.000000
10285.000000
8440.000000
10223.000000
8373.000000
10163.000000
8297.000000
10108.000000
11551155
8970.000000
10602.000000
8928.000000
10561.000000
8875.000000
10512.000000
8812.000000
10458.000000
8740.000000
10398.000000
8660.000000
10336.000000
8575.000000
10272.000000
8487.000000
10210.000000
11551155
8970.000000
10602.000000
8928.000000
10561.000000
8875.000000
10512.000000
8812.000000
10458.000000
8740.000000
10398.000000
8660.000000
10336.000000
8575.000000
10272.000000
8487.000000
10210.000000
11551155
8970.000000
10602.000000
8928.000000
10561.000000
8875.000000
10512.000000
8812.000000
10458.000000
8740.000000
10398.000000
8660.000000
10336.000000
8575.000000
10272.000000
8487.000000
10210.000000
11551155
8925.000000
10551.000000
8868.000000
10501.000000
8801.000000
10445.000000
8726.000000
10386.000000
8645.000000
10324.000000
8559.000000
10262.000000
8472.000000
10203.000000
8387.000000
10148.000000
11551155
8925.000000
10551.000000
8868.000000
10501.000000
8801.000000
10445.000000
8726.000000
10386.000000
8645.000000
10324.000000
8559.000000
10262.000000
8472.000000
10203.000000
8387.000000
10148.000000
11551155
8917.000000
10531.000000
8854.000000
10477.000000
8781.000000
10417.000000
8700.000000
10355.000000
8614.000000
10293.000000
8525.000000
10231.000000
8436.000000
10172.000000
8350.000000
10118.000000
11551155
8917.000000
10531.000000
8854.000000
10477.000000
8781.000000
10417.000000
8700.000000
10355.000000
8614.000000
10293.000000
8525.000000
10231.000000
8436.000000
10172.000000
8350.000000
10118.000000
11551155
8917.000000
10531.000000
8854.000000
10477.000000
8781.000000
10417.000000
8700.000000
10355.000000
8614.000000
10293.000000
8525.000000
10231.000000
8436.000000
10172.000000
8350.000000
10118.000000
11551155
8947.000000
10558.000000
8897.000000
10511.000000
8836.000000
10458.000000
8765.000000
10400.000000
8686.000000
10339.000000
8601.000000
10276.000000
8513.000000
10214.000000
8335.000000
10154.000000
11551155
8947.000000
10558.000000
8897.000000
10511.000000
8836.000000
10458.000000
8765.000000
10400.000000
8686.000000
10339.000000
8601.000000
10276.000000
8513.000000
10214.000000
8335.000000
10154.000000
11551155
8947.000000
10558.000000
8897.000000
10511.000000
8836.000000
10458.000000
8765.000000
10400.000000
8686.000000
10339.000000
8601.000000
10276.000000
8513.000000
10214.000000
8335.000000
10154.000000
11551155
8909.000000
10528.000000
8855.000000
10480.000000
8791.000000
10425.000000
8717.000000
10366.000000
8636.000000
10303.000000
8550.000000
10240.000000
8462.000000
10179.000000
8374.000000
10120.000000
11551155
8909.000000
10528.000000
8855.000000
10480.000000
8791.000000
10425.000000
8717.000000
10366.000000
8636.000000
10303.000000
8550.000000
10240.000000
8462.000000
10179.000000
8374.000000
10120.000000
11551155
8802.000000
10433.000000
8734.000000
10376.000000
8657.000000
10315.000000
8573.000000
10252.000000
8485.000000
10189.000000
8396.000000
10128.000000
8309.000000
10072.000000
8225.000000
10020.000000
11551155
8802.000000
10433.000000
8734.000000
10376.000000
8657.000000
10315.000000
8573.000000
10252.000000
8485.000000
10189.000000
8396.000000
10128.000000
8309.000000
10072.000000
8225.000000
10020.000000
11551155
8802.000000
10433.000000
8734.000000
10376.000000
8657.000000
10315.000000
8573.000000
10252.000000
8485.000000
10189.000000
8396.000000
10128.000000
8309.000000
10072.000000
8225.000000
10020.000000
11551155
8785.000000
10416.000000
8718.000000
10360.000000
8642.000000
10299.000000
8560.000000
10237.000000
8473.000000
10174.000000
8384.000000
10113.000000
8297.000000
10056.000000
8213.000000
10004.000000
11551155
8785.000000
10416.000000
8718.000000
10360.000000
8642.000000
10299.000000
8560.000000
10237.000000
8473.000000
10174.000000
8384.000000
10113.000000
8297.000000
10056.000000
8213.000000
10004.000000
11551155
8785.000000
10416.000000
8718.000000
10360.000000
8642.000000
10299.000000
8560.000000
10237.000000
8473.000000
10174.000000
8384.000000
10113.000000
8297.000000
10056.000000
8213.000000
10004.000000
11551155
8900.000000
10510.000000
8850.000000
10462.000000
8788.000000
10408.000000
8716.000000
10348.000000
8636.000000
10286.000000
8550.000000
10223.000000
8461.000000
10160.000000
8372.000000
10101.000000
11551155
8900.000000
10510.000000
8850.000000
10462.000000
8788.000000
10408.000000
8716.000000
10348.000000
8636.000000
10286.000000
8550.000000
10223.000000
8461.000000
10160.000000
8372.000000
10101.000000
11551155
8900.000000
10510.000000
8850.000000
10462.000000
8788.000000
10408.000000
8716.000000
10348.000000
8636.000000
10286.000000
8550.000000
10223.000000
8461.000000
10160.000000
8372.000000
10101.000000
11551155
8966.000000
10557.000000
8926.000000
10518.000000
8875.000000
10472.000000
8814.000000
10420.000000
8743.000000
10362.000000
8664.000000
10302.000000
8580.000000
10239.000000
8492.000000
10178.000000
11551155
8966.000000
10557.000000
8926.000000
10518.000000
8875.000000
10472.000000
8814.000000
10420.000000
8743.000000
10362.000000
8664.000000
10302.000000
8580.000000
10239.000000
8492.000000
10178.000000
11551155
8990.000000
10572.000000
8951.000000
10533.000000
8901.000000
10487.000000
8841.000000
10434.000000
8771.000000
10377.000000
8693.000000
10315.000000
8609.000000
10252.000000
8521.000000
10189.000000
11551155
8990.000000
10572.000000
8951.000000
10533.000000
8901.000000
10487.000000
8841.000000
10434.000000
8771.000000
10377.000000
8693.000000
10315.000000
8609.000000
10252.000000
8521.000000
10189.000000
11551155
8990.000000
10572.000000
8951.000000
10533.000000
8901.000000
10487.000000
8841.000000
10434.000000
8771.000000
10377.000000
8693.000000
10315.000000
8609.000000
10252.000000
8521.000000
10189.000000
11551155
9004.000000
10566.000000
8960.000000
10523.000000
8905.000000
10474.000000
8840.000000
10418.000000
8765.000000
10358.000000
8683.000000
10295.000000
8596.000000
10231.000000
8507.000000
10169.000000
11551155
9004.000000
10566.000000
8960.000000
10523.000000
8905.000000
10474.000000
8840.000000
10418.000000
8765.000000
10358.000000
8683.000000
10295.000000
8596.000000
10231.000000
8507.000000
10169.000000
11551155
9004.000000
10566.000000
8960.000000
10523.000000
8905.000000
10474.000000
8840.000000
10418.000000
8765.000000
10358.000000
8683.000000
10295.000000
8596.000000
10231.000000
8507.000000
10169.000000
11551155
8936.000000
10493.000000
8877.000000
10440.000000
8808.000000
10383.000

