11551155
6756.000000
10084.000000
6721.000000
10052.000000
6686.000000
10020.000000
6650.000000
9990.000000
6615.000000
9961.000000
6581.000000
9935.000000
6549.000000
9912.000000
6520.000000
9892.000000
11551155
6756.000000
10084.000000
6721.000000
10052.000000
6686.000000
10020.000000
6650.000000
9990.000000
6615.000000
9961.000000
6581.000000
9935.000000
6549.000000
9912.000000
6520.000000
9892.000000
11551155
6809.000000
10131.000000
6778.000000
10099.000000
6744.000000
10067.000000
6709.000000
10035.000000
6674.000000
10006.000000
6639.000000
9978.000000
6606.000000
9953.000000
6576.000000
9931.000000
11551155
6809.000000
10131.000000
6778.000000
10099.000000
6744.000000
10067.000000
6709.000000
10035.000000
6674.000000
10006.000000
6639.000000
9978.000000
6606.000000
9953.000000
6576.000000
9931.000000
11551155
6881.000000
10187.000000
6847.000000
10154.000000
6811.000000
10120.000000
6773.000000
10087.000000
6735.000000
10054.000000
6697.000000
10024.000000
6661.000000
9996.000000
6628.000000
9970.000000
11551155
6881.000000
10187.000000
6847.000000
10154.000000
6811.000000
10120.000000
6773.000000
10087.000000
6735.000000
10054.000000
6697.000000
10024.000000
6661.000000
9996.000000
6628.000000
9970.000000
11551155
6881.000000
10187.000000
6847.000000
10154.000000
6811.000000
10120.000000
6773.000000
10087.000000
6735.000000
10054.000000
6697.000000
10024.000000
6661.000000
9996.000000
6628.000000
9970.000000
11551155
6858.000000
10151.000000
6824.000000
10120.000000
6788.000000
10088.000000
6752.000000
10057.000000
6716.000000
10028.000000
6681.000000
10001.000000
6649.000000
9977.000000
6619.000000
9956.000000
11551155
6858.000000
10151.000000
6824.000000
10120.000000
6788.000000
10088.000000
6752.000000
10057.000000
6716.000000
10028.000000
6681.000000
10001.000000
6649.000000
9977.000000
6619.000000
9956.000000
11551155
6856.000000
10147.000000
6820.000000
10115.000000
6783.000000
10083.000000
6746.000000
10053.000000
6710.000000
10024.000000
6676.000000
9999.000000
6644.000000
9976.000000
6615.000000
9956.000000
11551155
6856.000000
10147.000000
6820.000000
10115.000000
6783.000000
10083.000000
6746.000000
10053.000000
6710.000000
10024.000000
6676.000000
9999.000000
6644.000000
9976.000000
6615.000000
9956.000000
11551155
6856.000000
10147.000000
6820.000000
10115.000000
6783.000000
10083.000000
6746.000000
10053.000000
6710.000000
10024.000000
6676.000000
9999.000000
6644.000000
9976.000000
6615.000000
9956.000000
11551155
6931.000000
10214.000000
6898.000000
10181.000000
6862.000000
10147.000000
6824.000000
10113.000000
6786.000000
10081.000000
6748.000000
10051.000000
6712.000000
10023.000000
6678.000000
9998.000000
11551155
6931.000000
10214.000000
6898.000000
10181.000000
6862.000000
10147.000000
6824.000000
10113.000000
6786.000000
10081.000000
6748.000000
10051.000000
6712.000000
10023.000000
6678.000000
9998.000000
11551155
6931.000000
10214.000000
6898.000000
10181.000000
6862.000000
10147.000000
6824.000000
10113.000000
6786.000000
10081.000000
6748.000000
10051.000000
6712.000000
10023.000000
6678.000000
9998.000000
11551155
6906.000000
10183.000000
6871.000000
10150.000000
6835.000000
10118.000000
6798.000000
10086.000000
6761.000000
10056.000000
6726.000000
10028.000000
6692.000000
10002.000000
6661.000000
9980.000000
11551155
6906.000000
10183.000000
6871.000000
10150.000000
6835.000000
10118.000000
6798.000000
10086.000000
6761.000000
10056.000000
6726.000000
10028.000000
6692.000000
10002.000000
6661.000000
9980.000000
11551155
6896.000000
10168.000000
6860.000000
10135.000000
6823.000000
10102.000000
6785.000000
10070.000000
6747.000000
10040.000000
6711.000000
10012.000000
6677.000000
9987.000000
6646.000000
9965.000000
11551155
6896.000000
10168.000000
6860.000000
10135.000000
6823.000000
10102.000000
6785.000000
10070.000000
6747.000000
10040.000000
6711.000000
10012.000000
6677.000000
9987.000000
6646.000000
9965.000000
11551155
6896.000000
10168.000000
6860.000000
10135.000000
6823.000000
10102.000000
6785.000000
10070.000000
6747.000000
10040.000000
6711.000000
10012.000000
6677.000000
9987.000000
6646.000000
9965.000000
11551155
6935.000000
10210.000000
6901.000000
10177.000000
6865.000000
10143.000000
6827.000000
10109.000000
6788.000000
10076.000000
6750.000000
10045.000000
6678.000000
10017.000000
6645.000000
9992.000000
11551155
6935.000000
10210.000000
6901.000000
10177.000000
6865.000000
10143.000000
6827.000000
10109.000000
6788.000000
10076.000000
6750.000000
10045.000000
6678.000000
10017.000000
6645.000000
9992.000000
11551155
7010.000000
10272.000000
6974.000000
10237.000000
6935.000000
10200.000000
6894.000000
10164.000000
6852.000000
10129.000000
6811.000000
10095.000000
6771.000000
10064.000000
6733.000000
10036.000000
11551155
7010.000000
10272.000000
6974.000000
10237.000000
6935.000000
10200.000000
6894.000000
10164.000000
6852.000000
10129.000000
6811.000000
10095.000000
6771.000000
10064.000000
6733.000000
10036.000000
11551155
7010.000000
10272.000000
6974.000000
10237.000000
6935.000000
10200.000000
6894.000000
10164.000000
6852.000000
10129.000000
6811.000000
10095.000000
6771.000000
10064.000000
6733.000000
10036.000000
11551155
6979.000000
10236.000000
6939.000000
10199.000000
6898.000000
10163.000000
6857.000000
10128.000000
6816.000000
10096.000000
6777.000000
10065.000000
6740.000000
10038.000000
6706.000000
10015.000000
11551155
6979.000000
10236.000000
6939.000000
10199.000000
6898.000000
10163.000000
6857.000000
10128.000000
6816.000000
10096.000000
6777.000000
10065.000000
6740.000000
10038.000000
6706.000000
10015.000000
11551155
6979.000000
10236.000000
6939.000000
10199.000000
6898.000000
10163.000000
6857.000000
10128.000000
6816.000000
10096.000000
6777.000000
10065.000000
6740.000000
10038.000000
6706.000000
10015.000000
11551155
6988.000000
10244.000000
6948.000000
10207.000000
6907.000000
10170.000000
6865.000000
10135.000000
6824.000000
10101.000000
6785.000000
10071.000000
6748.000000
10044.000000
6715.000000
10020.000000
11551155
6988.000000
10244.000000
6948.000000
10207.000000
6907.000000
10170.000000
6865.000000
10135.000000
6824.000000
10101.000000
6785.000000
10071.000000
6748.000000
10044.000000
6715.000000
10020.000000
11551155
7093.000000
10325.000000
7054.000000
10286.000000
7011.000000
10247.000000
6967.000000
10208.000000
6922.000000
10170.000000
6878.000000
10134.000000
6836.000000
10101.000000
6796.000000
10072.000000
11551155
7093.000000
10325.000000
7054.000000
10286.000000
7011.000000
10247.000000
6967.000000
10208.000000
6922.000000
10170.000000
6878.000000
10134.000000
6836.000000
10101.000000
6796.000000
10072.000000
11551155
7093.000000
10325.000000
7054.000000
10286.000000
7011.000000
10247.000000
6967.000000
10208.000000
6922.000000
10170.000000
6878.000000
10134.000000
6836.000000
10101.000000
6796.000000
10072.000000
11551155
7012.000000
10243.000000
6975.000000
10208.000000
6936.000000
10172.000000
6895.000000
10137.000000
6854.000000
10103.000000
6814.000000
10072.000000
6776.000000
10043.000000
6741.000000
10018.000000
11551155
7012.000000
10243.000000
6975.000000
10208.000000
6936.000000
10172.000000
6895.000000
10137.000000
6854.000000
10103.000000
6814.000000
10072.000000
6776.000000
10043.000000
6741.000000
10018.000000
11551155
6954.000000
10183.000000
6914.000000
10147.000000
6873.000000
10110.000000
6832.000000
10076.000000
6792.000000
10044.000000
6754.000000
10015.000000
6718.000000
9989.000000
6686.000000
9967.000000
11551155
6954.000000
10183.000000
6914.000000
10147.000000
6873.000000
10110.000000
6832.000000
10076.000000
6792.000000
10044.000000
6754.000000
10015.000000
6718.000000
9989.000000
6686.000000
9967.000000
11551155
6954.000000
10183.000000
6914.000000
10147.000000
6873.000000
10110.000000
6832.000000
10076.000000
6792.000000
10044.000000
6754.000000
10015.000000
6718.000000
9989.000000
6686.000000
9967.000000
11551155
6982.000000
10204.000000
6944.000000
10168.000000
6904.000000
10132.000000
6862.000000
10096.000000
6780.000000
10062.000000
6741.000000
10030.000000
6722.000000
10001.000000
6697.000000
9975.000000
11551155
6982.000000
10204.000000
6944.000000
10168.000000
6904.000000
10132.000000
6862.000000
10096.000000
6780.000000
10062.000000
6741.000000
10030.000000
6722.000000
10001.000000
6697.000000
9975.000000
11551155
6982.000000
10204.000000
6944.000000
10168.000000
6904.000000
10132.000000
6862.000000
10096.000000
6780.000000
10062.000000
6741.000000
10030.000000
6722.000000
10001.000000
6697.000000
9975.000000
11551155
6944.000000
10171.000000
6911.000000
10138.000000
6875.000000
10105.000000
6838.000000
10071.000000
6800.000000
10038.000000
6762.000000
10007.000000
6726.000000
9977.000000
6691.000000
9951.000000
11551155
6944.000000
10171.000000
6911.000000
10138.000000
6875.000000
10105.000000
6838.000000
10071.000000
6800.000000
10038.000000
6762.000000
10007.000000
6726.000000
9977.000000
6691.000000
9951.000000
11551155
6862.000000
10087.000000
6824.000000
10052.000000
6784.000000
10019.000000
6745.000000
9986.000000
6707.000000
9956.000000
6670.000000
9929.000000
6636.000000
9904.000000
6606.000000
9883.000000
11551155
6862.000000
10087.000000
6824.000000
10052.000000
6784.000000
10019.000000
6745.000000
9986.000000
6707.000000
9956.000000
6670.000000
9929.000000
6636.000000
9904.000000
6606.000000
9883.000000
11551155
6862.000000
10087.000000
6824.000000
10052.000000
6784.000000
10019.000000
6745.000000
9986.000000
6707.000000
9956.000000
6670.000000
9929.000000
6636.000000
9904.000000
6606.000000
9883.000000
11551155
6905.000000
10121.000000
6871.000000
10085.000000
6833.000000
10048.000000
6793.000000
10013.000000
6753.000000
9979.000000
6713.000000
9947.000000
6676.000000
9918.000000
6641.000000
9893.000000
11551155
6905.000000
10121.000000
6871.000000
10085.000000
6833.000000
10048.000000
6793.000000
10013.000000
6753.000000
9979.000000
6713.000000
9947.000000
6676.000000
9918.000000
6641.000000
9893.000000
11551155
6945.000000
10141.000000
6908.000000
10105.000000
6869.000000
10069.000000
6828.000000
10034.000000
6787.000000
9999.000000
6747.000000
9967.000000
6708.000000
9938.000000
6672.000000
9911.000000
11551155
6945.000000
10141.000000
6908.000000
10105.000000
6869.000000
10069.000000
6828.000000
10034.000000
6787.000000
9999.000000
6747.000000
9967.000000
6708.000000
9938.000000
6672.000000
9911.000000
11551155
6945.000000
10141.000000
6908.000000
10105.000000
6869.000000
10069.000000
6828.000000
10034.000000
6787.000000
9999.000000
6747.000000
9967.000000
6708.000000
9938.000000
6672.000000
9911.000000
11551155
6917.000000
10103.000000
6877.000000
10066.000000
6836.000000
10029.000000
6794.000000
9994.000000
6752.000000
9960.000000
6711.000000
9928.000000
6673.000000
9900.000000
6638.000000
9875.000000
11551155
6917.000000
10103.000000
6877.000000
10066.000000
6836.000000
10029.000000
6794.000000
9994.000000
6752.000000
9960.000000
6711.000000
9928.000000
6673.000000
9900.000000
6638.000000
9875.000000
11551155
6917.000000
10103.000000
6877.000000
10066.000000
6836.000000
10029.000000
6794.000000
9994.000000
6752.000000
9960.000000
6711.000000
9928.000000
6673.000000
9900.000000
6638.000000
9875.000000
11551155
6888.000000
10063.000000
6845.000000
10024.000000
6802.000000
9987.000000
6759.000000
9951.000000
6717.000000
9918.000000
6678.000000
9889.000000
6642.000000
9863.000000
6609.000000
9841.000000
11551155
6888.000000
10063.000000
6845.000000
10024.000000
6802.000000
9987.000000
6759.000000
9951.000000
6717.000000
9918.000000
6678.000000
9889.000000
6642.000000
9863.000000
6609.000000
9841.000000
11551155
6978.000000
10144.000000
6942.000000
10108.000000
6902.000000
10070.000000
6860.000000
10033.000000
6818.000000
9996.000000
6775.000000
9961.000000
6734.000000
9928.000000
6695.000000
9899.000000
11551155
6978.000000
10144.000000
6942.000000
10108.000000
6902.000000
10070.000000
6860.000000
10033.000000
6818.000000
9996.000000
6775.000000
9961.000000
6734.000000
9928.000000
6695.000000
9899.000000
11551155
6978.000000
10144.000000
6942.000000
10108.000000
6902.000000
10070.000000
6860.000000
10033.000000
6818.000000
9996.000000
6775.000000
9961.000000
6734.000000
9928.000000
6695.000000
9899.000000
11551155
6938.000000
10096.000000
6899.000000
10058.000000
6858.000000
10020.000000
6815.000000
9982.000000
6772.000000
9946.000000
6730.000000
9912.000000
6690.000000
9881.000000
6652.000000
9853.000000
11551155
6938.000000
10096.000000
6899.000000
10058.000000
6858.000000
10020.000000
6815.000000
9982.000000
6772.000000
9946.000000
6730.000000
9912.000000
6690.000000
9881.000000
6652.000000
9853.000000
11551155
6834.000000
10001.000000
6793.000000
9964.000000
6752.000000
9929.000000
6711.000000
9895.000000
6671.000000
9863.000000
6633.000000
9835.000000
6597.000000
9809.000000
6565.000000
9787.000000
11551155
6834.000000
10001.000000
6793.000000
9964.000000
6752.000000
9929.000000
6711.000000
9895.000000
6671.000000
9863.000000
6633.000000
9835.000000
6597.000000
9809.000000
6565.000000
9787.000000
11551155
6834.000000
10001.000000
6793.000000
9964.000000
6752.000000
9929.000000
6711.000000
9895.000000
6671.000000
9863.000000
6633.000000
9835.000000
6597.000000
9809.000000
6565.000000
9787.000000
11551155
6937.000000
10079.000000
6896.000000
10040.000000
6853.000000
10001.000000
6808.000000
9963.000000
6718.000000
9926.000000
6675.000000
9891.000000
6655.000000
9860.000000
6627.000000
9832.000000
11551155
6937.000000
10079.000000
6896.000000
10040.000000
6853.000000
10001.000000
6808.000000
9963.000000
6718.000000
9926.000000
6675.000000
9891.000000
6655.000000
9860.000000
6627.000000
9832.000000
11551155
6937.000000
10079.000000
6896.000000
10040.000000
6853.000000
10001.000000
6808.000000
9963.000000
6718.000000
9926.000000
6675.000000
9891.000000
6655.000000
9860.000000
6627.000000
9832.000000
11551155
6898.000000
10041.000000
6857.000000
10003.000000
6815.000000
9965.000000
6771.000000
9928.000000
6728.000000
9893.000000
6686.000000
9860.000000
6647.000000
9831.000000
6611.000000
9805.000000
11551155
6898.000000
10041.000000
6857.000000
10003.000000
6815.000000
9965.000000
6771.000000
9928.000000
6728.000000
9893.000000
6686.000000
9860.000000
6647.000000
9831.000000
6611.000000
9805.000000
11551155
6879.000000
10019.000000
6836.000000
9980.000000
6792.000000
9942.000000
6748.000000
9904.000000
6704.000000
9870.000000
6662.000000
9838.000000
6623.000000
9809.000000
6587.000000
9784.000000
11551155
6879.000000
10019.000000
6836.000000
9980.000000
6792.000000
9942.000000
6748.000000
9904.000000
6704.000000
9870.000000
6662.000000
9838.000000
6623.000000
9809.000000
6587.000000
9784.000000
11551155
6879.000000
10019.000000
6836.000000
9980.000000
6792.000000
9942.000000
6748.000000
9904.000000
6704.000000
9870.000000
6662.000000
9838.000000
6623.000000
9809.000000
6587.000000
9784.000000
11551155
6875.000000
10008.000000
6787.000000
9968.000000
6740.000000
9928.000000
6717.000000
9889.000000
6683.000000
9854.000000
6646.000000
9821.000000
6609.000000
9793.000000
6575.000000
9768.000000
11551155
6875.000000
10008.000000
6787.000000
9968.000000
6740.000000
9928.000000
6717.000000
9889.000000
6683.000000
9854.000000
6646.000000
9821.000000
6609.000000
9793.000000
6575.000000
9768.000000
11551155
6875.000000
10008.000000
6787.000000
9968.000000
6740.000000
9928.000000
6717.000000
9889.000000
6683.000000
9854.000000
6646.000000
9821.000000
6609.000000
9793.000000
6575.000000
9768.000000
11551155
6851.000000
9991.000000
6811.000000
9954.000000
6770.000000
9917.000000
6727.000000
9881.000000
6685.000000
9846.000000
6644.000000
9814.000000
6605.000000
9785.000000
6569.000000
9759.000000
11551155
6851.000000
9991.000000
6811.000000
9954.000000
6770.000000
9917.000000
6727.000000
9881.000000
6685.000000
9846.000000
6644.000000
9814.000000
6605.000000
9785.000000
6569.000000
9759.000000
11551155
6792.000000
9937.000000
6752.000000
9900.000000
6710.000000
9864.000000
6667.000000
9828.000000
6625.000000
9794.000000
6584.000000
9763.000000
6545.000000
9734.000000
6509.000000
9709.000000
11551155
6792.000000
9937.000000
6752.000000
9900.000000
6710.000000
9864.000000
6667.000000
9828.000000
6625.000000
9794.000000
6584.000000
9763.000000
6545.000000
9734.000000
6509.000000
9709.000000
11551155
6792.000000
9937.000000
6752.000000
9900.000000
6710.000000
9864.000000
6667.000000
9828.000000
6625.000000
9794.000000
6584.000000
9763.000000
6545.000000
9734.000000
6509.000000
9709.000000
11551155
6737.000000
9914.000000
6716.000000
9878.000000
6684.000000
9842.000000
6646.000000
9806.000000
6606.000000
9772.000000
6565.000000
9740.000000
6526.000000
9710.000000
6489.000000
9684.000000
11551155
6737.000000
9914.000000
6716.000000
9878.000000
6684.000000
9842.000000
6646.000000
9806.000000
6606.000000
9772.000000
6565.000000
9740.000000
6526.000000
9710.000000
6489.000000
9684.000000
11551155
6737.000000
9914.000000
6716.000000
9878.000000
6684.000000
9842.000000
6646.000000
9806.000000
6606.000000
9772.000000
6565.000000
9740.000000
6526.000000
9710.000000
6489.000000
9684.000000
11551155
6840.000000
9976.000000
6803.000000
9939.000000
6763.000000
9900.000000
6720.000000
9861.000000
6675.000000
9823.000000
6630.000000
9786.000000
6587.000000
9752.000000
6545.000000
9720.000000
11551155
6840.000000
9976.000000
6803.000000
9939.000000
6763.000000
9900.000000
6720.000000
9861.000000
6675.000000
9823.000000
6630.000000
9786.000000
6587.000000
9752.000000
6545.000000
9720.000000
11551155
6790.000000
9922.000000
6749.000000
9884.000000
6706.000000
9845.000000
6662.000000
9807.000000
6617.000000
9770.000000
6573.000000
9735.000000
6531.000000
9703.000000
6492.000000
9675.000000
11551155
6790.000000
9922.000000
6749.000000
9884.000000
6706.000000
9845.000000
6662.000000
9807.000000
6617.000000
9770.000000
6573.000000
9735.000000
6531.000000
9703.000000
6492.000000
9675.000000
11551155
6790.000000
9922.000000
6749.000000
9884.000000
6706.000000
9845.000000
6662.000000
9807.000000
6617.000000
9770.000000
6573.000000
9735.000000
6531.000000
9703.000000
6492.000000
9675.000000
11551155
6773.000000
9903.000000
6731.000000
9864.000000
6687.000000
9825.000000
6642.000000
9786.000000
6597.000000
9749.000000
6553.000000
9715.000000
6511.000000
9684.000000
6472.000000
9656.000000
11551155
6773.000000
9903.000000
6731.000000
9864.000000
6687.000000
9825.000000
6642.000000
9786.000000
6597.000000
9749.000000
6553.000000
9715.000000
6511.000000
9684.000000
6472.000000
9656.000000
11551155
6773.000000
9903.000000
6731.000000
9864.000000
6687.000000
9825.000000
6642.000000
9786.000000
6597.000000
9749.000000
6553.000000
9715.000000
6511.000000
9684.000000
6472.000000
9656.000000
11551155
6860.000000
9977.000000
6819.000000
9936.000000
6729.000000
9894.000000
6680.000000
9851.000000
6655.000000
9810.000000
6619.000000
9771.000000
6578.000000
9735.000000
6537.000000
9702.000000
11551155
6860.000000
9977.000000
6819.000000
9936.000000
6729.000000
9894.000000
6680.000000
9851.000000
6655.000000
9810.000000
6619.000000
9771.000000
6578.000000
9735.000000
6537.000000
9702.000000
11551155
6860.000000
9977.000000
6819.000000
9936.000000
6729.000000
9894.000000
6680.000000
9851.000000
6655.000000
9810.000000
6619.000000
9771.000000
6578.000000
9735.000000
6537.000000
9702.000000
11551155
6862.000000
9982.000000
6824.000000
9944.000000
6782.000000
9904.000000
6738.000000
9863.000000
6692.000000
9823.000000
6646.000000
9786.000000
6602.000000
9750.000000
6560.000000
9719.000000
11551155
6862.000000
9982.000000
6824.000000
9944.000000
6782.000000
9904.000000
6738.000000
9863.000000
6692.000000
9823.000000
6646.000000
9786.000000
6602.000000
9750.000000
6560.000000
9719.000000
11551155
6854.000000
9965.000000
6812.000000
9924.000000
6767.000000
9883.000000
6721.000000
9842.000000
6674.000000
9803.000000
6627.000000
9765.000000
6582.000000
9731.000000
6540.000000
9701.000000
11551155
6854.000000
9965.000000
6812.000000
9924.000000
6767.000000
9883.000000
6721.000000
9842.000000
6674.000000
9803.000000
6627.000000
9765.000000
6582.000000
9731.000000
6540.000000
9701.000000
11551155
6854.000000
9965.000000
6812.000000
9924.000000
6767.000000
9883.000000
6721.000000
9842.000000
6674.000000
9803.000000
6627.000000
9765.000000
6582.000000
9731.000000
6540.000000
9701.000000
11551155
6785.000000
9904.000000
6739.000000
9863.000000
6692.000000
9822.000000
6644.000000
9783.000000
6598.000000
9747.000000
6554.000000
9714.000000
6513.000000
9685.000000
6476.000000
9659.000000
11551155
6785.000000
9904.000000
6739.000000
9863.000000
6692.000000
9822.000000
6644.000000
9783.000000
6598.000000
9747.000000
6554.000000
9714.000000
6513.000000
9685.000000
6476.000000
9659.000000
11551155
6785.000000
9904.000000
6739.000000
9863.000000
6692.000000
9822.000000
6644.000000
9783.000000
6598.000000
9747.000000
6554.000000
9714.000000
6513.000000
9685.000000
6476.000000
9659.000000
11551155
6863.000000
9971.000000
6821.000000
9930.000000
6775.000000
9888.000000
6727.000000
9846.000000
6631.000000
9806.000000
6584.000000
9768.000000
6562.000000
9733.000000
6531.000000
9702.000000
11551155
6863.000000
9971.000000
6821.000000
9930.000000
6775.000000
9888.000000
6727.000000
9846.000000
6631.000000
9806.000000
6584.000000
9768.000000
6562.000000
9733.000000
6531.000000
9702.000000
11551155
6831.000000
9940.000000
6790.000000
9900.000000
6746.000000
9859.000000
6700.000000
9819.000000
6653.000000
9780.000000
6607.000000
9743.000000
6562.000000
9709.000000
6520.000000
9678.000000
11551155
6831.000000
9940.000000
6790.000000
9900.000000
6746.000000
9859.000000
6700.000000
9819.000000
6653.000000
9780.000000
6607.000000
9743.000000
6562.000000
9709.000000
6520.000000
9678.000000
11551155
6831.000000
9940.000000
6790.000000
9900.000000
6746.000000
9859.000000
6700.000000
9819.000000
6653.000000
9780.000000
6607.000000
9743.000000
6562.000000
9709.000000
6520.000000
9678.000000
11551155
6756.000000
9868.000000
6713.000000
9828.000000
6668.000000
9788.000000
6622.000000
9750.000000
6577.000000
9713.000000
6534.000000
9680.000000
6493.000000
9650.000000
6456.000000
9624.000000
11551155
6756.000000
9868.000000
6713.000000
9828.000000
6668.000000
9788.000000
6622.000000
9750.000000
6577.000000
9713.000000
6534.000000
9680.000000
6493.000000
9650.000000
6456.000000
9624.000000
11551155
6756.000000
9868.000000
6713.000000
9828.000000
6668.000000
9788.000000
6622.000000
9750.000000
6577.000000
9713.000000
6534.000000
9680.000000
6493.000000
9650.000000
6456.000000
9624.000000
11551155
6825.000000
9927.000000
6782.000000
9886.000000
6736.000000
9843.000000
6688.000000
9802.000000
6640.000000
9762.000000
6593.000000
9725.000000
6549.000000
9691.000000
6508.000000
9661.000000
11551155
6825.000000
9927.000000
6782.000000
9886.000000
6736.000000
9843.000000
6688.000000
9802.000000
6640.000000
9762.000000
6593.000000
9725.000000
6549.000000
9691.000000
6508.000000
9661.000000
11551155
6825.000000
9927.000000
6782.000000
9886.000000
6736.000000
9843.000000
6688.000000
9802.000000
6640.000000
9762.000000
6593.000000
9725.000000
6549.000000
9691.000000
6508.000000
9661.000000
11551155
6832.000000
9927.000000
6791.000000
9888.000000
6747.000000
9847.000000
6701.000000
9807.000000
6654.000000
9767.000000
6607.000000
9730.000000
6562.000000
9695.000000
6519.000000
9664.000000
11551155
6832.000000
9927.000000
6791.000000
9888.000000
6747.000000
9847.000000
6701.000000
9807.000000
6654.000000
9767.000000
6607.000000
9730.000000
6562.000000
9695.000000
6519.000000
9664.000000
11551155
6786.000000
9883.000000
6743.000000
9843.000000
6698.000000
9802.000000
6652.000000
9763.000000
6606.000000
9725.000000
6561.000000
9689.000000
6518.000000
9658.000000
6479.000000
9629.000000
11551155
6786.000000
9883.000000
6743.000000
9843.000000
6698.000000
9802.000000
6652.000000
9763.000000
6606.000000
9725.000000
6561.000000
9689.000000
6518.000000
9658.000000
6479.000000
9629.000000
11551155
6786.000000
9883.000000
6743.000000
9843.000000
6698.000000
9802.000000
6652.000000
9763.000000
6606.000000
9725.000000
6561.000000
9689.000000
6518.000000
9658.000000
6479.000000
9629.000000
11551155
6856.000000
9931.000000
6811.000000
9887.000000
6763.000000
9844.000000
6713.000000
9801.000000
6664.000000
9759.000000
6616.000000
9721.000000
6570.000000
9687.000000
6528.000000
9657.000000
11551155
6856.000000
9931.000000
6811.000000
9887.000000
6763.000000
9844.000000
6713.000000
9801.000000
6664.000000
9759.000000
6616.000000
9721.000000
6570.000000
9687.000000
6528.000000
9657.000000
11551155
6856.000000
9931.000000
6811.000000
9887.000000
6763.000000
9844.000000
6713.000000
9801.000000
6664.000000
9759.000000
6616.000000
9721.000000
6570.000000
9687.000000
6528.000000
9657.000000
11551155
6855.000000
9932.000000
6813.000000
9892.000000
6769.000000
9851.000000
6722.000000
9810.000000
6675.000000
9770.000000
6629.000000
9733.000000
6585.000000
9699.000000
6544.000000
9669.000000
11551155
6855.000000
9932.000000
6813.000000
9892.000000
6769.000000
9851.000000
6722.000000
9810.000000
6675.000000
9770.000000
6629.000000
9733.000000
6585.000000
9699.000000
6544.000000
9669.000000
11551155
6855.000000
9932.000000
6813.000000
9892.000000
6769.000000
9851.000000
6722.000000
9810.000000
6675.000000
9770.000000
6629.000000
9733.000000
6585.000000
9699.000000
6544.000000
9669.000000
11551155
6868.000000
9933.000000
6826.000000
9893.000000
6781.000000
9852.000000
6733.000000
9811.000000
6685.000000
9771.000000
6638.000000
9733.000000
6592.000000
9699.000000
6549.000000
9668.000000
11551155
6868.000000
9933.000000
6826.000000
9893.000000
6781.000000
9852.000000
6733.000000
9811.000000
6685.000000
9771.000000
6638.000000
9733.000000
6592.000000
9699.000000
6549.000000
9668.000000
11551155
6855.000000
9918.000000
6811.000000
9877.000000
6765.000000
9835.000000
6718.000000
9794.000000
6670.000000
9754.000000
6623.000000
9717.000000
6579.000000
9683.000000
6538.000000
9653.000000
11551155
6855.000000
9918.000000
6811.000000
9877.000000
6765.000000
9835.000000
6718.000000
9794.000000
6670.000000
9754.000000
6623.000000
9717.000000
6579.000000
9683.000000
6538.000000
9653.000000
11551155
6855.000000
9918.000000
6811.000000
9877.000000
6765.000000
9835.000000
6718.000000
9794.000000
6670.000000
9754.000000
6623.000000
9717.000000
6579.000000
9683.000000
6538.000000
9653.000000
11551155
6881.000000
9929.000000
6836.000000
9887.000000
6789.000000
9845.000000
6740.000000
9803.000000
6691.000000
9763.000000
6644.000000
9726.000000
6599.000000
9692.000000
6557.000000
9662.000000
11551155
6881.000000
9929.000000
6836.000000
9887.000000
6789.000000
9845.000000
6740.000000
9803.000000
6691.000000
9763.000000
6644.000000
9726.000000
6599.000000
9692.000000
6557.000000
9662.000000
11551155
6881.000000
9929.000000
6836.000000
9887.000000
6789.000000
9845.000000
6740.000000
9803.000000
6691.000000
9763.000000
6644.000000
9726.000000
6599.000000
9692.000000
6557.000000
9662.000000
11551155
6843.000000
9907.000000
6803.000000
9865.000000
6759.000000
9823.000000
6712.000000
9782.000000
6665.000000
9742.000000
6618.000000
9705.000000
6574.000000
9671.000000
6533.000000
9641.000000
11551155
6843.000000
9907.000000
6803.000000
9865.000000
6759.000000
9823.000000
6712.000000
9782.000000
6665.000000
9742.000000
6618.000000
9705.000000
6574.000000
9671.000000
6533.000000
9641.000000
11551155
6842.000000
9897.000000
6802.000000
9859.000000
6758.000000
9818.000000
6712.000000
9778.000000
6666.000000
9739.000000
6620.000000
9702.000000
6576.000000
9668.000000
6534.000000
9636.000000
11551155
6842.000000
9897.000000
6802.000000
9859.000000
6758.000000
9818.000000
6712.000000
9778.000000
6666.000000
9739.000000
6620.000000
9702.000000
6576.000000
9668.000000
6534.000000
9636.000000
11551155
6842.000000
9897.000000
6802.000000
9859.000000
6758.000000
9818.000000
6712.000000
9778.000000
6666.000000
9739.000000
6620.000000
9702.000000
6576.000000
9668.000000
6534.000000
9636.000000
11551155
6885.000000
9923.000000
6844.000000
9881.000000
6799.000000
9839.000000
6751.000000
9796.000000
6703.000000
9755.000000
6655.000000
9716.000000
6608.000000
9680.000000
6564.000000
9648.000000
11551155
6885.000000
9923.000000
6844.000000
9881.000000
6799.000000
9839.000000
6751.000000
9796.000000
6703.000000
9755.000000
6655.000000
9716.000000
6608.000000
9680.000000
6564.000000
9648.000000
11551155
6885.000000
9923.000000
6844.000000
9881.000000
6799.000000
9839.000000
6751.000000
9796.000000
6703.000000
9755.000000
6655.000000
9716.000000
6608.000000
9680.000000
6564.000000
9648.000000
11551155
6780.000000
9825.000000
6736.000000
9785.000000
6691.000000
9746.000000
6645.000000
9707.000000
6600.000000
9671.000000
6557.000000
9638.000000
6516.000000
9608.000000
6479.000000
9582.000000
11551155
6780.000000
9825.000000
6736.000000
9785.000000
6691.000000
9746.000000
6645.000000
9707.000000
6600.000000
9671.000000
6557.000000
9638.000000
6516.000000
9608.000000
6479.000000
9582.000000
11551155
6780.000000
9825.000000
6736.000000
9785.000000
6691.000000
9746.000000
6645.000000
9707.000000
6600.000000
9671.000000
6557.000000
9638.000000
6516.000000
9608.000000
6479.000000
9582.000000
11551155
6742.000000
9836.000000
6696.000000
9796.000000
6672.000000
9756.000000
6637.000000
9718.000000
6598.000000
9682.000000
6558.000000
9649.000000
6519.000000
9620.000000
6484.000000
9594.000000
11551155
6742.000000
9836.000000
6696.000000
9796.000000
6672.000000
9756.000000
6637.000000
9718.000000
6598.000000
9682.000000
6558.000000
9649.000000
6519.000000
9620.000000
6484.000000
9594.000000
11551155
6897.000000
9919.000000
6853.000000
9877.000000
6806.000000
9833.000000
6757.000000
9790.000000
6708.000000
9748.000000
6659.000000
9709.000000
6612.000000
9673.000000
6568.000000
9640.000000
11551155
6897.000000
9919.000000
6853.000000
9877.000000
6806.000000
9833.000000
6757.000000
9790.000000
6708.000000
9748.000000
6659.000000
9709.000000
6612.000000
9673.000000
6568.000000
9640.000000
11551155
6897.000000
9919.000000
6853.000000
9877.000000
6806.000000
9833.000000
6757.000000
9790.000000
6708.000000
9748.000000
6659.000000
9709.000000
6612.000000
9673.000000
6568.000000
9640.000000
11551155
6871.000000
9881.000000
6825.000000
9839.000000
6777.000000
9797.000000
6728.000000
9756.000000
6680.000000
9717.000000
6633.000000
9682.000000
6589.000000
9649.000000
6548.000000
9621.000000
11551155
6871.000000
9881.000000
6825.000000
9839.000000
6777.000000
9797.000000
6728.000000
9756.000000
6680.000000
9717.000000
6633.000000
9682.000000
6589.000000
9649.000000
6548.000000
9621.000000
11551155
6871.000000
9881.000000
6825.000000
9839.000000
6777.000000
9797.000000
6728.000000
9756.000000
6680.000000
9717.000000
6633.000000
9682.000000
6589.000000
9649.000000
6548.000000
9621.000000
11551155
6875.000000
9883.000000
6829.000000
9841.000000
6781.000000
9798.000000
6732.000000
9756.000000
6683.000000
9717.000000
6636.000000
9680.000000
6591.000000
9647.000000
6550.000000
9618.000000
11551155
6875.000000
9883.000000
6829.000000
9841.000000
6781.000000
