11551155
2736.000000
4407.000000
2723.000000
4388.000000
2707.000000
4367.000000
2688.000000
4343.000000
2667.000000
4318.000000
2644.000000
4292.000000
2620.000000
4266.000000
2596.000000
4241.000000
11551155
2736.000000
4407.000000
2723.000000
4388.000000
2707.000000
4367.000000
2688.000000
4343.000000
2667.000000
4318.000000
2644.000000
4292.000000
2620.000000
4266.000000
2596.000000
4241.000000
11551155
2695.000000
4355.000000
2679.000000
4334.000000
2661.000000
4310.000000
2640.000000
4286.000000
2618.000000
4261.000000
2595.000000
4236.000000
2571.000000
4212.000000
2548.000000
4190.000000
11551155
2695.000000
4355.000000
2679.000000
4334.000000
2661.000000
4310.000000
2640.000000
4286.000000
2618.000000
4261.000000
2595.000000
4236.000000
2571.000000
4212.000000
2548.000000
4190.000000
11551155
2695.000000
4355.000000
2679.000000
4334.000000
2661.000000
4310.000000
2640.000000
4286.000000
2618.000000
4261.000000
2595.000000
4236.000000
2571.000000
4212.000000
2548.000000
4190.000000
11551155
2709.000000
4366.000000
2694.000000
4346.000000
2677.000000
4323.000000
2657.000000
4299.000000
2636.000000
4274.000000
2613.000000
4248.000000
2590.000000
4223.000000
2567.000000
4200.000000
11551155
2709.000000
4366.000000
2694.000000
4346.000000
2677.000000
4323.000000
2657.000000
4299.000000
2636.000000
4274.000000
2613.000000
4248.000000
2590.000000
4223.000000
2567.000000
4200.000000
11551155
2709.000000
4366.000000
2694.000000
4346.000000
2677.000000
4323.000000
2657.000000
4299.000000
2636.000000
4274.000000
2613.000000
4248.000000
2590.000000
4223.000000
2567.000000
4200.000000
11551155
2714.000000
4364.000000
2699.000000
4343.000000
2681.000000
4319.000000
2660.000000
4294.000000
2638.000000
4269.000000
2615.000000
4243.000000
2591.000000
4218.000000
2567.000000
4195.000000
11551155
2714.000000
4364.000000
2699.000000
4343.000000
2681.000000
4319.000000
2660.000000
4294.000000
2638.000000
4269.000000
2615.000000
4243.000000
2591.000000
4218.000000
2567.000000
4195.000000
11551155
2714.000000
4364.000000
2699.000000
4343.000000
2681.000000
4319.000000
2660.000000
4294.000000
2638.000000
4269.000000
2615.000000
4243.000000
2591.000000
4218.000000
2567.000000
4195.000000
11551155
2733.000000
4380.000000
2722.000000
4363.000000
2708.000000
4343.000000
2691.000000
4321.000000
2671.000000
4296.000000
2649.000000
4271.000000
2626.000000
4245.000000
2602.000000
4219.000000
11551155
2733.000000
4380.000000
2722.000000
4363.000000
2708.000000
4343.000000
2691.000000
4321.000000
2671.000000
4296.000000
2649.000000
4271.000000
2626.000000
4245.000000
2602.000000
4219.000000
11551155
2733.000000
4380.000000
2722.000000
4363.000000
2708.000000
4343.000000
2691.000000
4321.000000
2671.000000
4296.000000
2649.000000
4271.000000
2626.000000
4245.000000
2602.000000
4219.000000
11551155
2712.000000
4343.000000
2696.000000
4322.000000
2678.000000
4300.000000
2657.000000
4276.000000
2635.000000
4251.000000
2612.000000
4226.000000
2588.000000
4202.000000
2564.000000
4179.000000
11551155
2712.000000
4343.000000
2696.000000
4322.000000
2678.000000
4300.000000
2657.000000
4276.000000
2635.000000
4251.000000
2612.000000
4226.000000
2588.000000
4202.000000
2564.000000
4179.000000
11551155
2698.000000
4323.000000
2681.000000
4300.000000
2661.000000
4276.000000
2639.000000
4250.000000
2616.000000
4225.000000
2593.000000
4199.000000
2569.000000
4175.000000
2546.000000
4153.000000
11551155
2698.000000
4323.000000
2681.000000
4300.000000
2661.000000
4276.000000
2639.000000
4250.000000
2616.000000
4225.000000
2593.000000
4199.000000
2569.000000
4175.000000
2546.000000
4153.000000
11551155
2698.000000
4323.000000
2681.000000
4300.000000
2661.000000
4276.000000
2639.000000
4250.000000
2616.000000
4225.000000
2593.000000
4199.000000
2569.000000
4175.000000
2546.000000
4153.000000
11551155
2679.000000
4295.000000
2660.000000
4271.000000
2639.000000
4246.000000
2616.000000
4220.000000
2592.000000
4194.000000
2568.000000
4170.000000
2545.000000
4147.000000
2523.000000
4126.000000
11551155
2679.000000
4295.000000
2660.000000
4271.000000
2639.000000
4246.000000
2616.000000
4220.000000
2592.000000
4194.000000
2568.000000
4170.000000
2545.000000
4147.000000
2523.000000
4126.000000
11551155
2679.000000
4295.000000
2660.000000
4271.000000
2639.000000
4246.000000
2616.000000
4220.000000
2592.000000
4194.000000
2568.000000
4170.000000
2545.000000
4147.000000
2523.000000
4126.000000
11551155
2701.000000
4317.000000
2686.000000
4296.000000
2668.000000
4274.000000
2648.000000
4249.000000
2626.000000
4224.000000
2602.000000
4198.000000
2578.000000
4174.000000
2554.000000
4150.000000
11551155
2701.000000
4317.000000
2686.000000
4296.000000
2668.000000
4274.000000
2648.000000
4249.000000
2626.000000
4224.000000
2602.000000
4198.000000
2578.000000
4174.000000
2554.000000
4150.000000
11551155
2676.000000
4286.000000
2659.000000
4264.000000
2639.000000
4240.000000
2618.000000
4216.000000
2595.000000
4191.000000
2571.000000
4166.000000
2547.000000
4142.000000
2524.000000
4120.000000
11551155
2676.000000
4286.000000
2659.000000
4264.000000
2639.000000
4240.000000
2618.000000
4216.000000
2595.000000
4191.000000
2571.000000
4166.000000
2547.000000
4142.000000
2524.000000
4120.000000
11551155
2676.000000
4286.000000
2659.000000
4264.000000
2639.000000
4240.000000
2618.000000
4216.000000
2595.000000
4191.000000
2571.000000
4166.000000
2547.000000
4142.000000
2524.000000
4120.000000
11551155
2649.000000
4244.000000
2629.000000
4220.000000
2607.000000
4195.000000
2583.000000
4169.000000
2559.000000
4143.000000
2534.000000
4119.000000
2510.000000
4095.000000
2487.000000
4074.000000
11551155
2649.000000
4244.000000
2629.000000
4220.000000
2607.000000
4195.000000
2583.000000
4169.000000
2559.000000
4143.000000
2534.000000
4119.000000
2510.000000
4095.000000
2487.000000
4074.000000
11551155
2649.000000
4244.000000
2629.000000
4220.000000
2607.000000
4195.000000
2583.000000
4169.000000
2559.000000
4143.000000
2534.000000
4119.000000
2510.000000
4095.000000
2487.000000
4074.000000
11551155
2625.000000
4215.000000
2606.000000
4190.000000
2584.000000
4165.000000
2560.000000
4139.000000
2536.000000
4114.000000
2511.000000
4089.000000
2487.000000
4067.000000
2465.000000
4047.000000
11551155
2625.000000
4215.000000
2606.000000
4190.000000
2584.000000
4165.000000
2560.000000
4139.000000
2536.000000
4114.000000
2511.000000
4089.000000
2487.000000
4067.000000
2465.000000
4047.000000
11551155
2612.000000
4195.000000
2592.000000
4171.000000
2570.000000
4146.000000
2547.000000
4121.000000
2523.000000
4096.000000
2499.000000
4072.000000
2476.000000
4050.000000
2454.000000
4030.000000
11551155
2612.000000
4195.000000
2592.000000
4171.000000
2570.000000
4146.000000
2547.000000
4121.000000
2523.000000
4096.000000
2499.000000
4072.000000
2476.000000
4050.000000
2454.000000
4030.000000
11551155
2612.000000
4195.000000
2592.000000
4171.000000
2570.000000
4146.000000
2547.000000
4121.000000
2523.000000
4096.000000
2499.000000
4072.000000
2476.000000
4050.000000
2454.000000
4030.000000
11551155
2610.000000
4189.000000
2590.000000
4164.000000
2568.000000
4138.000000
2544.000000
4112.000000
2520.000000
4086.000000
2495.000000
4061.000000
2471.000000
4038.000000
2449.000000
4017.000000
11551155
2610.000000
4189.000000
2590.000000
4164.000000
2568.000000
4138.000000
2544.000000
4112.000000
2520.000000
4086.000000
2495.000000
4061.000000
2471.000000
4038.000000
2449.000000
4017.000000
11551155
2610.000000
4189.000000
2590.000000
4164.000000
2568.000000
4138.000000
2544.000000
4112.000000
2520.000000
4086.000000
2495.000000
4061.000000
2471.000000
4038.000000
2449.000000
4017.000000
11551155
2605.000000
4174.000000
2584.000000
4150.000000
2561.000000
4124.000000
2537.000000
4097.000000
2512.000000
4072.000000
2487.000000
4047.000000
2462.000000
4024.000000
2439.000000
4004.000000
11551155
2605.000000
4174.000000
2584.000000
4150.000000
2561.000000
4124.000000
2537.000000
4097.000000
2512.000000
4072.000000
2487.000000
4047.000000
2462.000000
4024.000000
2439.000000
4004.000000
11551155
2619.000000
4190.000000
2601.000000
4167.000000
2581.000000
4143.000000
2559.000000
4118.000000
2535.000000
4092.000000
2486.000000
4067.000000
2462.000000
4043.000000
2450.000000
4021.000000
11551155
2619.000000
4190.000000
2601.000000
4167.000000
2581.000000
4143.000000
2559.000000
4118.000000
2535.000000
4092.000000
2486.000000
4067.000000
2462.000000
4043.000000
2450.000000
4021.000000
11551155
2619.000000
4190.000000
2601.000000
4167.000000
2581.000000
4143.000000
2559.000000
4118.000000
2535.000000
4092.000000
2486.000000
4067.000000
2462.000000
4043.000000
2450.000000
4021.000000
11551155
2613.000000
4177.000000
2594.000000
4153.000000
2573.000000
4127.000000
2550.000000
4101.000000
2525.000000
4075.000000
2500.000000
4050.000000
2475.000000
4026.000000
2452.000000
4004.000000
11551155
2613.000000
4177.000000
2594.000000
4153.000000
2573.000000
4127.000000
2550.000000
4101.000000
2525.000000
4075.000000
2500.000000
4050.000000
2475.000000
4026.000000
2452.000000
4004.000000
11551155
2613.000000
4177.000000
2594.000000
4153.000000
2573.000000
4127.000000
2550.000000
4101.000000
2525.000000
4075.000000
2500.000000
4050.000000
2475.000000
4026.000000
2452.000000
4004.000000
11551155
2595.000000
4147.000000
2573.000000
4121.000000
2550.000000
4095.000000
2525.000000
4068.000000
2500.000000
4042.000000
2475.000000
4017.000000
2450.000000
3995.000000
2427.000000
3974.000000
11551155
2595.000000
4147.000000
2573.000000
4121.000000
2550.000000
4095.000000
2525.000000
4068.000000
2500.000000
4042.000000
2475.000000
4017.000000
2450.000000
3995.000000
2427.000000
3974.000000
11551155
2595.000000
4147.000000
2573.000000
4121.000000
2550.000000
4095.000000
2525.000000
4068.000000
2500.000000
4042.000000
2475.000000
4017.000000
2450.000000
3995.000000
2427.000000
3974.000000
11551155
2600.000000
4148.000000
2580.000000
4123.000000
2558.000000
4097.000000
2534.000000
4070.000000
2509.000000
4044.000000
2484.000000
4019.000000
2460.000000
3995.000000
2437.000000
3974.000000
11551155
2600.000000
4148.000000
2580.000000
4123.000000
2558.000000
4097.000000
2534.000000
4070.000000
2509.000000
4044.000000
2484.000000
4019.000000
2460.000000
3995.000000
2437.000000
3974.000000
11551155
2606.000000
4157.000000
2587.000000
4134.000000
2566.000000
4109.000000
2543.000000
4083.000000
2519.000000
4057.000000
2494.000000
4031.000000
2470.000000
4007.000000
2446.000000
3985.000000
11551155
2606.000000
4157.000000
2587.000000
4134.000000
2566.000000
4109.000000
2543.000000
4083.000000
2519.000000
4057.000000
2494.000000
4031.000000
2470.000000
4007.000000
2446.000000
3985.000000
11551155
2606.000000
4157.000000
2587.000000
4134.000000
2566.000000
4109.000000
2543.000000
4083.000000
2519.000000
4057.000000
2494.000000
4031.000000
2470.000000
4007.000000
2446.000000
3985.000000
11551155
2616.000000
4164.000000
2599.000000
4142.000000
2579.000000
4117.000000
2557.000000
4091.000000
2533.000000
4064.000000
2508.000000
4038.000000
2483.000000
4013.000000
2458.000000
3990.000000
11551155
2616.000000
4164.000000
2599.000000
4142.000000
2579.000000
4117.000000
2557.000000
4091.000000
2533.000000
4064.000000
2508.000000
4038.000000
2483.000000
4013.000000
2458.000000
3990.000000
11551155
2616.000000
4164.000000
2599.000000
4142.000000
2579.000000
4117.000000
2557.000000
4091.000000
2533.000000
4064.000000
2508.000000
4038.000000
2483.000000
4013.000000
2458.000000
3990.000000
11551155
2600.000000
4137.000000
2580.000000
4112.000000
2557.000000
4086.000000
2533.000000
4059.000000
2508.000000
4033.000000
2483.000000
4008.000000
2458.000000
3985.000000
2435.000000
3964.000000
11551155
2600.000000
4137.000000
2580.000000
4112.000000
2557.000000
4086.000000
2533.000000
4059.000000
2508.000000
4033.000000
2483.000000
4008.000000
2458.000000
3985.000000
2435.000000
3964.000000
11551155
2580.000000
4112.000000
2561.000000
4087.000000
2539.000000
4062.000000
2515.000000
4036.000000
2491.000000
4011.000000
2467.000000
3988.000000
2444.000000
3966.000000
2422.000000
3947.000000
11551155
2580.000000
4112.000000
2561.000000
4087.000000
2539.000000
4062.000000
2515.000000
4036.000000
2491.000000
4011.000000
2467.000000
3988.000000
2444.000000
3966.000000
2422.000000
3947.000000
11551155
2580.000000
4112.000000
2561.000000
4087.000000
2539.000000
4062.000000
2515.000000
4036.000000
2491.000000
4011.000000
2467.000000
3988.000000
2444.000000
3966.000000
2422.000000
3947.000000
11551155
2600.000000
4135.000000
2581.000000
4111.000000
2559.000000
4086.000000
2535.000000
4060.000000
2510.000000
4034.000000
2485.000000
4009.000000
2460.000000
3985.000000
2436.000000
3964.000000
11551155
2600.000000
4135.000000
2581.000000
4111.000000
2559.000000
4086.000000
2535.000000
4060.000000
2510.000000
4034.000000
2485.000000
4009.000000
2460.000000
3985.000000
2436.000000
3964.000000
11551155
2600.000000
4135.000000
2581.000000
4111.000000
2559.000000
4086.000000
2535.000000
4060.000000
2510.000000
4034.000000
2485.000000
4009.000000
2460.000000
3985.000000
2436.000000
3964.000000
11551155
2584.000000
4112.000000
2563.000000
4086.000000
2539.000000
4060.000000
2514.000000
4033.000000
2489.000000
4007.000000
2464.000000
3983.000000
2440.000000
3960.000000
2417.000000
3939.000000
11551155
2584.000000
4112.000000
2563.000000
4086.000000
2539.000000
4060.000000
2514.000000
4033.000000
2489.000000
4007.000000
2464.000000
3983.000000
2440.000000
3960.000000
2417.000000
3939.000000
11551155
2575.000000
4103.000000
2554.000000
4078.000000
2531.000000
4052.000000
2507.000000
4026.000000
2482.000000
4001.000000
2458.000000
3977.000000
2435.000000
3955.000000
2413.000000
3935.000000
11551155
2575.000000
4103.000000
2554.000000
4078.000000
2531.000000
4052.000000
2507.000000
4026.000000
2482.000000
4001.000000
2458.000000
3977.000000
2435.000000
3955.000000
2413.000000
3935.000000
11551155
2575.000000
4103.000000
2554.000000
4078.000000
2531.000000
4052.000000
2507.000000
4026.000000
2482.000000
4001.000000
2458.000000
3977.000000
2435.000000
3955.000000
2413.000000
3935.000000
11551155
2597.000000
4125.000000
2578.000000
4101.000000
2556.000000
4075.000000
2532.000000
4049.000000
2507.000000
4023.000000
2482.000000
3997.000000
2433.000000
3973.000000
2410.000000
3951.000000
11551155
2597.000000
4125.000000
2578.000000
4101.000000
2556.000000
4075.000000
2532.000000
4049.000000
2507.000000
4023.000000
2482.000000
3997.000000
2433.000000
3973.000000
2410.000000
3951.000000
11551155
2597.000000
4125.000000
2578.000000
4101.000000
2556.000000
4075.000000
2532.000000
4049.000000
2507.000000
4023.000000
2482.000000
3997.000000
2433.000000
3973.000000
2410.000000
3951.000000
11551155
2603.000000
4130.000000
2585.000000
4108.000000
2564.000000
4083.000000
2541.000000
4058.000000
2516.000000
4031.000000
2491.000000
4006.000000
2466.000000
3981.000000
2441.000000
3958.000000
11551155
2603.000000
4130.000000
2585.000000
4108.000000
2564.000000
4083.000000
2541.000000
4058.000000
2516.000000
4031.000000
2491.000000
4006.000000
2466.000000
3981.000000
2441.000000
3958.000000
11551155
2588.000000
4109.000000
2568.000000
4085.000000
2546.000000
4059.000000
2522.000000
4034.000000
2497.000000
4009.000000
2473.000000
3985.000000
2449.000000
3962.000000
2426.000000
3942.000000
11551155
2588.000000
4109.000000
2568.000000
4085.000000
2546.000000
4059.000000
2522.000000
4034.000000
2497.000000
4009.000000
2473.000000
3985.000000
2449.000000
3962.000000
2426.000000
3942.000000
11551155
2588.000000
4109.000000
2568.000000
4085.000000
2546.000000
4059.000000
2522.000000
4034.000000
2497.000000
4009.000000
2473.000000
3985.000000
2449.000000
3962.000000
2426.000000
3942.000000
11551155
2606.000000
4122.000000
2587.000000
4098.000000
2565.000000
4073.000000
2541.000000
4047.000000
2516.000000
4021.000000
2491.000000
3996.000000
2466.000000
3973.000000
2442.000000
3952.000000
11551155
2606.000000
4122.000000
2587.000000
4098.000000
2565.000000
4073.000000
2541.000000
4047.000000
2516.000000
4021.000000
2491.000000
3996.000000
2466.000000
3973.000000
2442.000000
3952.000000
11551155
2606.000000
4122.000000
2587.000000
4098.000000
2565.000000
4073.000000
2541.000000
4047.000000
2516.000000
4021.000000
2491.000000
3996.000000
2466.000000
3973.000000
2442.000000
3952.000000
11551155
2623.000000
4147.000000
2606.000000
4125.000000
2586.000000
4101.000000
2564.000000
4076.000000
2540.000000
4050.000000
2515.000000
4023.000000
2490.000000
3998.000000
2466.000000
3974.000000
11551155
2623.000000
4147.000000
2606.000000
4125.000000
2586.000000
4101.000000
2564.000000
4076.000000
2540.000000
4050.000000
2515.000000
4023.000000
2490.000000
3998.000000
2466.000000
3974.000000
11551155
2606.000000
4122.000000
2587.000000
4099.000000
2566.000000
4074.000000
2543.000000
4049.000000
2519.000000
4023.000000
2495.000000
3998.000000
2471.000000
3975.000000
2447.000000
3953.000000
11551155
2606.000000
4122.000000
2587.000000
4099.000000
2566.000000
4074.000000
2543.000000
4049.000000
2519.000000
4023.000000
2495.000000
3998.000000
2471.000000
3975.000000
2447.000000
3953.000000
11551155
2606.000000
4122.000000
2587.000000
4099.000000
2566.000000
4074.000000
2543.000000
4049.000000
2519.000000
4023.000000
2495.000000
3998.000000
2471.000000
3975.000000
2447.000000
3953.000000
11551155
2547.000000
4055.000000
2524.000000
4030.000000
2499.000000
4004.000000
2474.000000
3979.000000
2449.000000
3956.000000
2425.000000
3934.000000
2402.000000
3914.000000
2381.000000
3897.000000
11551155
2547.000000
4055.000000
2524.000000
4030.000000
2499.000000
4004.000000
2474.000000
3979.000000
2449.000000
3956.000000
2425.000000
3934.000000
2402.000000
3914.000000
2381.000000
3897.000000
11551155
2547.000000
4055.000000
2524.000000
4030.000000
2499.000000
4004.000000
2474.000000
3979.000000
2449.000000
3956.000000
2425.000000
3934.000000
2402.000000
3914.000000
2381.000000
3897.000000
11551155
2539.000000
4049.000000
2517.000000
4024.000000
2493.000000
3998.000000
2468.000000
3973.000000
2443.000000
3949.000000
2419.000000
3927.000000
2397.000000
3907.000000
2376.000000
3888.000000
11551155
2539.000000
4049.000000
2517.000000
4024.000000
2493.000000
3998.000000
2468.000000
3973.000000
2443.000000
3949.000000
2419.000000
3927.000000
2397.000000
3907.000000
2376.000000
3888.000000
11551155
2525.000000
4031.000000
2502.000000
4005.000000
2477.000000
3979.000000
2452.000000
3954.000000
2427.000000
3930.000000
2404.000000
3908.000000
2382.000000
3888.000000
2362.000000
3870.000000
11551155
2525.000000
4031.000000
2502.000000
4005.000000
2477.000000
3979.000000
2452.000000
3954.000000
2427.000000
3930.000000
2404.000000
3908.000000
2382.000000
3888.000000
2362.000000
3870.000000
11551155
2525.000000
4031.000000
2502.000000
4005.000000
2477.000000
3979.000000
2452.000000
3954.000000
2427.000000
3930.000000
2404.000000
3908.000000
2382.000000
3888.000000
2362.000000
3870.000000
11551155
2522.000000
4023.000000
2499.000000
3998.000000
2475.000000
3972.000000
2450.000000
3947.000000
2425.000000
3923.000000
2402.000000
3902.000000
2380.000000
3883.000000
2360.000000
3866.000000
11551155
2522.000000
4023.000000
2499.000000
3998.000000
2475.000000
3972.000000
2450.000000
3947.000000
2425.000000
3923.000000
2402.000000
3902.000000
2380.000000
3883.000000
2360.000000
3866.000000
11551155
2551.000000
4057.000000
2530.000000
4032.000000
2508.000000
4007.000000
2484.000000
3982.000000
2460.000000
3957.000000
2436.000000
3933.000000
2412.000000
3911.000000
2390.000000
3892.000000
11551155
2551.000000
4057.000000
2530.000000
4032.000000
2508.000000
4007.000000
2484.000000
3982.000000
2460.000000
3957.000000
2436.000000
3933.000000
2412.000000
3911.000000
2390.000000
3892.000000
11551155
2551.000000
4057.000000
2530.000000
4032.000000
2508.000000
4007.000000
2484.000000
3982.000000
2460.000000
3957.000000
2436.000000
3933.000000
2412.000000
3911.000000
2390.000000
3892.000000
11551155
2558.000000
4050.000000
2536.000000
4024.000000
2512.000000
3998.000000
2487.000000
3972.000000
2462.000000
3947.000000
2437.000000
3924.000000
2413.000000
3902.000000
2391.000000
3883.000000
11551155
2558.000000
4050.000000
2536.000000
4024.000000
2512.000000
3998.000000
2487.000000
3972.000000
2462.000000
3947.000000
2437.000000
3924.000000
2413.000000
3902.000000
2391.000000
3883.000000
11551155
2568.000000
4058.000000
2527.000000
4033.000000
2502.000000
4007.000000
2489.000000
3982.000000
2469.000000
3956.000000
2447.000000
3933.000000
2424.000000
3911.000000
2402.000000
3891.000000
11551155
2568.000000
4058.000000
2527.000000
4033.000000
2502.000000
4007.000000
2489.000000
3982.000000
2469.000000
3956.000000
2447.000000
3933.000000
2424.000000
3911.000000
2402.000000
3891.000000
11551155
2568.000000
4058.000000
2527.000000
4033.000000
2502.000000
4007.000000
2489.000000
3982.000000
2469.000000
3956.000000
2447.000000
3933.000000
2424.000000
3911.000000
2402.000000
3891.000000
11551155
2584.000000
4074.000000
2565.000000
4051.000000
2543.000000
4027.000000
2520.000000
4002.000000
2495.000000
3977.000000
2470.000000
3952.000000
2446.000000
3930.000000
2423.000000
3909.000000
11551155
2584.000000
4074.000000
2565.000000
4051.000000
2543.000000
4027.000000
2520.000000
4002.000000
2495.000000
3977.000000
2470.000000
3952.000000
2446.000000
3930.000000
2423.000000
3909.000000
11551155
2584.000000
4074.000000
2565.000000
4051.000000
2543.000000
4027.000000
2520.000000
4002.000000
2495.000000
3977.000000
2470.000000
3952.000000
2446.000000
3930.000000
2423.000000
3909.000000
11551155
2593.000000
4073.000000
2573.000000
4048.000000
2550.000000
4023.000000
2526.000000
3997.000000
2501.000000
3971.000000
2476.000000
3946.000000
2451.000000
3923.000000
2428.000000
3902.000000
11551155
2593.000000
4073.000000
2573.000000
4048.000000
2550.000000
4023.000000
2526.000000
3997.000000
2501.000000
3971.000000
2476.000000
3946.000000
2451.000000
3923.000000
2428.000000
3902.000000
11551155
2576.000000
4075.000000
2565.000000
4051.000000
2547.000000
4025.000000
2525.000000
3999.000000
2501.000000
3973.000000
2476.000000
3948.000000
2452.000000
3925.000000
2428.000000
3904.000000
11551155
2576.000000
4075.000000
2565.000000
4051.000000
2547.000000
4025.000000
2525.000000
3999.000000
2501.000000
3973.000000
2476.000000
3948.000000
2452.000000
3925.000000
2428.000000
3904.000000
11551155
2576.000000
4075.000000
2565.000000
4051.000000
2547.000000
4025.000000
2525.000000
3999.000000
2501.000000
3973.000000
2476.000000
3948.000000
2452.000000
3925.000000
2428.000000
3904.000000
11551155
2613.000000
4095.000000
2595.000000
4073.000000
2575.000000
4050.000000
2553.000000
4024.000000
2529.000000
3999.000000
2504.000000
3973.000000
2478.000000
3949.000000
2453.000000
3926.000000
11551155
2613.000000
4095.000000
2595.000000
4073.000000
2575.000000
4050.000000
2553.000000
4024.000000
2529.000000
3999.000000
2504.000000
3973.000000
2478.000000
3949.000000
2453.000000
3926.000000
11551155
2613.000000
4095.000000
2595.000000
4073.000000
2575.000000
4050.000000
2553.000000
4024.000000
2529.000000
3999.000000
2504.000000
3973.000000
2478.000000
3949.000000
2453.000000
3926.000000
11551155
2605.000000
4088.000000
2587.000000
4066.000000
2566.000000
4042.000000
2543.000000
4017.000000
2519.000000
3992.000000
2494.000000
3968.000000
2469.000000
3944.000000
2445.000000
3922.000000
11551155
2605.000000
4088.000000
2587.000000
4066.000000
2566.000000
4042.000000
2543.000000
4017.000000
2519.000000
3992.000000
2494.000000
3968.000000
2469.000000
3944.000000
2445.000000
3922.000000
11551155
2615.000000
4094.000000
2597.000000
4071.000000
2576.000000
4046.000000
2553.000000
4021.000000
2528.000000
3995.000000
2503.000000
3969.000000
2478.000000
3945.000000
2453.000000
3923.000000
11551155
2615.000000
4094.000000
2597.000000
4071.000000
2576.000000
4046.000000
2553.000000
4021.000000
2528.000000
3995.000000
2503.000000
3969.000000
2478.000000
3945.000000
2453.000000
3923.000000
11551155
2615.000000
4094.000000
2597.000000
4071.000000
2576.000000
4046.000000
2553.000000
4021.000000
2528.000000
3995.000000
2503.000000
3969.000000
2478.000000
3945.000000
2453.000000
3923.000000
11551155
2628.000000
4109.000000
2611.000000
4088.000000
2591.000000
4064.000000
2569.000000
4039.000000
2523.000000
4014.000000
2497.000000
3988.000000
2484.000000
3963.000000
2465.000000
3939.000000
11551155
2628.000000
4109.000000
2611.000000
4088.000000
2591.000000
4064.000000
2569.000000
4039.000000
2523.000000
4014.000000
2497.000000
3988.000000
2484.000000
3963.000000
2465.000000
3939.000000
11551155
2628.000000
4109.000000
2611.000000
4088.000000
2591.000000
4064.000000
2569.000000
4039.000000
2523.000000
4014.000000
2497.000000
3988.000000
2484.000000
3963.000000
2465.000000
3939.000000
11551155
2633.000000
4115.000000
2618.000000
4095.000000
2600.000000
4072.000000
2579.000000
4048.000000
2556.000000
4023.000000
2532.000000
3998.000000
2507.000000
3973.000000
2483.000000
3950.000000
11551155
2633.000000
4115.000000
2618.000000
4095.000000
2600.000000
4072.000000
2579.000000
4048.000000
2556.000000
4023.000000
2532.000000
3998.000000
2507.000000
3973.000000
2483.000000
3950.000000
11551155
2633.000000
4115.000000
2618.000000
4095.000000
2600.000000
4072.000000
2579.000000
4048.000000
2556.000000
4023.000000
2532.000000
3998.000000
2507.000000
3973.000000
2483.000000
3950.000000
11551155
2638.000000
4112.000000
2621.000000
4091.000000
2601.000000
4067.000000
2579.000000
4042.000000
2555.000000
4017.000000
2530.000000
3991.000000
2505.000000
3966.000000
2480.000000
3943.000000
11551155
2638.000000
4112.000000
2621.000000
4091.000000
2601.000000
4067.000000
2579.000000
4042.000000
2555.000000
4017.000000
2530.000000
3991.000000
2505.000000
3966.000000
2480.000000
3943.000000
11551155
2621.000000
4088.000000
2602.000000
4065.000000
2580.000000
4040.000000
2556.000000
4014.000000
2531.000000
3989.000000
2506.000000
3964.000000
2481.000000
3940.000000
2457.000000
3919.000000
11551155
2621.000000
4088.000000
2602.000000
4065.000000
2580.000000
4040.000000
2556.000000
4014.000000
2531.000000
3989.000000
2506.000000
3964.000000
2481.000000
3940.000000
2457.000000
3919.000000
11551155
2621.000000
4088.000000
2602.000000
4065.000000
2580.000000
4040.000000
2556.000000
4014.000000
2531.000000
3989.000000
2506.000000
3964.000000
2481.000000
3940.000000
2457.000000
3919.000000
11551155
2645.000000
4117.000000
2630.000000
4096.000000
2612.000000
4074.000000
2591.000000
4049.000000
2546.000000
4024.000000
2520.000000
3999.000000
2507.000000
3974.000000
2488.000000
3950.000000
11551155
2645.000000
4117.000000
2630.000000
4096.000000
2612.000000
4074.000000
2591.000000
4049.000000
2546.000000
4024.000000
2520.000000
3999.000000
2507.000000
3974.000000
2488.000000
3950.000000
11551155
2645.000000
4117.000000
2630.000000
4096.000000
2612.000000
4074.000000
2591.000000
4049.000000
2546.000000
4024.000000
2520.000000
3999.000000
2507.000000
3974.000000
2488.000000
3950.000000
11551155
2644.000000
4109.000000
2627.000000
4088.000000
2608.000000
4064.000000
2586.000000
4039.000000
2563.000000
4014.000000
2539.000000
3988.000000
2514.000000
3963.000000
2489.000000
3939.000000
11551155
2644.000000
4109.000000
2627.000000
4088.000000
2608.000000
4064.000000
2586.000000
4039.000000
2563.000000
4014.000000
2539.000000
3988.000000
2514.000000
3963.000000
2489.000000
3939.000000
11551155
2644.000000
4109.000000
2627.000000
4088.000000
2608.000000
4064.000000
2586.000000
4039.000000
2563.000000
4014.000000
2539.000000
3988.000000
2514.000000
3963.000000
2489.000000
3939.000000
11551155
2625.000000
4084.000000
2607.000000
4061.000000
2586.000000
4036.000000
2563.000000
4011.000000
2539.000000
3985.000000
2514.000000
3960.000000
2489.000000
3935.000000
2464.000000
3912.000000
11551155
2625.000000
4084.000000
2607.000000
4061.000000
2586.000000
4036.000000
2563.000000
4011.000000
2539.000000
3985.000000
2514.000000
3960.000000
2489.000000
3935.000000
2464.000000
3912.000000
11551155
2590.000000
4042.000000
2568.000000
4018.000000
2544.000000
3992.000000
2519.000000
3967.000000
2494.000000
3942.000000
2469.000000
3918.000000
2445.000000
3896.000000
2422.000000
3876.000000
11551155
2590.000000
4042.000000
2568.000000
4018.000000
2544.000000
3992.000000
2519.000000
3967.000000
2494.000000
3942.000000
2469.000000
3918.000000
2445.000000
3896.000000
2422.000000
3876.000000
11551155
2590.000000
4042.000000
2568.000000
4018.000000
2544.000000
3992.000000
2519.000000
3967.000000
2494.000000
3942.000000
2469.000000
3918.000000
2445.000000
3896.000000
2422.000000
3876.000000
11551155
2609.000000
4064.000000
2592.000000
4042.000000
2572.000000
4018.000000
2550.000000
3993.000000
2526.000000
3967.000000
2502.000000
3941.000000
2477.000000
3916.000000
2428.000000
3892.000000
11551155
2609.000000
4064.000000
2592.000000
4042.000000
2572.000000
4018.000000
2550.000000
3993.000000
2526.000000
3967.000000
2502.000000
3941.000000
2477.000000
3916.000000
2428.000000
3892.000000
11551155
2609.000000
4064.000000
2592.000000
4042.000000
2572.000000
4018.000000
2550.000000
3993.000000
2526.000000
3967.000000
2502.000000
3941.000000
2477.000000
3916.000000
2428.000000
3892.000000
11551155
2582.000000
4028.000000
2562.000000
4004.000000
2539.000000
3979.000000
2514.000000
3953.000000
2489.000000
3927.000000
2463.000000
3902.000000
2438.000000
3879.000000
2414.000000
3857.000000
11551155
2582.000000
4028.000000
2562.000000
4004.000000
2539.000000
3979.000000
2514.000000
3953.000000
2489.000000
3927.000000
2463.000000
3902.000000
2438.000000
3879.000000
2414.000000
3857.000000
11551155
2582.000000
4028.000000
2562.000000
4004.000000
2539.000000
3979.000000
2514.000000
3953.000000
2489.000000
3927.000000
2463.000000
3902.000000
2438.000000
3879.000000
2414.000000
3857.000000
11551155
2584.000000
4031.000000
2564.000000
4007.000000
2542.000000
3982.000000
2518.000000
3956.000000
2493.000000
3930.000000
2467.000000
3905.000000
2442.000000
3881.000000
2418.000000
3859.000000
11551155
2584.000000
4031.000000
2564.000000
4007.000000
2542.000000
3982.000000
2518.000000
3956.000000
2493.000000
3930.000000
2467.000000
3905.000000
2442.000000
3881.000000
2418.000000
3859.000000
11551155
2568.000000
4012.000000
2546.000000
3988.000000
2523.000000
3962.000000
2498.000000
3937.000000
2473.000000
3911.000000
2448.000000
3888.000000
2424.000000
3865.000000
2401.000000
3845.000000
11551155
2568.000000
4012.000000
2546.000000
3988.000000
2523.000000
3962.000000
2498.000000
3937.000000
2473.000000
3911.000000
2448.000000
3888.000000
2424.000000
3865.000000
2401.000000
3845.000000
11551155
2568.000000
4012.000000
2546.000000
3988.000000
2523.000000
3962.000000
2498.000000
3937.000000
2473.000000
3911.000000
2448.000000
3888.000000
2424.000000
3865.000000
2401.000000
3845.000000
11551155
2593.000000
4041.000000
2575.0000

