11551155
9195.000000
11913.000000
9171.000000
11885.000000
9138.000000
11848.000000
9094.000000
11802.000000
9039.000000
11747.000000
8973.000000
11686.000000
8896.000000
11617.000000
8811.000000
11545.000000
11551155
9298.000000
12012.000000
9283.000000
11991.000000
9259.000000
11962.000000
9225.000000
11924.000000
9181.000000
11878.000000
9125.000000
11823.000000
9058.000000
11760.000000
8980.000000
11690.000000
11551155
9298.000000
12012.000000
9283.000000
11991.000000
9259.000000
11962.000000
9225.000000
11924.000000
9181.000000
11878.000000
9125.000000
11823.000000
9058.000000
11760.000000
8980.000000
11690.000000
11551155
9298.000000
12012.000000
9283.000000
11991.000000
9259.000000
11962.000000
9225.000000
11924.000000
9181.000000
11878.000000
9125.000000
11823.000000
9058.000000
11760.000000
8980.000000
11690.000000
11551155
9299.000000
12025.000000
9280.000000
12001.000000
9253.000000
11969.000000
9216.000000
11927.000000
9167.000000
11877.000000
9108.000000
11819.000000
9037.000000
11754.000000
8956.000000
11684.000000
11551155
9299.000000
12025.000000
9280.000000
12001.000000
9253.000000
11969.000000
9216.000000
11927.000000
9167.000000
11877.000000
9108.000000
11819.000000
9037.000000
11754.000000
8956.000000
11684.000000
11551155
9298.000000
12012.000000
9267.000000
11978.000000
9225.000000
11935.000000
9173.000000
11885.000000
9111.000000
11828.000000
9039.000000
11764.000000
8959.000000
11697.000000
8872.000000
11628.000000
11551155
9298.000000
12012.000000
9267.000000
11978.000000
9225.000000
11935.000000
9173.000000
11885.000000
9111.000000
11828.000000
9039.000000
11764.000000
8959.000000
11697.000000
8872.000000
11628.000000
11551155
9298.000000
12012.000000
9267.000000
11978.000000
9225.000000
11935.000000
9173.000000
11885.000000
9111.000000
11828.000000
9039.000000
11764.000000
8959.000000
11697.000000
8872.000000
11628.000000
11551155
9390.000000
12107.000000
9356.000000
12077.000000
9334.000000
12038.000000
9294.000000
11991.000000
9241.000000
11935.000000
9175.000000
11872.000000
9098.000000
11804.000000
9012.000000
11731.000000
11551155
9390.000000
12107.000000
9356.000000
12077.000000
9334.000000
12038.000000
9294.000000
11991.000000
9241.000000
11935.000000
9175.000000
11872.000000
9098.000000
11804.000000
9012.000000
11731.000000
11551155
9390.000000
12107.000000
9356.000000
12077.000000
9334.000000
12038.000000
9294.000000
11991.000000
9241.000000
11935.000000
9175.000000
11872.000000
9098.000000
11804.000000
9012.000000
11731.000000
11551155
9397.000000
12103.000000
9371.000000
12071.000000
9335.000000
12031.000000
9288.000000
11981.000000
9229.000000
11923.000000
9159.000000
11858.000000
9078.000000
11787.000000
8988.000000
11712.000000
11551155
9397.000000
12103.000000
9371.000000
12071.000000
9335.000000
12031.000000
9288.000000
11981.000000
9229.000000
11923.000000
9159.000000
11858.000000
9078.000000
11787.000000
8988.000000
11712.000000
11551155
9424.000000
12126.000000
9397.000000
12094.000000
9360.000000
12053.000000
9311.000000
12003.000000
9251.000000
11945.000000
9179.000000
11880.000000
9097.000000
11809.000000
9006.000000
11735.000000
11551155
9424.000000
12126.000000
9397.000000
12094.000000
9360.000000
12053.000000
9311.000000
12003.000000
9251.000000
11945.000000
9179.000000
11880.000000
9097.000000
11809.000000
9006.000000
11735.000000
11551155
9424.000000
12126.000000
9397.000000
12094.000000
9360.000000
12053.000000
9311.000000
12003.000000
9251.000000
11945.000000
9179.000000
11880.000000
9097.000000
11809.000000
9006.000000
11735.000000
11551155
9392.000000
12098.000000
9355.000000
12057.000000
9307.000000
12008.000000
9247.000000
11950.000000
9175.000000
11885.000000
9092.000000
11813.000000
9001.000000
11738.000000
8903.000000
11661.000000
11551155
9392.000000
12098.000000
9355.000000
12057.000000
9307.000000
12008.000000
9247.000000
11950.000000
9175.000000
11885.000000
9092.000000
11813.000000
9001.000000
11738.000000
8903.000000
11661.000000
11551155
9411.000000
12119.000000
9383.000000
12087.000000
9345.000000
12045.000000
9296.000000
11995.000000
9234.000000
11936.000000
9161.000000
11869.000000
9077.000000
11797.000000
8984.000000
11720.000000
11551155
9411.000000
12119.000000
9383.000000
12087.000000
9345.000000
12045.000000
9296.000000
11995.000000
9234.000000
11936.000000
9161.000000
11869.000000
9077.000000
11797.000000
8984.000000
11720.000000
11551155
9411.000000
12119.000000
9383.000000
12087.000000
9345.000000
12045.000000
9296.000000
11995.000000
9234.000000
11936.000000
9161.000000
11869.000000
9077.000000
11797.000000
8984.000000
11720.000000
11551155
9399.000000
12105.000000
9370.000000
12071.000000
9330.000000
12028.000000
9278.000000
11975.000000
9214.000000
11914.000000
9137.000000
11845.000000
9050.000000
11770.000000
8954.000000
11692.000000
11551155
9399.000000
12105.000000
9370.000000
12071.000000
9330.000000
12028.000000
9278.000000
11975.000000
9214.000000
11914.000000
9137.000000
11845.000000
9050.000000
11770.000000
8954.000000
11692.000000
11551155
9399.000000
12105.000000
9370.000000
12071.000000
9330.000000
12028.000000
9278.000000
11975.000000
9214.000000
11914.000000
9137.000000
11845.000000
9050.000000
11770.000000
8954.000000
11692.000000
11551155
9360.000000
12061.000000
9315.000000
12014.000000
9258.000000
11958.000000
9189.000000
11894.000000
9108.000000
11823.000000
9018.000000
11747.000000
8919.000000
11669.000000
8816.000000
11591.000000
11551155
9360.000000
12061.000000
9315.000000
12014.000000
9258.000000
11958.000000
9189.000000
11894.000000
9108.000000
11823.000000
9018.000000
11747.000000
8919.000000
11669.000000
8816.000000
11591.000000
11551155
9411.000000
12120.000000
9382.000000
12086.000000
9342.000000
12043.000000
9290.000000
11990.000000
9225.000000
11929.000000
9073.000000
11860.000000
8974.000000
11785.000000
8921.000000
11706.000000
11551155
9411.000000
12120.000000
9382.000000
12086.000000
9342.000000
12043.000000
9290.000000
11990.000000
9225.000000
11929.000000
9073.000000
11860.000000
8974.000000
11785.000000
8921.000000
11706.000000
11551155
9411.000000
12120.000000
9382.000000
12086.000000
9342.000000
12043.000000
9290.000000
11990.000000
9225.000000
11929.000000
9073.000000
11860.000000
8974.000000
11785.000000
8921.000000
11706.000000
11551155
9414.000000
12118.000000
9380.000000
12079.000000
9334.000000
12031.000000
9276.000000
11973.000000
9205.000000
11906.000000
9122.000000
11832.000000
9028.000000
11752.000000
8926.000000
11670.000000
11551155
9414.000000
12118.000000
9380.000000
12079.000000
9334.000000
12031.000000
9276.000000
11973.000000
9205.000000
11906.000000
9122.000000
11832.000000
9028.000000
11752.000000
8926.000000
11670.000000
11551155
9435.000000
12137.000000
9401.000000
12099.000000
9356.000000
12053.000000
9299.000000
11996.000000
9229.000000
11931.000000
9148.000000
11859.000000
9056.000000
11782.000000
8956.000000
11702.000000
11551155
9435.000000
12137.000000
9401.000000
12099.000000
9356.000000
12053.000000
9299.000000
11996.000000
9229.000000
11931.000000
9148.000000
11859.000000
9056.000000
11782.000000
8956.000000
11702.000000
11551155
9435.000000
12137.000000
9401.000000
12099.000000
9356.000000
12053.000000
9299.000000
11996.000000
9229.000000
11931.000000
9148.000000
11859.000000
9056.000000
11782.000000
8956.000000
11702.000000
11551155
9445.000000
12146.000000
9412.000000
12108.000000
9367.000000
12061.000000
9311.000000
12004.000000
9242.000000
11939.000000
9161.000000
11867.000000
9070.000000
11790.000000
8971.000000
11710.000000
11551155
9445.000000
12146.000000
9412.000000
12108.000000
9367.000000
12061.000000
9311.000000
12004.000000
9242.000000
11939.000000
9161.000000
11867.000000
9070.000000
11790.000000
8971.000000
11710.000000
11551155
9445.000000
12146.000000
9412.000000
12108.000000
9367.000000
12061.000000
9311.000000
12004.000000
9242.000000
11939.000000
9161.000000
11867.000000
9070.000000
11790.000000
8971.000000
11710.000000
11551155
9473.000000
12179.000000
9451.000000
12151.000000
9419.000000
12115.000000
9376.000000
12069.000000
9320.000000
12013.000000
9251.000000
11948.000000
9170.000000
11876.000000
9078.000000
11799.000000
11551155
9473.000000
12179.000000
9451.000000
12151.000000
9419.000000
12115.000000
9376.000000
12069.000000
9320.000000
12013.000000
9251.000000
11948.000000
9170.000000
11876.000000
9078.000000
11799.000000
11551155
9503.000000
12199.000000
9475.000000
12166.000000
9436.000000
12123.000000
9385.000000
12071.000000
9321.000000
12009.000000
9244.000000
11939.000000
9155.000000
11862.000000
9057.000000
11781.000000
11551155
9503.000000
12199.000000
9475.000000
12166.000000
9436.000000
12123.000000
9385.000000
12071.000000
9321.000000
12009.000000
9244.000000
11939.000000
9155.000000
11862.000000
9057.000000
11781.000000
11551155
9503.000000
12199.000000
9475.000000
12166.000000
9436.000000
12123.000000
9385.000000
12071.000000
9321.000000
12009.000000
9244.000000
11939.000000
9155.000000
11862.000000
9057.000000
11781.000000
11551155
9461.000000
12146.000000
9414.000000
12098.000000
9355.000000
12039.000000
9283.000000
11972.000000
9199.000000
11898.000000
9104.000000
11819.000000
9001.000000
11737.000000
8893.000000
11654.000000
11551155
9461.000000
12146.000000
9414.000000
12098.000000
9355.000000
12039.000000
9283.000000
11972.000000
9199.000000
11898.000000
9104.000000
11819.000000
9001.000000
11737.000000
8893.000000
11654.000000
11551155
9461.000000
12146.000000
9414.000000
12098.000000
9355.000000
12039.000000
9283.000000
11972.000000
9199.000000
11898.000000
9104.000000
11819.000000
9001.000000
11737.000000
8893.000000
11654.000000
11551155
9469.000000
12185.000000
9447.000000
12148.000000
9408.000000
12101.000000
9354.000000
12045.000000
9286.000000
11979.000000
9205.000000
11906.000000
9112.000000
11827.000000
9010.000000
11745.000000
11551155
9469.000000
12185.000000
9447.000000
12148.000000
9408.000000
12101.000000
9354.000000
12045.000000
9286.000000
11979.000000
9205.000000
11906.000000
9112.000000
11827.000000
9010.000000
11745.000000
11551155
9522.000000
12221.000000
9503.000000
12196.000000
9475.000000
12163.000000
9436.000000
12121.000000
9384.000000
12069.000000
9320.000000
12008.000000
9244.000000
11939.000000
9156.000000
11863.000000
11551155
9522.000000
12221.000000
9503.000000
12196.000000
9475.000000
12163.000000
9436.000000
12121.000000
9384.000000
12069.000000
9320.000000
12008.000000
9244.000000
11939.000000
9156.000000
11863.000000
11551155
9522.000000
12221.000000
9503.000000
12196.000000
9475.000000
12163.000000
9436.000000
12121.000000
9384.000000
12069.000000
9320.000000
12008.000000
9244.000000
11939.000000
9156.000000
11863.000000
11551155
9540.000000
12224.000000
9518.000000
12198.000000
9487.000000
12163.000000
9444.000000
12118.000000
9389.000000
12064.000000
9322.000000
12001.000000
9243.000000
11932.000000
9153.000000
11856.000000
11551155
9540.000000
12224.000000
9518.000000
12198.000000
9487.000000
12163.000000
9444.000000
12118.000000
9389.000000
12064.000000
9322.000000
12001.000000
9243.000000
11932.000000
9153.000000
11856.000000
11551155
9540.000000
12224.000000
9518.000000
12198.000000
9487.000000
12163.000000
9444.000000
12118.000000
9389.000000
12064.000000
9322.000000
12001.000000
9243.000000
11932.000000
9153.000000
11856.000000
11551155
9530.000000
12200.000000
9493.000000
12160.000000
9444.000000
12110.000000
9383.000000
12051.000000
9309.000000
11984.000000
9224.000000
11910.000000
9129.000000
11832.000000
9026.000000
11751.000000
11551155
9530.000000
12200.000000
9493.000000
12160.000000
9444.000000
12110.000000
9383.000000
12051.000000
9309.000000
11984.000000
9224.000000
11910.000000
9129.000000
11832.000000
9026.000000
11751.000000
11551155
9580.000000
12254.000000
9559.000000
12227.000000
9528.000000
12191.000000
9485.000000
12146.000000
9430.000000
12093.000000
9362.000000
12031.000000
9283.000000
11961.000000
9193.000000
11886.000000
11551155
9580.000000
12254.000000
9559.000000
12227.000000
9528.000000
12191.000000
9485.000000
12146.000000
9430.000000
12093.000000
9362.000000
12031.000000
9283.000000
11961.000000
9193.000000
11886.000000
11551155
9580.000000
12254.000000
9559.000000
12227.000000
9528.000000
12191.000000
9485.000000
12146.000000
9430.000000
12093.000000
9362.000000
12031.000000
9283.000000
11961.000000
9193.000000
11886.000000
11551155
9654.000000
12319.000000
9647.000000
12307.000000
9633.000000
12288.000000
9611.000000
12262.000000
9580.000000
12227.000000
9538.000000
12184.000000
9485.000000
12131.000000
9419.000000
12071.000000
11551155
9654.000000
12319.000000
9647.000000
12307.000000
9633.000000
12288.000000
9611.000000
12262.000000
9580.000000
12227.000000
9538.000000
12184.000000
9485.000000
12131.000000
9419.000000
12071.000000
11551155
9654.000000
12319.000000
9647.000000
12307.000000
9633.000000
12288.000000
9611.000000
12262.000000
9580.000000
12227.000000
9538.000000
12184.000000
9485.000000
12131.000000
9419.000000
12071.000000
11551155
9686.000000
12337.000000
9671.000000
12317.000000
9648.000000
12289.000000
9616.000000
12253.000000
9572.000000
12207.000000
9517.000000
12153.000000
9449.000000
12091.000000
9370.000000
12022.000000
11551155
9686.000000
12337.000000
9671.000000
12317.000000
9648.000000
12289.000000
9616.000000
12253.000000
9572.000000
12207.000000
9517.000000
12153.000000
9449.000000
12091.000000
9370.000000
12022.000000
11551155
9675.000000
12309.000000
9649.000000
12279.000000
9613.000000
12240.000000
9565.000000
12192.000000
9506.000000
12136.000000
9435.000000
12072.000000
9354.000000
12003.000000
9264.000000
11929.000000
11551155
9675.000000
12309.000000
9649.000000
12279.000000
9613.000000
12240.000000
9565.000000
12192.000000
9506.000000
12136.000000
9435.000000
12072.000000
9354.000000
12003.000000
9264.000000
11929.000000
11551155
9675.000000
12309.000000
9649.000000
12279.000000
9613.000000
12240.000000
9565.000000
12192.000000
9506.000000
12136.000000
9435.000000
12072.000000
9354.000000
12003.000000
9264.000000
11929.000000
11551155
9742.000000
12366.000000
9726.000000
12345.000000
9701.000000
12316.000000
9667.000000
12279.000000
9622.000000
12234.000000
9565.000000
12180.000000
9497.000000
12118.000000
9419.000000
12051.000000
11551155
9742.000000
12366.000000
9726.000000
12345.000000
9701.000000
12316.000000
9667.000000
12279.000000
9622.000000
12234.000000
9565.000000
12180.000000
9497.000000
12118.000000
9419.000000
12051.000000
11551155
9742.000000
12366.000000
9726.000000
12345.000000
9701.000000
12316.000000
9667.000000
12279.000000
9622.000000
12234.000000
9565.000000
12180.000000
9497.000000
12118.000000
9419.000000
12051.000000
11551155
9788.000000
12410.000000
9779.000000
12396.000000
9764.000000
12375.000000
9740.000000
12346.000000
9706.000000
12309.000000
9661.000000
12263.000000
9548.000000
12209.000000
9468.000000
12147.000000
11551155
9788.000000
12410.000000
9779.000000
12396.000000
9764.000000
12375.000000
9740.000000
12346.000000
9706.000000
12309.000000
9661.000000
12263.000000
9548.000000
12209.000000
9468.000000
12147.000000
11551155
9779.000000
12399.000000
9768.000000
12384.000000
9750.000000
12361.000000
9723.000000
12330.000000
9686.000000
12291.000000
9638.000000
12243.000000
9578.000000
12186.000000
9507.000000
12121.000000
11551155
9779.000000
12399.000000
9768.000000
12384.000000
9750.000000
12361.000000
9723.000000
12330.000000
9686.000000
12291.000000
9638.000000
12243.000000
9578.000000
12186.000000
9507.000000
12121.000000
11551155
9779.000000
12399.000000
9768.000000
12384.000000
9750.000000
12361.000000
9723.000000
12330.000000
9686.000000
12291.000000
9638.000000
12243.000000
9578.000000
12186.000000
9507.000000
12121.000000
11551155
9756.000000
12369.000000
9738.000000
12346.000000
9711.000000
12315.000000
9674.000000
12276.000000
9626.000000
12228.000000
9567.000000
12172.000000
9496.000000
12110.000000
9416.000000
12042.000000
11551155
9756.000000
12369.000000
9738.000000
12346.000000
9711.000000
12315.000000
9674.000000
12276.000000
9626.000000
12228.000000
9567.000000
12172.000000
9496.000000
12110.000000
9416.000000
12042.000000
11551155
9756.000000
12369.000000
9738.000000
12346.000000
9711.000000
12315.000000
9674.000000
12276.000000
9626.000000
12228.000000
9567.000000
12172.000000
9496.000000
12110.000000
9416.000000
12042.000000
11551155
9785.000000
12376.000000
9758.000000
12344.000000
9720.000000
12304.000000
9671.000000
12255.000000
9611.000000
12198.000000
9539.000000
12135.000000
9457.000000
12067.000000
9367.000000
11995.000000
11551155
9785.000000
12376.000000
9758.000000
12344.000000
9720.000000
12304.000000
9671.000000
12255.000000
9611.000000
12198.000000
9539.000000
12135.000000
9457.000000
12067.000000
9367.000000
11995.000000
11551155
9819.000000
12414.000000
9802.000000
12390.000000
9776.000000
12358.000000
9739.000000
12318.000000
9691.000000
12270.000000
9632.000000
12213.000000
9561.000000
12150.000000
9480.000000
12082.000000
11551155
9819.000000
12414.000000
9802.000000
12390.000000
9776.000000
12358.000000
9739.000000
12318.000000
9691.000000
12270.000000
9632.000000
12213.000000
9561.000000
12150.000000
9480.000000
12082.000000
11551155
9819.000000
12414.000000
9802.000000
12390.000000
9776.000000
12358.000000
9739.000000
12318.000000
9691.000000
12270.000000
9632.000000
12213.000000
9561.000000
12150.000000
9480.000000
12082.000000
11551155
9860.000000
12458.000000
9858.000000
12452.000000
9852.000000
12441.000000
9841.000000
12425.000000
9823.000000
12402.000000
9796.000000
12372.000000
9760.000000
12334.000000
9713.000000
12287.000000
11551155
9860.000000
12458.000000
9858.000000
12452.000000
9852.000000
12441.000000
9841.000000
12425.000000
9823.000000
12402.000000
9796.000000
12372.000000
9760.000000
12334.000000
9713.000000
12287.000000
11551155
9860.000000
12458.000000
9858.000000
12452.000000
9852.000000
12441.000000
9841.000000
12425.000000
9823.000000
12402.000000
9796.000000
12372.000000
9760.000000
12334.000000
9713.000000
12287.000000
11551155
9878.000000
12454.000000
9870.000000
12441.000000
9856.000000
12423.000000
9834.000000
12397.000000
9803.000000
12363.000000
9761.000000
12321.000000
9709.000000
12272.000000
9646.000000
12215.000000
11551155
9878.000000
12454.000000
9870.000000
12441.000000
9856.000000
12423.000000
9834.000000
12397.000000
9803.000000
12363.000000
9761.000000
12321.000000
9709.000000
12272.000000
9646.000000
12215.000000
11551155
9858.000000
12414.000000
9831.000000
12384.000000
9794.000000
12344.000000
9746.000000
12297.000000
9687.000000
12243.000000
9617.000000
12182.000000
9538.000000
12116.000000
9451.000000
12047.000000
11551155
9858.000000
12414.000000
9831.000000
12384.000000
9794.000000
12344.000000
9746.000000
12297.000000
9687.000000
12243.000000
9617.000000
12182.000000
9538.000000
12116.000000
9451.000000
12047.000000
11551155
9858.000000
12414.000000
9831.000000
12384.000000
9794.000000
12344.000000
9746.000000
12297.000000
9687.000000
12243.000000
9617.000000
12182.000000
9538.000000
12116.000000
9451.000000
12047.000000
11551155
9848.000000
12399.000000
9819.000000
12367.000000
9780.000000
12327.000000
9730.000000
12279.000000
9669.000000
12223.000000
9597.000000
12160.000000
9516.000000
12093.000000
9427.000000
12023.000000
11551155
9848.000000
12399.000000
9819.000000
12367.000000
9780.000000
12327.000000
9730.000000
12279.000000
9669.000000
12223.000000
9597.000000
12160.000000
9516.000000
12093.000000
9427.000000
12023.000000
11551155
9848.000000
12399.000000
9819.000000
12367.000000
9780.000000
12327.000000
9730.000000
12279.000000
9669.000000
12223.000000
9597.000000
12160.000000
9516.000000
12093.000000
9427.000000
12023.000000
11551155
9878.000000
12433.000000
9866.000000
12416.000000
9846.000000
12391.000000
9817.000000
12359.000000
9778.000000
12318.000000
9728.000000
12270.000000
9667.000000
12213.000000
9595.000000
12151.000000
11551155
9878.000000
12433.000000
9866.000000
12416.000000
9846.000000
12391.000000
9817.000000
12359.000000
9778.000000
12318.000000
9728.000000
12270.000000
9667.000000
12213.000000
9595.000000
12151.000000
11551155
9890.000000
12434.000000
9866.000000
12406.000000
9832.000000
12370.000000
9787.000000
12324.000000
9730.000000
12270.000000
9662.000000
12208.000000
9582.000000
12140.000000
9492.000000
12066.000000
11551155
9890.000000
12434.000000
9866.000000
12406.000000
9832.000000
12370.000000
9787.000000
12324.000000
9730.000000
12270.000000
9662.000000
12208.000000
9582.000000
12140.000000
9492.000000
12066.000000
11551155
9890.000000
12434.000000
9866.000000
12406.000000
9832.000000
12370.000000
9787.000000
12324.000000
9730.000000
12270.000000
9662.000000
12208.000000
9582.000000
12140.000000
9492.000000
12066.000000
11551155
9803.000000
12340.000000
9753.000000
12290.000000
9691.000000
12232.000000
9616.000000
12165.000000
9530.000000
12093.000000
9434.000000
12015.000000
9331.000000
11936.000000
9224.000000
11858.000000
11551155
9803.000000
12340.000000
9753.000000
12290.000000
9691.000000
12232.000000
9616.000000
12165.000000
9530.000000
12093.000000
9434.000000
12015.000000
9331.000000
11936.000000
9224.000000
11858.000000
11551155
9803.000000
12340.000000
9753.000000
12290.000000
9691.000000
12232.000000
9616.000000
12165.000000
9530.000000
12093.000000
9434.000000
12015.000000
9331.000000
11936.000000
9224.000000
11858.000000
11551155
9806.000000
12351.000000
9767.000000
12310.000000
9716.000000
12260.000000
9653.000000
12201.000000
9578.000000
12134.000000
9492.000000
12061.000000
9397.000000
11985.000000
9295.000000
11907.000000
11551155
9806.000000
12351.000000
9767.000000
12310.000000
9716.000000
12260.000000
9653.000000
12201.000000
9578.000000
12134.000000
9492.000000
12061.000000
9397.000000
11985.000000
9295.000000
11907.000000
11551155
9867.000000
12403.000000
9840.000000
12372.000000
9802.000000
12331.000000
9753.000000
12282.000000
9691.000000
12223.000000
9616.000000
12157.000000
9530.000000
12084.000000
9434.000000
12006.000000
11551155
9867.000000
12403.000000
9840.000000
12372.000000
9802.000000
12331.000000
9753.000000
12282.000000
9691.000000
12223.000000
9616.000000
12157.000000
9530.000000
12084.000000
9434.000000
12006.000000
11551155
9867.000000
12403.000000
9840.000000
12372.000000
9802.000000
12331.000000
9753.000000
12282.000000
9691.000000
12223.000000
9616.000000
12157.000000
9530.000000
12084.000000
9434.000000
12006.000000
11551155
9867.000000
12408.000000
9841.000000
12378.000000
9804.000000
12338.000000
9755.000000
12289.000000
9694.000000
12230.000000
9620.000000
12163.000000
9534.000000
12090.000000
9438.000000
12012.000000
11551155
9867.000000
12408.000000
9841.000000
12378.000000
9804.000000
12338.000000
9755.000000
12289.000000
9694.000000
12230.000000
9620.000000
12163.000000
9534.000000
12090.000000
9438.000000
12012.000000
11551155
9867.000000
12408.000000
9841.000000
12378.000000
9804.000000
12338.000000
9755.000000
12289.000000
9694.000000
12230.000000
9620.000000
12163.000000
9534.000000
12090.000000
9438.000000
12012.000000
11551155
9836.000000
12383.000000
9806.000000
12348.000000
9764.000000
12304.000000
9711.000000
12251.000000
9645.000000
12189.000000
9568.000000
12120.000000
9480.000000
12046.000000
9383.000000
11969.000000
11551155
9836.000000
12383.000000
9806.000000
12348.000000
9764.000000
12304.000000
9711.000000
12251.000000
9645.000000
12189.000000
9568.000000
12120.000000
9480.000000
12046.000000
9383.000000
11969.000000
11551155
9874.000000
12398.000000
9839.000000
12360.000000
9793.000000
12312.000000
9735.000000
12256.000000
9665.000000
12192.000000
9583.000000
12121.000000
9491.000000
12046.000000
9392.000000
11969.000000
11551155
9874.000000
12398.000000
9839.000000
12360.000000
9793.000000
12312.000000
9735.000000
12256.000000
9665.000000
12192.000000
9583.000000
12121.000000
9491.000000
12046.000000
9392.000000
11969.000000
11551155
9874.000000
12398.000000
9839.000000
12360.000000
9793.000000
12312.000000
9735.000000
12256.000000
9665.000000
12192.000000
9583.000000
12121.000000
9491.000000
12046.000000
9392.000000
11969.000000
11551155
9939.000000
12464.000000
9915.000000
12436.000000
9881.000000
12398.000000
9835.000000
12351.000000
9777.000000
12295.000000
9707.000000
12231.000000
9624.000000
12160.000000
9531.000000
12083.000000
11551155
9939.000000
12464.000000
9915.000000
12436.000000
9881.000000
12398.000000
9835.000000
12351.000000
9777.000000
12295.000000
9707.000000
12231.000000
9624.000000
12160.000000
9531.000000
12083.000000
11551155
9939.000000
12464.000000
9915.000000
12436.000000
9881.000000
12398.000000
9835.000000
12351.000000
9777.000000
12295.000000
9707.000000
12231.000000
9624.000000
12160.000000
9531.000000
12083.000000
11551155
9949.000000
12476.000000
9932.000000
12453.000000
9905.000000
12423.000000
9868.000000
12383.000000
9819.000000
12334.000000
9758.000000
12277.000000
9684.000000
12211.000000
9599.000000
12139.000000
11551155
9949.000000
12476.000000
9932.000000
12453.000000
9905.000000
12423.000000
9868.000000
12383.000000
9819.000000
12334.000000
9758.000000
12277.000000
9684.000000
12211.000000
9599.000000
12139.000000
11551155
9910.000000
12424.000000
9874.000000
12385.000000
9826.000000
12337.000000
9765.000000
12280.000000
9692.000000
12216.000000
9608.000000
12145.000000
9515.000000
12070.000000
9415.000000
11993.000000
11551155
9910.000000
12424.000000
9874.000000
12385.000000
9826.000000
12337.000000
9765.000000
12280.000000
9692.000000
12216.000000
9608.000000
12145.000000
9515.000000
12070.000000
9415.000000
11993.000000
11551155
9910.000000
12424.000000
9874.000000
12385.000000
9826.000000
12337.000000
9765.000000
12280.000000
9692.000000
12216.000000
9608.000000
12145.000000
9515.000000
12070.000000
9415.000000
11993.000000
11551155
9922.000000
12438.000000
9884.000000
12393.000000
9831.000000
12338.000000
9764.000000
12274.000000
9684.000000
12203.000000
9592.000000
12126.000000
9491.000000
12046.000000
9384.000000
11965.000000
11551155
9922.000000
12438.000000
9884.000000
12393.000000
9831.000000
12338.000000
9764.000000
12274.000000
9684.000000
12203.000000
9592.000000
12126.000000
9491.000000
12046.000000
9384.000000
11965.000000
11551155
9922.000000
12448.000000
9896.000000
12418.000000
9859.000000
12378.000000
9810.000000
12329.000000
9749.000000
12271.000000
9676.000000
12206.000000
9591.000000
12133.000000
9497.000000
12057.000000
11551155
9922.000000
12448.000000
9896.000000
12418.000000
9859.000000
12378.000000
9810.000000
12329.000000
9749.000000
12271.000000
9676.000000
12206.000000
9591.000000
12133.000000
9497.000000
12057.000000
11551155
9922.000000
12448.000000
9896.000000
12418.000000
9859.000000
12378.000000
9810.000000
12329.000000
9749.000000
12271.000000
9676.000000
12206.000000
9591.000000
12133.000000
9497.000000
12057.000000
11551155
9883.000000
12391.000000
9838.000000
12345.000000
9781.000000
12290.000000
9711.000000
12226.000000
9629.000000
12156.000000
9537.000000
12081.000000
9437.000000
12003.000000
9333.000000
11926.000000
11551155
9883.000000
12391.000000
9838.000000
12345.000000
9781.000000
12290.000000
9711.000000
12226.000000
9629.000000
12156.000000
9537.000000
12081.000000
9437.000000
12003.000000
9333.000000
11926.000000
11551155
9883.000000
12391.000000
9838.000000
12345.000000
9781.000000
12290.000000
9711.000000
12226.000000
9629.000000
12156.000000
9537.000000
12081.000000
9437.000000
12003.000000
9333.000000
11926.000000
11551155
9889.000000
12394.000000
9837.000000
12342.000000
9772.000000
12281.000000
9695.000000
12211.000000
9606.000000
12135.000000
9507.000000
12055.000000
9401.000000
11973.000000
9291.000000
11892.000000
11551155
9889.000000
12394.000000
9837.000000
12342.000000
9772.000000
12281.000000
9695.000000
12211.000000
9606.000000
12135.000000
9507.000000
12055.000000
9401.000000
11973.000000
9291.000000
11892.000000
11551155
9949.000000
12470.000000
9927.000000
12443.000000
9895.000000
12407.000000
9852.000000
12361.000000
9796.000000
12305.000000
9727.000000
12241.000000
9645.000000
12169.000000
9552.000000
12091.000000
11551155
9949.000000
12470.000000
9927.000000
12443.000000
9895.000000
12407.000000
9852.000000
12361.000000
9796.000000
12305.000000
9727.000000
12241.000000
9645.000000
12169.000000
9552.000000
12091.000000
11551155
9949.000000
12470.000000
9927.000000
12443.000000
9895.000000
12407.000000
9852.000000
12361.000000
9796.000000
12305.000000
9727.000000
12241.000000
9645.000000
12169.000000
9552.000000
12091.000000
11551155
9904.000000
12422.000000
9877.000000
12391.000000
9839.000000
12350.000000
9789.000000
12300.000000
9727.000000
12240.000000
9652.000000
12173.000000
9565.000000
12099.000000
9468.000000
12021.000000
11551155
9904.000000
12422.000000
9877.000000
12391.000000
9839.000000
12350.000000
9789.000000
12300.000000
9727.000000
12240.000000
9652.000000
12173.000000
9565.000000
12099.000000
9468.000000
12021.000000
11551155
9885.000000
12388.000000
9841.000000
12344.000000
9785.000000
12289.000000
9715.000000
12225.000000
9633.000000
12153.000000
9539.000000
12075.000000
9436.000000
11993.000000
9327.000000
11910.000000
11551155
9885.000000
12388.000000
9841.000000
12344.000000
9785.000000
12289.000000
9715.000000
12225.000000
9633.000000
12153.000000
9539.000000
12075.000000
9436.000000
11993.000000
9327.000000
11910.000000
11551155
9885.000000
12388.000000
9841.000000
12344.000000
9785.000000
12289.000000
9715.000000
12225.000000
9633.000000
12153.000000
9539.000000
12075.000000
9436.000000
11993.000000
9327.000000
11910.000000
11551155
9839.000000
12343.000000
9787.000000
12290.000000
9721.000000
12228.000000
9642.000000
12157.000000
9552.000000
12079.000000
9451.000000
11998.000000
9343.000000
11914.000000
9231.000000
11832.000000
11551155
9839.000000
12343.000000
9787.000000
12290.000000
9721.000000
12228.000000
9642.000000
12157.000000
9552.000000
12079.000000
9451.000000
11998.000000
9343.000000
11914.000000
9231.000000
11832.000000
11551155
9839.000000
12343.000000
9787.000000
12290.000000
9721.000000
12228.000000
9642.000000
12157.000000
9552.000000
12079.000000
9451.000000
11998.000000
9343.000000
11914.000000
9231.000000
11832.000000
11551155
9904.000000
12410.000000
9870.000000
12373.000000
9825.000000
12325.000000
9767.000000
12268.000000
9695.000000
12202.000000
9611.000000
12129.000000
9516.000000
12050.000000
9412.000000
11967.000000
11551155
9904.000000
12410.000000
9870.000000
12373.000000
9825.000000
12325.000000
9767.000000
12268.000000
9695.000000
12202.000000
9611.000000
12129.000000
9516.000000
12050.000000
9412.000000
11967.000000
11551155
9901.000000
12396.000000
9852.000000
12347.000000
9790.000000
12288.000000
9714.000000
12219.000000
9626.000000
12143.000000
9526.000000
12062.000000
9417.000000
11977.000000
9303.000000
11893.000000
11551155
9901.000000
12396.000000
9852.000000
12347.000000
9790.000000
12288.000000
9714.000000
12219.000000
9626.000000
12143.000000
9526.000000
12062.000000
9417.000000
11977.000000
9303.000000
11893.000000
11551155
9901.000000
12396.000000
9852.000000
12347.000000
9790.000000
12288.000000
9714.000000
12219.000000
9626.000000
12143.000000
9526.000000
12062.000000
9417.000000
11977.000000
9303.000000
11893.000000
11551155
9857.000000
12364.000000
9802.000000
12309.000000
9733.000000
12245.000000
9651.000000
12172.000000
9556.000000
12092.000000
9451.000000
12008.000000
9339.000000
11921.000000
9223.000000
11836.000000
11551155
9857.000000
12364.000000
9802.000000
12309.000000
9733.000000
