11551155
7949.000000
10879.000000
7897.000000
10827.000000
7840.000000
10774.000000
7779.000000
10720.000000
7716.000000
10667.000000
7653.000000
10615.000000
7591.000000
10567.000000
7532.000000
10523.000000
11551155
7949.000000
10879.000000
7897.000000
10827.000000
7840.000000
10774.000000
7779.000000
10720.000000
7716.000000
10667.000000
7653.000000
10615.000000
7591.000000
10567.000000
7532.000000
10523.000000
11551155
7949.000000
10879.000000
7897.000000
10827.000000
7840.000000
10774.000000
7779.000000
10720.000000
7716.000000
10667.000000
7653.000000
10615.000000
7591.000000
10567.000000
7532.000000
10523.000000
11551155
8104.000000
11014.000000
8064.000000
10971.000000
8017.000000
10923.000000
7965.000000
10873.000000
7908.000000
10820.000000
7787.000000
10767.000000
7723.000000
10714.000000
7691.000000
10664.000000
11551155
8104.000000
11014.000000
8064.000000
10971.000000
8017.000000
10923.000000
7965.000000
10873.000000
7908.000000
10820.000000
7787.000000
10767.000000
7723.000000
10714.000000
7691.000000
10664.000000
11551155
8197.000000
11095.000000
8162.000000
11056.000000
8120.000000
11012.000000
8072.000000
10963.000000
8018.000000
10910.000000
7960.000000
10856.000000
7898.000000
10802.000000
7835.000000
10748.000000
11551155
8197.000000
11095.000000
8162.000000
11056.000000
8120.000000
11012.000000
8072.000000
10963.000000
8018.000000
10910.000000
7960.000000
10856.000000
7898.000000
10802.000000
7835.000000
10748.000000
11551155
8197.000000
11095.000000
8162.000000
11056.000000
8120.000000
11012.000000
8072.000000
10963.000000
8018.000000
10910.000000
7960.000000
10856.000000
7898.000000
10802.000000
7835.000000
10748.000000
11551155
8178.000000
11054.000000
8135.000000
11010.000000
8086.000000
10961.000000
8032.000000
10911.000000
7974.000000
10859.000000
7914.000000
10807.000000
7853.000000
10757.000000
7793.000000
10710.000000
11551155
8178.000000
11054.000000
8135.000000
11010.000000
8086.000000
10961.000000
8032.000000
10911.000000
7974.000000
10859.000000
7914.000000
10807.000000
7853.000000
10757.000000
7793.000000
10710.000000
11551155
8178.000000
11054.000000
8135.000000
11010.000000
8086.000000
10961.000000
8032.000000
10911.000000
7974.000000
10859.000000
7914.000000
10807.000000
7853.000000
10757.000000
7793.000000
10710.000000
11551155
8217.000000
11079.000000
8172.000000
11034.000000
8121.000000
10986.000000
8067.000000
10937.000000
8010.000000
10888.000000
7953.000000
10840.000000
7896.000000
10794.000000
7841.000000
10752.000000
11551155
8217.000000
11079.000000
8172.000000
11034.000000
8121.000000
10986.000000
8067.000000
10937.000000
8010.000000
10888.000000
7953.000000
10840.000000
7896.000000
10794.000000
7841.000000
10752.000000
11551155
8333.000000
11169.000000
8296.000000
11129.000000
8252.000000
11085.000000
8202.000000
11037.000000
8148.000000
10987.000000
8090.000000
10936.000000
8030.000000
10886.000000
7969.000000
10837.000000
11551155
8333.000000
11169.000000
8296.000000
11129.000000
8252.000000
11085.000000
8202.000000
11037.000000
8148.000000
10987.000000
8090.000000
10936.000000
8030.000000
10886.000000
7969.000000
10837.000000
11551155
8333.000000
11169.000000
8296.000000
11129.000000
8252.000000
11085.000000
8202.000000
11037.000000
8148.000000
10987.000000
8090.000000
10936.000000
8030.000000
10886.000000
7969.000000
10837.000000
11551155
8328.000000
11152.000000
8287.000000
11110.000000
8240.000000
11064.000000
8188.000000
11017.000000
8133.000000
10968.000000
8076.000000
10920.000000
8019.000000
10873.000000
7963.000000
10829.000000
11551155
8328.000000
11152.000000
8287.000000
11110.000000
8240.000000
11064.000000
8188.000000
11017.000000
8133.000000
10968.000000
8076.000000
10920.000000
8019.000000
10873.000000
7963.000000
10829.000000
11551155
8392.000000
11198.000000
8351.000000
11157.000000
8304.000000
11112.000000
8252.000000
11064.000000
8197.000000
11015.000000
8139.000000
10966.000000
8080.000000
10919.000000
8022.000000
10873.000000
11551155
8392.000000
11198.000000
8351.000000
11157.000000
8304.000000
11112.000000
8252.000000
11064.000000
8197.000000
11015.000000
8139.000000
10966.000000
8080.000000
10919.000000
8022.000000
10873.000000
11551155
8392.000000
11198.000000
8351.000000
11157.000000
8304.000000
11112.000000
8252.000000
11064.000000
8197.000000
11015.000000
8139.000000
10966.000000
8080.000000
10919.000000
8022.000000
10873.000000
11551155
8427.000000
11242.000000
8406.000000
11204.000000
8371.000000
11160.000000
8327.000000
11113.000000
8276.000000
11064.000000
8220.000000
11013.000000
8160.000000
10962.000000
8099.000000
10912.000000
11551155
8427.000000
11242.000000
8406.000000
11204.000000
8371.000000
11160.000000
8327.000000
11113.000000
8276.000000
11064.000000
8220.000000
11013.000000
8160.000000
10962.000000
8099.000000
10912.000000
11551155
8427.000000
11242.000000
8406.000000
11204.000000
8371.000000
11160.000000
8327.000000
11113.000000
8276.000000
11064.000000
8220.000000
11013.000000
8160.000000
10962.000000
8099.000000
10912.000000
11551155
8488.000000
11259.000000
8453.000000
11222.000000
8411.000000
11180.000000
8364.000000
11135.000000
8312.000000
11087.000000
8256.000000
11039.000000
8199.000000
10991.000000
8141.000000
10944.000000
11551155
8488.000000
11259.000000
8453.000000
11222.000000
8411.000000
11180.000000
8364.000000
11135.000000
8312.000000
11087.000000
8256.000000
11039.000000
8199.000000
10991.000000
8141.000000
10944.000000
11551155
8499.000000
11250.000000
8458.000000
11207.000000
8410.000000
11161.000000
8357.000000
11112.000000
8300.000000
11061.000000
8239.000000
11011.000000
8178.000000
10962.000000
8116.000000
10915.000000
11551155
8499.000000
11250.000000
8458.000000
11207.000000
8410.000000
11161.000000
8357.000000
11112.000000
8300.000000
11061.000000
8239.000000
11011.000000
8178.000000
10962.000000
8116.000000
10915.000000
11551155
8499.000000
11250.000000
8458.000000
11207.000000
8410.000000
11161.000000
8357.000000
11112.000000
8300.000000
11061.000000
8239.000000
11011.000000
8178.000000
10962.000000
8116.000000
10915.000000
11551155
8512.000000
11251.000000
8471.000000
11209.000000
8424.000000
11162.000000
8371.000000
11113.000000
8314.000000
11061.000000
8254.000000
11010.000000
8193.000000
10959.000000
8131.000000
10911.000000
11551155
8512.000000
11251.000000
8471.000000
11209.000000
8424.000000
11162.000000
8371.000000
11113.000000
8314.000000
11061.000000
8254.000000
11010.000000
8193.000000
10959.000000
8131.000000
10911.000000
11551155
8512.000000
11251.000000
8471.000000
11209.000000
8424.000000
11162.000000
8371.000000
11113.000000
8314.000000
11061.000000
8254.000000
11010.000000
8193.000000
10959.000000
8131.000000
10911.000000
11551155
8495.000000
11257.000000
8446.000000
11216.000000
8419.000000
11171.000000
8378.000000
11124.000000
8328.000000
11076.000000
8273.000000
11028.000000
8216.000000
10982.000000
8159.000000
10938.000000
11551155
8495.000000
11257.000000
8446.000000
11216.000000
8419.000000
11171.000000
8378.000000
11124.000000
8328.000000
11076.000000
8273.000000
11028.000000
8216.000000
10982.000000
8159.000000
10938.000000
11551155
8620.000000
11339.000000
8586.000000
11304.000000
8547.000000
11264.000000
8502.000000
11221.000000
8452.000000
11175.000000
8399.000000
11129.000000
8343.000000
11082.000000
8287.000000
11037.000000
11551155
8620.000000
11339.000000
8586.000000
11304.000000
8547.000000
11264.000000
8502.000000
11221.000000
8452.000000
11175.000000
8399.000000
11129.000000
8343.000000
11082.000000
8287.000000
11037.000000
11551155
8620.000000
11339.000000
8586.000000
11304.000000
8547.000000
11264.000000
8502.000000
11221.000000
8452.000000
11175.000000
8399.000000
11129.000000
8343.000000
11082.000000
8287.000000
11037.000000
11551155
8636.000000
11332.000000
8599.000000
11295.000000
8557.000000
11256.000000
8510.000000
11213.000000
8460.000000
11170.000000
8407.000000
11126.000000
8353.000000
11083.000000
8300.000000
11042.000000
11551155
8636.000000
11332.000000
8599.000000
11295.000000
8557.000000
11256.000000
8510.000000
11213.000000
8460.000000
11170.000000
8407.000000
11126.000000
8353.000000
11083.000000
8300.000000
11042.000000
11551155
8636.000000
11332.000000
8599.000000
11295.000000
8557.000000
11256.000000
8510.000000
11213.000000
8460.000000
11170.000000
8407.000000
11126.000000
8353.000000
11083.000000
8300.000000
11042.000000
11551155
8727.000000
11405.000000
8696.000000
11373.000000
8659.000000
11336.000000
8617.000000
11297.000000
8571.000000
11256.000000
8522.000000
11213.000000
8471.000000
11171.000000
8419.000000
11130.000000
11551155
8727.000000
11405.000000
8696.000000
11373.000000
8659.000000
11336.000000
8617.000000
11297.000000
8571.000000
11256.000000
8522.000000
11213.000000
8471.000000
11171.000000
8419.000000
11130.000000
11551155
8792.000000
11451.000000
8766.000000
11422.000000
8734.000000
11389.000000
8696.000000
11352.000000
8653.000000
11312.000000
8560.000000
11271.000000
8507.000000
11229.000000
8480.000000
11186.000000
11551155
8792.000000
11451.000000
8766.000000
11422.000000
8734.000000
11389.000000
8696.000000
11352.000000
8653.000000
11312.000000
8560.000000
11271.000000
8507.000000
11229.000000
8480.000000
11186.000000
11551155
8792.000000
11451.000000
8766.000000
11422.000000
8734.000000
11389.000000
8696.000000
11352.000000
8653.000000
11312.000000
8560.000000
11271.000000
8507.000000
11229.000000
8480.000000
11186.000000
11551155
8842.000000
11485.000000
8820.000000
11460.000000
8793.000000
11431.000000
8760.000000
11398.000000
8722.000000
11362.000000
8679.000000
11323.000000
8632.000000
11283.000000
8583.000000
11243.000000
11551155
8842.000000
11485.000000
8820.000000
11460.000000
8793.000000
11431.000000
8760.000000
11398.000000
8722.000000
11362.000000
8679.000000
11323.000000
8632.000000
11283.000000
8583.000000
11243.000000
11551155
8844.000000
11463.000000
8812.000000
11430.000000
8774.000000
11393.000000
8731.000000
11352.000000
8683.000000
11310.000000
8632.000000
11267.000000
8578.000000
11223.000000
8524.000000
11181.000000
11551155
8844.000000
11463.000000
8812.000000
11430.000000
8774.000000
11393.000000
8731.000000
11352.000000
8683.000000
11310.000000
8632.000000
11267.000000
8578.000000
11223.000000
8524.000000
11181.000000
11551155
8844.000000
11463.000000
8812.000000
11430.000000
8774.000000
11393.000000
8731.000000
11352.000000
8683.000000
11310.000000
8632.000000
11267.000000
8578.000000
11223.000000
8524.000000
11181.000000
11551155
8806.000000
11417.000000
8767.000000
11378.000000
8722.000000
11336.000000
8672.000000
11292.000000
8619.000000
11247.000000
8564.000000
11202.000000
8508.000000
11159.000000
8453.000000
11118.000000
11551155
8806.000000
11417.000000
8767.000000
11378.000000
8722.000000
11336.000000
8672.000000
11292.000000
8619.000000
11247.000000
8564.000000
11202.000000
8508.000000
11159.000000
8453.000000
11118.000000
11551155
8806.000000
11417.000000
8767.000000
11378.000000
8722.000000
11336.000000
8672.000000
11292.000000
8619.000000
11247.000000
8564.000000
11202.000000
8508.000000
11159.000000
8453.000000
11118.000000
11551155
8864.000000
11471.000000
8838.000000
11443.000000
8807.000000
11411.000000
8770.000000
11375.000000
8728.000000
11336.000000
8683.000000
11296.000000
8587.000000
11256.000000
8536.000000
11216.000000
11551155
8864.000000
11471.000000
8838.000000
11443.000000
8807.000000
11411.000000
8770.000000
11375.000000
8728.000000
11336.000000
8683.000000
11296.000000
8587.000000
11256.000000
8536.000000
11216.000000
11551155
8928.000000
11511.000000
8901.000000
11482.000000
8869.000000
11449.000000
8832.000000
11413.000000
8789.000000
11374.000000
8743.000000
11333.000000
8694.000000
11292.000000
8643.000000
11252.000000
11551155
8928.000000
11511.000000
8901.000000
11482.000000
8869.000000
11449.000000
8832.000000
11413.000000
8789.000000
11374.000000
8743.000000
11333.000000
8694.000000
11292.000000
8643.000000
11252.000000
11551155
8928.000000
11511.000000
8901.000000
11482.000000
8869.000000
11449.000000
8832.000000
11413.000000
8789.000000
11374.000000
8743.000000
11333.000000
8694.000000
11292.000000
8643.000000
11252.000000
11551155
8910.000000
11476.000000
8875.000000
11442.000000
8835.000000
11404.000000
8790.000000
11364.000000
8742.000000
11323.000000
8692.000000
11282.000000
8640.000000
11242.000000
8589.000000
11203.000000
11551155
8910.000000
11476.000000
8875.000000
11442.000000
8835.000000
11404.000000
8790.000000
11364.000000
8742.000000
11323.000000
8692.000000
11282.000000
8640.000000
11242.000000
8589.000000
11203.000000
11551155
8910.000000
11476.000000
8875.000000
11442.000000
8835.000000
11404.000000
8790.000000
11364.000000
8742.000000
11323.000000
8692.000000
11282.000000
8640.000000
11242.000000
8589.000000
11203.000000
11551155
8955.000000
11509.000000
8925.000000
11479.000000
8891.000000
11446.000000
8852.000000
11411.000000
8809.000000
11374.000000
8764.000000
11336.000000
8717.000000
11299.000000
8670.000000
11264.000000
11551155
8955.000000
11509.000000
8925.000000
11479.000000
8891.000000
11446.000000
8852.000000
11411.000000
8809.000000
11374.000000
8764.000000
11336.000000
8717.000000
11299.000000
8670.000000
11264.000000
11551155
9061.000000
11583.000000
9039.000000
11559.000000
9012.000000
11531.000000
8980.000000
11500.000000
8943.000000
11466.000000
8902.000000
11430.000000
8858.000000
11394.000000
8812.000000
11358.000000
11551155
9061.000000
11583.000000
9039.000000
11559.000000
9012.000000
11531.000000
8980.000000
11500.000000
8943.000000
11466.000000
8902.000000
11430.000000
8858.000000
11394.000000
8812.000000
11358.000000
11551155
9061.000000
11583.000000
9039.000000
11559.000000
9012.000000
11531.000000
8980.000000
11500.000000
8943.000000
11466.000000
8902.000000
11430.000000
8858.000000
11394.000000
8812.000000
11358.000000
11551155
9070.000000
11573.000000
9044.000000
11545.000000
9013.000000
11514.000000
8976.000000
11479.000000
8934.000000
11441.000000
8888.000000
11401.000000
8839.000000
11361.000000
8788.000000
11321.000000
11551155
9070.000000
11573.000000
9044.000000
11545.000000
9013.000000
11514.000000
8976.000000
11479.000000
8934.000000
11441.000000
8888.000000
11401.000000
8839.000000
11361.000000
8788.000000
11321.000000
11551155
9070.000000
11573.000000
9044.000000
11545.000000
9013.000000
11514.000000
8976.000000
11479.000000
8934.000000
11441.000000
8888.000000
11401.000000
8839.000000
11361.000000
8788.000000
11321.000000
11551155
9004.000000
11507.000000
8969.000000
11474.000000
8930.000000
11438.000000
8887.000000
11401.000000
8842.000000
11364.000000
8795.000000
11327.000000
8748.000000
11291.000000
8702.000000
11258.000000
11551155
9004.000000
11507.000000
8969.000000
11474.000000
8930.000000
11438.000000
8887.000000
11401.000000
8842.000000
11364.000000
8795.000000
11327.000000
8748.000000
11291.000000
8702.000000
11258.000000
11551155
9044.000000
11530.000000
9010.000000
11496.000000
8971.000000
11460.000000
8927.000000
11421.000000
8879.000000
11381.000000
8830.000000
11341.000000
8780.000000
11303.000000
8730.000000
11266.000000
11551155
9044.000000
11530.000000
9010.000000
11496.000000
8971.000000
11460.000000
8927.000000
11421.000000
8879.000000
11381.000000
8830.000000
11341.000000
8780.000000
11303.000000
8730.000000
11266.000000
11551155
9044.000000
11530.000000
9010.000000
11496.000000
8971.000000
11460.000000
8927.000000
11421.000000
8879.000000
11381.000000
8830.000000
11341.000000
8780.000000
11303.000000
8730.000000
11266.000000
11551155
9077.000000
11553.000000
9050.000000
11523.000000
9017.000000
11489.000000
8978.000000
11452.000000
8934.000000
11412.000000
8886.000000
11371.000000
8835.000000
11329.000000
8783.000000
11287.000000
11551155
9077.000000
11553.000000
9050.000000
11523.000000
9017.000000
11489.000000
8978.000000
11452.000000
8934.000000
11412.000000
8886.000000
11371.000000
8835.000000
11329.000000
8783.000000
11287.000000
11551155
9068.000000
11535.000000
9038.000000
11505.000000
9003.000000
11472.000000
8964.000000
11436.000000
8921.000000
11398.000000
8875.000000
11360.000000
8827.000000
11322.000000
8779.000000
11285.000000
11551155
9068.000000
11535.000000
9038.000000
11505.000000
9003.000000
11472.000000
8964.000000
11436.000000
8921.000000
11398.000000
8875.000000
11360.000000
8827.000000
11322.000000
8779.000000
11285.000000
11551155
9068.000000
11535.000000
9038.000000
11505.000000
9003.000000
11472.000000
8964.000000
11436.000000
8921.000000
11398.000000
8875.000000
11360.000000
8827.000000
11322.000000
8779.000000
11285.000000
11551155
9069.000000
11517.000000
9032.000000
11481.000000
8990.000000
11443.000000
8944.000000
11403.000000
8895.000000
11362.000000
8844.000000
11321.000000
8792.000000
11281.000000
8741.000000
11244.000000
11551155
9069.000000
11517.000000
9032.000000
11481.000000
8990.000000
11443.000000
8944.000000
11403.000000
8895.000000
11362.000000
8844.000000
11321.000000
8792.000000
11281.000000
8741.000000
11244.000000
11551155
9069.000000
11517.000000
9032.000000
11481.000000
8990.000000
11443.000000
8944.000000
11403.000000
8895.000000
11362.000000
8844.000000
11321.000000
8792.000000
11281.000000
8741.000000
11244.000000
11551155
9083.000000
11544.000000
9048.000000
11513.000000
9027.000000
11479.000000
8994.000000
11442.000000
8952.000000
11402.000000
8905.000000
11361.000000
8855.000000
11320.000000
8803.000000
11279.000000
11551155
9083.000000
11544.000000
9048.000000
11513.000000
9027.000000
11479.000000
8994.000000
11442.000000
8952.000000
11402.000000
8905.000000
11361.000000
8855.000000
11320.000000
8803.000000
11279.000000
11551155
9142.000000
11569.000000
9118.000000
11543.000000
9088.000000
11513.000000
9053.000000
11479.000000
9012.000000
11442.000000
8967.000000
11403.000000
8919.000000
11363.000000
8868.000000
11323.000000
11551155
9142.000000
11569.000000
9118.000000
11543.000000
9088.000000
11513.000000
9053.000000
11479.000000
9012.000000
11442.000000
8967.000000
11403.000000
8919.000000
11363.000000
8868.000000
11323.000000
11551155
9142.000000
11569.000000
9118.000000
11543.000000
9088.000000
11513.000000
9053.000000
11479.000000
9012.000000
11442.000000
8967.000000
11403.000000
8919.000000
11363.000000
8868.000000
11323.000000
11551155
9126.000000
11537.000000
9094.000000
11504.000000
9056.000000
11468.000000
9013.000000
11429.000000
8966.000000
11389.000000
8916.000000
11348.000000
8864.000000
11307.000000
8812.000000
11268.000000
11551155
9126.000000
11537.000000
9094.000000
11504.000000
9056.000000
11468.000000
9013.000000
11429.000000
8966.000000
11389.000000
8916.000000
11348.000000
8864.000000
11307.000000
8812.000000
11268.000000
11551155
9126.000000
11537.000000
9094.000000
11504.000000
9056.000000
11468.000000
9013.000000
11429.000000
8966.000000
11389.000000
8916.000000
11348.000000
8864.000000
11307.000000
8812.000000
11268.000000
11551155
9154.000000
11550.000000
9126.000000
11521.000000
9092.000000
11489.000000
9053.000000
11454.000000
9010.000000
11417.000000
8964.000000
11379.000000
8916.000000
11341.000000
8867.000000
11305.000000
11551155
9154.000000
11550.000000
9126.000000
11521.000000
9092.000000
11489.000000
9053.000000
11454.000000
9010.000000
11417.000000
8964.000000
11379.000000
8916.000000
11341.000000
8867.000000
11305.000000
11551155
9190.000000
11588.000000
9173.000000
11560.000000
9146.000000
11529.000000
9112.000000
11495.000000
9072.000000
11459.000000
9028.000000
11422.000000
8982.000000
11385.000000
8934.000000
11349.000000
11551155
9190.000000
11588.000000
9173.000000
11560.000000
9146.000000
11529.000000
9112.000000
11495.000000
9072.000000
11459.000000
9028.000000
11422.000000
8982.000000
11385.000000
8934.000000
11349.000000
11551155
9190.000000
11588.000000
9173.000000
11560.000000
9146.000000
11529.000000
9112.000000
11495.000000
9072.000000
11459.000000
9028.000000
11422.000000
8982.000000
11385.000000
8934.000000
11349.000000
11551155
9256.000000
11617.000000
9234.000000
11593.000000
9206.000000
11564.000000
9173.000000
11532.000000
9135.000000
11496.000000
9092.000000
11459.000000
9045.000000
11420.000000
8996.000000
11382.000000
11551155
9256.000000
11617.000000
9234.000000
11593.000000
9206.000000
11564.000000
9173.000000
11532.000000
9135.000000
11496.000000
9092.000000
11459.000000
9045.000000
11420.000000
8996.000000
11382.000000
11551155
9256.000000
11617.000000
9234.000000
11593.000000
9206.000000
11564.000000
9173.000000
11532.000000
9135.000000
11496.000000
9092.000000
11459.000000
9045.000000
11420.000000
8996.000000
11382.000000
11551155
9240.000000
11591.000000
9214.000000
11565.000000
9183.000000
11536.000000
9148.000000
11503.000000
9108.000000
11468.000000
9065.000000
11433.000000
9020.000000
11397.000000
8974.000000
11363.000000
11551155
9240.000000
11591.000000
9214.000000
11565.000000
9183.000000
11536.000000
9148.000000
11503.000000
9108.000000
11468.000000
9065.000000
11433.000000
9020.000000
11397.000000
8974.000000
11363.000000
11551155
9277.000000
11601.000000
9248.000000
11572.000000
9214.000000
11540.000000
9175.000000
11506.000000
9132.000000
11470.000000
9087.000000
11434.000000
9040.000000
11399.000000
8993.000000
11365.000000
11551155
9277.000000
11601.000000
9248.000000
11572.000000
9214.000000
11540.000000
9175.000000
11506.000000
9132.000000
11470.000000
9087.000000
11434.000000
9040.000000
11399.000000
8993.000000
11365.000000
11551155
9277.000000
11601.000000
9248.000000
11572.000000
9214.000000
11540.000000
9175.000000
11506.000000
9132.000000
11470.000000
9087.000000
11434.000000
9040.000000
11399.000000
8993.000000
11365.000000
11551155
9300.000000
11623.000000
9278.000000
11597.000000
9250.000000
11568.000000
9216.000000
11536.000000
9177.000000
11502.000000
9134.000000
11467.000000
9090.000000
11432.000000
9045.000000
11398.000000
11551155
9300.000000
11623.000000
9278.000000
11597.000000
9250.000000
11568.000000
9216.000000
11536.000000
9177.000000
11502.000000
9134.000000
11467.000000
9090.000000
11432.000000
9045.000000
11398.000000
11551155
9300.000000
11623.000000
9278.000000
11597.000000
9250.000000
11568.000000
9216.000000
11536.000000
9177.000000
11502.000000
9134.000000
11467.000000
9090.000000
11432.000000
9045.000000
11398.000000
11551155
9334.000000
11634.000000
9314.000000
11611.000000
9288.000000
11585.000000
9258.000000
11556.000000
9223.000000
11525.000000
9185.000000
11492.000000
9144.000000
11459.000000
9102.000000
11427.000000
11551155
9334.000000
11634.000000
9314.000000
11611.000000
9288.000000
11585.000000
9258.000000
11556.000000
9223.000000
11525.000000
9185.000000
11492.000000
9144.000000
11459.000000
9102.000000
11427.000000
11551155
9206.000000
11525.000000
9198.000000
11514.000000
9186.000000
11501.000000
9171.000000
11484.000000
9153.000000
11465.000000
9131.000000
11444.000000
9106.000000
11421.000000
9078.000000
11396.000000
11551155
9206.000000
11525.000000
9198.000000
11514.000000
9186.000000
11501.000000
9171.000000
11484.000000
9153.000000
11465.000000
9131.000000
11444.000000
9106.000000
11421.000000
9078.000000
11396.000000
11551155
9206.000000
11525.000000
9198.000000
11514.000000
9186.000000
11501.000000
9171.000000
11484.000000
9153.000000
11465.000000
9131.000000
11444.000000
9106.000000
11421.000000
9078.000000
11396.000000
11551155
9275.000000
11551.000000
9254.000000
11530.000000
9229.000000
11506.000000
9200.000000
11480.000000
9168.000000
11452.000000
9133.000000
11423.000000
9097.000000
11395.000000
9061.000000
11368.000000
11551155
9275.000000
11551.000000
9254.000000
11530.000000
9229.000000
11506.000000
9200.000000
11480.000000
9168.000000
11452.000000
9133.000000
11423.000000
9097.000000
11395.000000
9061.000000
11368.000000
11551155
9275.000000
11551.000000
9254.000000
11530.000000
9229.000000
11506.000000
9200.000000
11480.000000
9168.000000
11452.000000
9133.000000
11423.000000
9097.000000
11395.000000
9061.000000
11368.000000
11551155
9307.000000
11571.000000
9286.000000
11550.000000
9261.000000
11527.000000
9232.000000
11502.000000
9201.000000
11476.000000
9167.000000
11450.000000
9133.000000
11425.000000
9099.000000
11401.000000
11551155
9307.000000
11571.000000
9286.000000
11550.000000
9261.000000
11527.000000
9232.000000
11502.000000
9201.000000
11476.000000
9167.000000
11450.000000
9133.000000
11425.000000
9099.000000
11401.000000
11551155
9393.000000
11641.000000
9379.000000
11625.000000
9360.000000
11606.000000
9338.000000
11584.000000
9312.000000
11560.000000
9282.000000
11534.000000
9249.000000
11507.000000
9214.000000
11479.000000
11551155
9393.000000
11641.000000
9379.000000
11625.000000
9360.000000
11606.000000
9338.000000
11584.000000
9312.000000
11560.000000
9282.000000
11534.000000
9249.000000
11507.000000
9214.000000
11479.000000
11551155
9393.000000
11641.000000
9379.000000
11625.000000
9360.000000
11606.000000
9338.000000
11584.000000
9312.000000
11560.000000
9282.000000
11534.000000
9249.000000
11507.000000
9214.000000
11479.000000
11551155
9381.000000
11614.000000
9363.000000
11595.000000
9341.000000
11573.000000
9315.000000
11549.000000
9286.000000
11524.000000
9254.000000
11498.000000
9221.000000
11473.000000
9187.000000
11448.000000
11551155
9381.000000
11614.000000
9363.000000
11595.000000
9341.000000
11573.000000
9315.000000
11549.000000
9286.000000
11524.000000
9254.000000
11498.000000
9221.000000
11473.000000
9187.000000
11448.000000
11551155
9381.000000
11614.000000
9363.000000
11595.000000
9341.000000
11573.000000
9315.000000
11549.000000
9286.000000
11524.000000
9254.000000
11498.000000
9221.000000
11473.000000
9187.000000
11448.000000
11551155
9432.000000
11646.000000
9413.000000
11627.000000
9390.000000
11606.000000
9364.000000
11582.000000
9335.000000
11558.000000
9304.000000
11534.000000
9272.000000
11509.000000
9240.000000
11486.000000
11551155
9432.000000
11646.000000
9413.000000
11627.000000
9390.000000
11606.000000
9364.000000
11582.000000
9335.000000
11558.000000
9304.000000
11534.000000
9272.000000
11509.000000
9240.000000
11486.000000
11551155
9498.000000
11690.000000
9484.000000
11675.000000
9467.000000
11657.000000
9445.000000
11636.000000
9420.000000
11612.000000
9392.000000
11587.000000
9330.000000
11562.000000
9295.000000
11535.000000
11551155
9498.000000
11690.000000
9484.000000
11675.000000
9467.000000
11657.000000
9445.000000
11636.000000
9420.000000
11612.000000
9392.000000
11587.000000
9330.000000
11562.000000
9295.000000
11535.000000
11551155
9498.000000
11690.000000
9484.000000
11675.000000
9467.000000
11657.000000
9445.000000
11636.000000
9420.000000
11612.000000
9392.000000
11587.000000
9330.000000
11562.000000
9295.000000
11535.000000
11551155
9489.000000
11669.000000
9471.000000
11651.000000
9449.000000
11629.000000
9423.000000
11605.000000
9394.000000
11580.000000
9362.000000
11553.000000
9328.000000
11527.000000
9293.000000
11502.000000
11551155
9489.000000
11669.000000
9471.000000
11651.000000
9449.000000
11629.000000
9423.000000
11605.000000
9394.000000
11580.000000
9362.000000
11553.000000
9328.000000
11527.000000
9293.000000
11502.000000
11551155
9495.000000
11664.000000
9475.000000
11644.000000
9452.000000
11622.000000
9425.000000
11597.000000
9394.000000
11571.000000
9361.000000
11544.000000
9326.000000
11518.000000
9291.000000
11492.000000
11551155
9495.000000
11664.000000
9475.000000
11644.000000
9452.000000
11622.000000
9425.000000
11597.000000
9394.000000
11571.000000
9361.000000
11544.000000
9326.000000
11518.000000
9291.000000
11492.000000
11551155
9495.000000
11664.000000
9475.000000
11644.000000
9452.000000
11622.000000
9425.000000
11597.000000
9394.000000
11571.000000
9361.000000
11544.000000
9326.000000
11518.000000
9291.000000
11492.000000
11551155
9492.000000
11648.000000
9468.000000
11625.000000
9440.000000
11600.000000
9409.000000
11573.000000
9375.000000
11545.000000
9338.000000
11517.000000
9300.000000
11489.000000
9262.000000
11463.000000
11551155
9492.000000
11648.000000
9468.000000
11625.000000
9440.000000
11600.000000
9409.000000
11573.000000
9375.000000
11545.000000
9338.000000
11517.000000
9300.000000
11489.000000
9262.000000
11463.000000
11551155
9492.000000
11648.000000
9468.000000
11625.000000
9440.000000
11600.000000
9409.000000
11573.000000
9375.000000
11545.000000
9338.000000
11517.000000
9300.000000
11489.000000
9262.000000
11463.000000
11551155
9517.000000
11665.000000
9504.000000
11650.000000
9487.000000
11631.000000
9466.000000
11609.000000
9441.000000
11586.000000
9412.000000
11560.000000
9379.000000
11532.000000
9344.000000
11505.000000
11551155
9517.000000
11665.000000
9504.000000
11650.000000
9487.000000
11631.000000
9466.000000
11609.000000
9441.000000
11586.000000
9412.000000
11560.000000
9379.000000
11532.000000
9344.000000
11505.000000
11551155
9519.000000
11658.000000
9503.000000
11641.000000
9483.000000
11620.000000
9459.000000
11597.000000
9431.000000
11572.000000
9400.000000
11545.000000
9367.000000
11518.000000
9332.000000
11491.000000
11551155
9519.000000
11658.000000
9503.000000
11641.000000
9483.000000
11620.000000
9459.000000
11597.000000
9431.000000
11572.000000
9400.000000
11545.000000
9367.000000
11518.000000
9332.000000
11491.000000
11551155
9519.000000
11658.000000
9503.000000
11641.000000
9483.000000
11620.000000
9459.000000
11597.000000
9431.000000
11572.000000
9400.000000
11545.000000
9367.000000
11518.000000
9332.000000
11491.000000
11551155
9496.000000
11619.000000
9470.000000
11595.000000
9440.000000
11568.000000
9407.000000
11540.000000
9371.000000
11512.000000
9333.000000
11483.000000
9294.000000
11455.000000
9256.000000
11428.000000
11551155
9496.000000
11619.000000
9470.000000
11595.000000
9440.000000
11568.000000
9407.000000
11540.000000
9371.000000
11512.000000
9333.000000
11483.000000
9294.000000
11455.000000
9256.000000
11428.000000
11551155
9496.000000
11619.000000
9470.000000
11595.000000
9440.000000
11568.000000
9407.000000
11540.000000
9371.000000
11512.000000
9333.000000
11483.000000
9294.000000
11455.000000
9256.000000
11428.000000
11551155
9508.000000
11614.000000
9488.000000
11595.000000
9463.000000
11572.000000
9434.000000
11547.000000
9401.000000
11520.000000
9364.000000
11491.000000
9325.000000
11462.000000
9285.000000
11433.000000
11551155
9508.000000
11614.000000
9488.000000
11595.000000
9463.000000
11572.000000
9434.000000
11547.000000
9401.000000
11520.000000
9364.000000
11491.000000
9325.000000
11462.000000
9285.000000
11433.000000
11551155
9511.000000
11621.000000
9495.000000
11604.000000
9474.000000
11584.000000
9449.000000
11561.000000
9420.000000
11536.000000
9388.000000
11510.000000
9353.000000
11482.000000
9281.000000
11455.000000
11551155
9511.000000
11621.000000
9495.000000
11604.000000
9474.000000
11584.000000
9449.000000
11561.000000
9420.000000
11536.000000
9388.000000
11510.000000
9353.000000
11482.000000
9281.000000
11455.000000
11551155
9511.000000
11621.000000
9495.000000
11604.000000
9474.000000
11584.000000
9449.000000
11561.000000
9420.000000
11536.000000
9388.000000
11510.000000
9353.000000
11482.000000
9281.000000
11455.000000
11551155
9520.000000
11613.000000
9501.000000
11594.000000
9478.000000
11571.000000
9450.000000
11546.000000
9418.000000
11519.000000
9383.000000
11490.000000
9346.000000
11461.000000
9308.000000
11433.000000
11551155
9520.000000
11613.000000
9501.000000
11594.000000
9478.000000
11571.000000
9450.000000
11546.000000
9418.000000
11519.000000
9383.000000
11490.000000
9346.000000
11461.000000
9308.000000
11433.000000
11551155
9520.000000
11613.000000
9501.000000
11594.000000
9478.000000
11571.000000
9450.000000
11546.000000
9418.000000
11519.000000
9383.000000
11490.000000
9346.000000
11461.000000
9308.000000
11433.000000
11551155
9477.000000
11566.000000
9452.000000
11542.000000
9423.000000
11516.000000
9391.000000
11488.000000
9356.000000
11459.000000
9318.000000
11429.000000
9279.000000
11400.000000
9241.000000
11373.000000
11551155
9477.000000
11566.000000
9452.000000
11542.000000
9423.000000
11516.000000
9391.000000
11488.000000
9356.000000
11459.000000
9318.000000
11429

