11551155
9749.000000
11777.000000
9711.000000
11742.000000
9665.000000
11701.000000
9611.000000
11655.000000
9550.000000
11606.000000
9484.000000
11556.000000
9415.000000
11505.000000
9344.000000
11456.000000
11551155
9749.000000
11777.000000
9711.000000
11742.000000
9665.000000
11701.000000
9611.000000
11655.000000
9550.000000
11606.000000
9484.000000
11556.000000
9415.000000
11505.000000
9344.000000
11456.000000
11551155
9825.000000
11846.000000
9798.000000
11818.000000
9764.000000
11783.000000
9721.000000
11742.000000
9669.000000
11697.000000
9610.000000
11648.000000
9545.000000
11597.000000
9476.000000
11545.000000
11551155
9825.000000
11846.000000
9798.000000
11818.000000
9764.000000
11783.000000
9721.000000
11742.000000
9669.000000
11697.000000
9610.000000
11648.000000
9545.000000
11597.000000
9476.000000
11545.000000
11551155
9825.000000
11846.000000
9798.000000
11818.000000
9764.000000
11783.000000
9721.000000
11742.000000
9669.000000
11697.000000
9610.000000
11648.000000
9545.000000
11597.000000
9476.000000
11545.000000
11551155
9863.000000
11864.000000
9834.000000
11834.000000
9796.000000
11798.000000
9750.000000
11756.000000
9696.000000
11710.000000
9635.000000
11660.000000
9568.000000
11610.000000
9497.000000
11558.000000
11551155
9863.000000
11864.000000
9834.000000
11834.000000
9796.000000
11798.000000
9750.000000
11756.000000
9696.000000
11710.000000
9635.000000
11660.000000
9568.000000
11610.000000
9497.000000
11558.000000
11551155
9847.000000
11839.000000
9808.000000
11801.000000
9760.000000
11758.000000
9705.000000
11710.000000
9643.000000
11660.000000
9576.000000
11609.000000
9506.000000
11558.000000
9435.000000
11510.000000
11551155
9847.000000
11839.000000
9808.000000
11801.000000
9760.000000
11758.000000
9705.000000
11710.000000
9643.000000
11660.000000
9576.000000
11609.000000
9506.000000
11558.000000
9435.000000
11510.000000
11551155
9847.000000
11839.000000
9808.000000
11801.000000
9760.000000
11758.000000
9705.000000
11710.000000
9643.000000
11660.000000
9576.000000
11609.000000
9506.000000
11558.000000
9435.000000
11510.000000
11551155
9847.000000
11857.000000
9800.000000
11820.000000
9772.000000
11776.000000
9725.000000
11728.000000
9666.000000
11677.000000
9599.000000
11623.000000
9526.000000
11568.000000
9451.000000
11515.000000
11551155
9847.000000
11857.000000
9800.000000
11820.000000
9772.000000
11776.000000
9725.000000
11728.000000
9666.000000
11677.000000
9599.000000
11623.000000
9526.000000
11568.000000
9451.000000
11515.000000
11551155
9865.000000
11850.000000
9828.000000
11813.000000
9781.000000
11770.000000
9726.000000
11722.000000
9663.000000
11669.000000
9593.000000
11614.000000
9519.000000
11558.000000
9442.000000
11504.000000
11551155
9865.000000
11850.000000
9828.000000
11813.000000
9781.000000
11770.000000
9726.000000
11722.000000
9663.000000
11669.000000
9593.000000
11614.000000
9519.000000
11558.000000
9442.000000
11504.000000
11551155
9865.000000
11850.000000
9828.000000
11813.000000
9781.000000
11770.000000
9726.000000
11722.000000
9663.000000
11669.000000
9593.000000
11614.000000
9519.000000
11558.000000
9442.000000
11504.000000
11551155
9866.000000
11847.000000
9827.000000
11809.000000
9778.000000
11764.000000
9721.000000
11714.000000
9656.000000
11661.000000
9585.000000
11606.000000
9511.000000
11551.000000
9435.000000
11498.000000
11551155
9866.000000
11847.000000
9827.000000
11809.000000
9778.000000
11764.000000
9721.000000
11714.000000
9656.000000
11661.000000
9585.000000
11606.000000
9511.000000
11551.000000
9435.000000
11498.000000
11551155
9866.000000
11847.000000
9827.000000
11809.000000
9778.000000
11764.000000
9721.000000
11714.000000
9656.000000
11661.000000
9585.000000
11606.000000
9511.000000
11551.000000
9435.000000
11498.000000
11551155
9874.000000
11838.000000
9830.000000
11796.000000
9778.000000
11749.000000
9717.000000
11697.000000
9648.000000
11643.000000
9574.000000
11587.000000
9497.000000
11531.000000
9419.000000
11478.000000
11551155
9874.000000
11838.000000
9830.000000
11796.000000
9778.000000
11749.000000
9717.000000
11697.000000
9648.000000
11643.000000
9574.000000
11587.000000
9497.000000
11531.000000
9419.000000
11478.000000
11551155
9909.000000
11872.000000
9876.000000
11837.000000
9834.000000
11796.000000
9782.000000
11749.000000
9722.000000
11697.000000
9654.000000
11641.000000
9580.000000
11584.000000
9503.000000
11526.000000
11551155
9909.000000
11872.000000
9876.000000
11837.000000
9834.000000
11796.000000
9782.000000
11749.000000
9722.000000
11697.000000
9654.000000
11641.000000
9580.000000
11584.000000
9503.000000
11526.000000
11551155
9909.000000
11872.000000
9876.000000
11837.000000
9834.000000
11796.000000
9782.000000
11749.000000
9722.000000
11697.000000
9654.000000
11641.000000
9580.000000
11584.000000
9503.000000
11526.000000
11551155
9922.000000
11874.000000
9891.000000
11840.000000
9850.000000
11800.000000
9800.000000
11753.000000
9742.000000
11702.000000
9676.000000
11648.000000
9604.000000
11592.000000
9528.000000
11536.000000
11551155
9922.000000
11874.000000
9891.000000
11840.000000
9850.000000
11800.000000
9800.000000
11753.000000
9742.000000
11702.000000
9676.000000
11648.000000
9604.000000
11592.000000
9528.000000
11536.000000
11551155
9933.000000
11866.000000
9898.000000
11831.000000
9854.000000
11791.000000
9802.000000
11746.000000
9743.000000
11697.000000
9678.000000
11646.000000
9609.000000
11595.000000
9538.000000
11546.000000
11551155
9933.000000
11866.000000
9898.000000
11831.000000
9854.000000
11791.000000
9802.000000
11746.000000
9743.000000
11697.000000
9678.000000
11646.000000
9609.000000
11595.000000
9538.000000
11546.000000
11551155
9933.000000
11866.000000
9898.000000
11831.000000
9854.000000
11791.000000
9802.000000
11746.000000
9743.000000
11697.000000
9678.000000
11646.000000
9609.000000
11595.000000
9538.000000
11546.000000
11551155
9984.000000
11892.000000
9951.000000
11860.000000
9870.000000
11822.000000
9814.000000
11779.000000
9782.000000
11734.000000
9733.000000
11685.000000
9674.000000
11637.000000
9610.000000
11590.000000
11551155
9984.000000
11892.000000
9951.000000
11860.000000
9870.000000
11822.000000
9814.000000
11779.000000
9782.000000
11734.000000
9733.000000
11685.000000
9674.000000
11637.000000
9610.000000
11590.000000
11551155
10040.000000
11931.000000
10014.000000
11902.000000
9979.000000
11867.000000
9936.000000
11826.000000
9884.000000
11779.000000
9823.000000
11728.000000
9755.000000
11674.000000
9682.000000
11619.000000
11551155
10040.000000
11931.000000
10014.000000
11902.000000
9979.000000
11867.000000
9936.000000
11826.000000
9884.000000
11779.000000
9823.000000
11728.000000
9755.000000
11674.000000
9682.000000
11619.000000
11551155
10040.000000
11931.000000
10014.000000
11902.000000
9979.000000
11867.000000
9936.000000
11826.000000
9884.000000
11779.000000
9823.000000
11728.000000
9755.000000
11674.000000
9682.000000
11619.000000
11551155
9899.000000
11791.000000
9847.000000
11743.000000
9786.000000
11691.000000
9717.000000
11635.000000
9642.000000
11577.000000
9564.000000
11521.000000
9484.000000
11466.000000
9406.000000
11414.000000
11551155
9899.000000
11791.000000
9847.000000
11743.000000
9786.000000
11691.000000
9717.000000
11635.000000
9642.000000
11577.000000
9564.000000
11521.000000
9484.000000
11466.000000
9406.000000
11414.000000
11551155
9867.000000
11767.000000
9819.000000
11722.000000
9762.000000
11671.000000
9697.000000
11617.000000
9554.000000
11559.000000
9473.000000
11502.000000
9433.000000
11445.000000
9374.000000
11391.000000
11551155
9867.000000
11767.000000
9819.000000
11722.000000
9762.000000
11671.000000
9697.000000
11617.000000
9554.000000
11559.000000
9473.000000
11502.000000
9433.000000
11445.000000
9374.000000
11391.000000
11551155
9867.000000
11767.000000
9819.000000
11722.000000
9762.000000
11671.000000
9697.000000
11617.000000
9554.000000
11559.000000
9473.000000
11502.000000
9433.000000
11445.000000
9374.000000
11391.000000
11551155
9871.000000
11756.000000
9823.000000
11710.000000
9766.000000
11659.000000
9701.000000
11604.000000
9629.000000
11546.000000
9553.000000
11489.000000
9474.000000
11432.000000
9396.000000
11379.000000
11551155
9871.000000
11756.000000
9823.000000
11710.000000
9766.000000
11659.000000
9701.000000
11604.000000
9629.000000
11546.000000
9553.000000
11489.000000
9474.000000
11432.000000
9396.000000
11379.000000
11551155
9821.000000
11700.000000
9763.000000
11648.000000
9697.000000
11593.000000
9625.000000
11536.000000
9549.000000
11478.000000
9471.000000
11423.000000
9393.000000
11370.000000
9319.000000
11324.000000
11551155
9821.000000
11700.000000
9763.000000
11648.000000
9697.000000
11593.000000
9625.000000
11536.000000
9549.000000
11478.000000
9471.000000
11423.000000
9393.000000
11370.000000
9319.000000
11324.000000
11551155
9821.000000
11700.000000
9763.000000
11648.000000
9697.000000
11593.000000
9625.000000
11536.000000
9549.000000
11478.000000
9471.000000
11423.000000
9393.000000
11370.000000
9319.000000
11324.000000
11551155
9918.000000
11775.000000
9876.000000
11734.000000
9825.000000
11687.000000
9766.000000
11636.000000
9700.000000
11582.000000
9628.000000
11527.000000
9554.000000
11473.000000
9480.000000
11422.000000
11551155
9918.000000
11775.000000
9876.000000
11734.000000
9825.000000
11687.000000
9766.000000
11636.000000
9700.000000
11582.000000
9628.000000
11527.000000
9554.000000
11473.000000
9480.000000
11422.000000
11551155
9915.000000
11752.000000
9865.000000
11705.000000
9806.000000
11653.000000
9739.000000
11597.000000
9665.000000
11539.000000
9587.000000
11481.000000
9508.000000
11424.000000
9430.000000
11371.000000
11551155
9915.000000
11752.000000
9865.000000
11705.000000
9806.000000
11653.000000
9739.000000
11597.000000
9665.000000
11539.000000
9587.000000
11481.000000
9508.000000
11424.000000
9430.000000
11371.000000
11551155
9915.000000
11752.000000
9865.000000
11705.000000
9806.000000
11653.000000
9739.000000
11597.000000
9665.000000
11539.000000
9587.000000
11481.000000
9508.000000
11424.000000
9430.000000
11371.000000
11551155
9869.000000
11703.000000
9814.000000
11652.000000
9750.000000
11596.000000
9678.000000
11538.000000
9601.000000
11478.000000
9521.000000
11420.000000
9441.000000
11365.000000
9364.000000
11314.000000
11551155
9869.000000
11703.000000
9814.000000
11652.000000
9750.000000
11596.000000
9678.000000
11538.000000
9601.000000
11478.000000
9521.000000
11420.000000
9441.000000
11365.000000
9364.000000
11314.000000
11551155
9922.000000
11736.000000
9878.000000
11693.000000
9824.000000
11644.000000
9762.000000
11590.000000
9692.000000
11533.000000
9617.000000
11474.000000
9539.000000
11416.000000
9460.000000
11361.000000
11551155
9922.000000
11736.000000
9878.000000
11693.000000
9824.000000
11644.000000
9762.000000
11590.000000
9692.000000
11533.000000
9617.000000
11474.000000
9539.000000
11416.000000
9460.000000
11361.000000
11551155
9922.000000
11736.000000
9878.000000
11693.000000
9824.000000
11644.000000
9762.000000
11590.000000
9692.000000
11533.000000
9617.000000
11474.000000
9539.000000
11416.000000
9460.000000
11361.000000
11551155
9890.000000
11691.000000
9838.000000
11642.000000
9776.000000
11588.000000
9707.000000
11530.000000
9631.000000
11471.000000
9552.000000
11412.000000
9471.000000
11355.000000
9392.000000
11302.000000
11551155
9890.000000
11691.000000
9838.000000
11642.000000
9776.000000
11588.000000
9707.000000
11530.000000
9631.000000
11471.000000
9552.000000
11412.000000
9471.000000
11355.000000
9392.000000
11302.000000
11551155
9784.000000
11630.000000
9713.000000
11574.000000
9673.000000
11514.000000
9611.000000
11452.000000
9536.000000
11388.000000
9455.000000
11327.000000
9372.000000
11268.000000
9292.000000
11215.000000
11551155
9784.000000
11630.000000
9713.000000
11574.000000
9673.000000
11514.000000
9611.000000
11452.000000
9536.000000
11388.000000
9455.000000
11327.000000
9372.000000
11268.000000
9292.000000
11215.000000
11551155
9784.000000
11630.000000
9713.000000
11574.000000
9673.000000
11514.000000
9611.000000
11452.000000
9536.000000
11388.000000
9455.000000
11327.000000
9372.000000
11268.000000
9292.000000
11215.000000
11551155
9827.000000
11620.000000
9771.000000
11567.000000
9705.000000
11509.000000
9630.000000
11446.000000
9549.000000
11382.000000
9464.000000
11318.000000
9378.000000
11256.000000
9293.000000
11199.000000
11551155
9827.000000
11620.000000
9771.000000
11567.000000
9705.000000
11509.000000
9630.000000
11446.000000
9549.000000
11382.000000
9464.000000
11318.000000
9378.000000
11256.000000
9293.000000
11199.000000
11551155
9803.000000
11579.000000
9745.000000
11526.000000
9677.000000
11467.000000
9601.000000
11406.000000
9520.000000
11343.000000
9436.000000
11281.000000
9352.000000
11222.000000
9270.000000
11167.000000
11551155
9803.000000
11579.000000
9745.000000
11526.000000
9677.000000
11467.000000
9601.000000
11406.000000
9520.000000
11343.000000
9436.000000
11281.000000
9352.000000
11222.000000
9270.000000
11167.000000
11551155
9803.000000
11579.000000
9745.000000
11526.000000
9677.000000
11467.000000
9601.000000
11406.000000
9520.000000
11343.000000
9436.000000
11281.000000
9352.000000
11222.000000
9270.000000
11167.000000
11551155
9853.000000
11616.000000
9803.000000
11568.000000
9743.000000
11513.000000
9673.000000
11452.000000
9595.000000
11388.000000
9511.000000
11323.000000
9338.000000
11259.000000
9250.000000
11197.000000
11551155
9853.000000
11616.000000
9803.000000
11568.000000
9743.000000
11513.000000
9673.000000
11452.000000
9595.000000
11388.000000
9511.000000
11323.000000
9338.000000
11259.000000
9250.000000
11197.000000
11551155
9789.000000
11548.000000
9732.000000
11494.000000
9665.000000
11435.000000
9589.000000
11371.000000
9507.000000
11306.000000
9421.000000
11241.000000
9334.000000
11179.000000
9248.000000
11121.000000
11551155
9789.000000
11548.000000
9732.000000
11494.000000
9665.000000
11435.000000
9589.000000
11371.000000
9507.000000
11306.000000
9421.000000
11241.000000
9334.000000
11179.000000
9248.000000
11121.000000
11551155
9789.000000
11548.000000
9732.000000
11494.000000
9665.000000
11435.000000
9589.000000
11371.000000
9507.000000
11306.000000
9421.000000
11241.000000
9334.000000
11179.000000
9248.000000
11121.000000
11551155
9718.000000
11472.000000
9652.000000
11415.000000
9578.000000
11354.000000
9498.000000
11290.000000
9414.000000
11228.000000
9329.000000
11167.000000
9245.000000
11111.000000
9166.000000
11061.000000
11551155
9718.000000
11472.000000
9652.000000
11415.000000
9578.000000
11354.000000
9498.000000
11290.000000
9414.000000
11228.000000
9329.000000
11167.000000
9245.000000
11111.000000
9166.000000
11061.000000
11551155
9761.000000
11507.000000
9704.000000
11454.000000
9637.000000
11396.000000
9563.000000
11335.000000
9483.000000
11273.000000
9399.000000
11212.000000
9315.000000
11154.000000
9233.000000
11100.000000
11551155
9761.000000
11507.000000
9704.000000
11454.000000
9637.000000
11396.000000
9563.000000
11335.000000
9483.000000
11273.000000
9399.000000
11212.000000
9315.000000
11154.000000
9233.000000
11100.000000
11551155
9761.000000
11507.000000
9704.000000
11454.000000
9637.000000
11396.000000
9563.000000
11335.000000
9483.000000
11273.000000
9399.000000
11212.000000
9315.000000
11154.000000
9233.000000
11100.000000
11551155
9806.000000
11531.000000
9753.000000
11482.000000
9691.000000
11428.000000
9621.000000
11370.000000
9545.000000
11311.000000
9465.000000
11252.000000
9384.000000
11195.000000
9304.000000
11142.000000
11551155
9806.000000
11531.000000
9753.000000
11482.000000
9691.000000
11428.000000
9621.000000
11370.000000
9545.000000
11311.000000
9465.000000
11252.000000
9384.000000
11195.000000
9304.000000
11142.000000
11551155
9832.000000
11550.000000
9784.000000
11502.000000
9726.000000
11449.000000
9659.000000
11392.000000
9585.000000
11334.000000
9507.000000
11275.000000
9428.000000
11219.000000
9350.000000
11167.000000
11551155
9832.000000
11550.000000
9784.000000
11502.000000
9726.000000
11449.000000
9659.000000
11392.000000
9585.000000
11334.000000
9507.000000
11275.000000
9428.000000
11219.000000
9350.000000
11167.000000
11551155
9832.000000
11550.000000
9784.000000
11502.000000
9726.000000
11449.000000
9659.000000
11392.000000
9585.000000
11334.000000
9507.000000
11275.000000
9428.000000
11219.000000
9350.000000
11167.000000
11551155
9901.000000
11593.000000
9858.000000
11551.000000
9806.000000
11504.000000
9745.000000
11451.000000
9676.000000
11395.000000
9601.000000
11337.000000
9522.000000
11280.000000
9442.000000
11225.000000
11551155
9901.000000
11593.000000
9858.000000
11551.000000
9806.000000
11504.000000
9745.000000
11451.000000
9676.000000
11395.000000
9601.000000
11337.000000
9522.000000
11280.000000
9442.000000
11225.000000
11551155
9893.000000
11568.000000
9844.000000
11522.000000
9785.000000
11471.000000
9719.000000
11416.000000
9646.000000
11358.000000
9569.000000
11301.000000
9491.000000
11245.000000
9413.000000
11193.000000
11551155
9893.000000
11568.000000
9844.000000
11522.000000
9785.000000
11471.000000
9719.000000
11416.000000
9646.000000
11358.000000
9569.000000
11301.000000
9491.000000
11245.000000
9413.000000
11193.000000
11551155
9893.000000
11568.000000
9844.000000
11522.000000
9785.000000
11471.000000
9719.000000
11416.000000
9646.000000
11358.000000
9569.000000
11301.000000
9491.000000
11245.000000
9413.000000
11193.000000
11551155
9934.000000
11626.000000
9911.000000
11589.000000
9871.000000
11546.000000
9819.000000
11497.000000
9758.000000
11444.000000
9689.000000
11389.000000
9615.000000
11334.000000
9539.000000
11280.000000
11551155
9934.000000
11626.000000
9911.000000
11589.000000
9871.000000
11546.000000
9819.000000
11497.000000
9758.000000
11444.000000
9689.000000
11389.000000
9615.000000
11334.000000
9539.000000
11280.000000
11551155
9955.000000
11603.000000
9911.000000
11560.000000
9858.000000
11511.000000
9796.000000
11456.000000
9725.000000
11398.000000
9649.000000
11339.000000
9568.000000
11279.000000
9486.000000
11222.000000
11551155
9955.000000
11603.000000
9911.000000
11560.000000
9858.000000
11511.000000
9796.000000
11456.000000
9725.000000
11398.000000
9649.000000
11339.000000
9568.000000
11279.000000
9486.000000
11222.000000
11551155
9955.000000
11603.000000
9911.000000
11560.000000
9858.000000
11511.000000
9796.000000
11456.000000
9725.000000
11398.000000
9649.000000
11339.000000
9568.000000
11279.000000
9486.000000
11222.000000
11551155
9859.000000
11515.000000
9801.000000
11463.000000
9733.000000
11405.000000
9658.000000
11345.000000
9578.000000
11283.000000
9495.000000
11223.000000
9411.000000
11165.000000
9330.000000
11112.000000
11551155
9859.000000
11515.000000
9801.000000
11463.000000
9733.000000
11405.000000
9658.000000
11345.000000
9578.000000
11283.000000
9495.000000
11223.000000
9411.000000
11165.000000
9330.000000
11112.000000
11551155
9908.000000
11581.000000
9883.000000
11541.000000
9840.000000
11495.000000
9784.000000
11442.000000
9718.000000
11385.000000
9644.000000
11326.000000
9564.000000
11265.000000
9482.000000
11206.000000
11551155
9908.000000
11581.000000
9883.000000
11541.000000
9840.000000
11495.000000
9784.000000
11442.000000
9718.000000
11385.000000
9644.000000
11326.000000
9564.000000
11265.000000
9482.000000
11206.000000
11551155
9908.000000
11581.000000
9883.000000
11541.000000
9840.000000
11495.000000
9784.000000
11442.000000
9718.000000
11385.000000
9644.000000
11326.000000
9564.000000
11265.000000
9482.000000
11206.000000
11551155
9912.000000
11543.000000
9866.000000
11499.000000
9811.000000
11449.000000
9746.000000
11393.000000
9673.000000
11334.000000
9594.000000
11273.000000
9512.000000
11213.000000
9428.000000
11156.000000
11551155
9912.000000
11543.000000
9866.000000
11499.000000
9811.000000
11449.000000
9746.000000
11393.000000
9673.000000
11334.000000
9594.000000
11273.000000
9512.000000
11213.000000
9428.000000
11156.000000
11551155
9871.000000
11505.000000
9819.000000
11457.000000
9757.000000
11403.000000
9686.000000
11344.000000
9608.000000
11283.000000
9525.000000
11221.000000
9440.000000
11160.000000
9356.000000
11102.000000
11551155
9871.000000
11505.000000
9819.000000
11457.000000
9757.000000
11403.000000
9686.000000
11344.000000
9608.000000
11283.000000
9525.000000
11221.000000
9440.000000
11160.000000
9356.000000
11102.000000
11551155
9871.000000
11505.000000
9819.000000
11457.000000
9757.000000
11403.000000
9686.000000
11344.000000
9608.000000
11283.000000
9525.000000
11221.000000
9440.000000
11160.000000
9356.000000
11102.000000
11551155
9895.000000
11518.000000
9848.000000
11473.000000
9791.000000
11421.000000
9725.000000
11365.000000
9651.000000
11304.000000
9571.000000
11242.000000
9487.000000
11180.000000
9402.000000
11121.000000
11551155
9895.000000
11518.000000
9848.000000
11473.000000
9791.000000
11421.000000
9725.000000
11365.000000
9651.000000
11304.000000
9571.000000
11242.000000
9487.000000
11180.000000
9402.000000
11121.000000
11551155
9895.000000
11518.000000
9848.000000
11473.000000
9791.000000
11421.000000
9725.000000
11365.000000
9651.000000
11304.000000
9571.000000
11242.000000
9487.000000
11180.000000
9402.000000
11121.000000
11551155
9903.000000
11514.000000
9861.000000
11473.000000
9809.000000
11425.000000
9748.000000
11372.000000
9678.000000
11314.000000
9602.000000
11255.000000
9521.000000
11194.000000
9437.000000
11135.000000
11551155
9903.000000
11514.000000
9861.000000
11473.000000
9809.000000
11425.000000
9748.000000
11372.000000
9678.000000
11314.000000
9602.000000
11255.000000
9521.000000
11194.000000
9437.000000
11135.000000
11551155
9884.000000
11489.000000
9838.000000
11444.000000
9782.000000
11392.000000
9716.000000
11335.000000
9642.000000
11275.000000
9561.000000
11212.000000
9476.000000
11150.000000
9390.000000
11090.000000
11551155
9884.000000
11489.000000
9838.000000
11444.000000
9782.000000
11392.000000
9716.000000
11335.000000
9642.000000
11275.000000
9561.000000
11212.000000
9476.000000
11150.000000
9390.000000
11090.000000
11551155
9884.000000
11489.000000
9838.000000
11444.000000
9782.000000
11392.000000
9716.000000
11335.000000
9642.000000
11275.000000
9561.000000
11212.000000
9476.000000
11150.000000
9390.000000
11090.000000
11551155
9806.000000
11414.000000
9746.000000
11360.000000
9677.000000
11302.000000
9600.000000
11240.000000
9517.000000
11177.000000
9431.000000
11115.000000
9345.000000
11054.000000
9260.000000
10999.000000
11551155
9806.000000
11414.000000
9746.000000
11360.000000
9677.000000
11302.000000
9600.000000
11240.000000
9517.000000
11177.000000
9431.000000
11115.000000
9345.000000
11054.000000
9260.000000
10999.000000
11551155
9916.000000
11507.000000
9884.000000
11474.000000
9843.000000
11433.000000
9791.000000
11385.000000
9730.000000
11331.000000
9591.000000
11274.000000
9507.000000
11213.000000
9464.000000
11152.000000
11551155
9916.000000
11507.000000
9884.000000
11474.000000
9843.000000
11433.000000
9791.000000
11385.000000
9730.000000
11331.000000
9591.000000
11274.000000
9507.000000
11213.000000
9464.000000
11152.000000
11551155
9916.000000
11507.000000
9884.000000
11474.000000
9843.000000
11433.000000
9791.000000
11385.000000
9730.000000
11331.000000
9591.000000
11274.000000
9507.000000
11213.000000
9464.000000
11152.000000
11551155
9920.000000
11495.000000
9885.000000
11458.000000
9841.000000
11415.000000
9786.000000
11364.000000
9721.000000
11308.000000
9648.000000
11248.000000
9568.000000
11186.000000
9484.000000
11123.000000
11551155
9920.000000
11495.000000
9885.000000
11458.000000
9841.000000
11415.000000
9786.000000
11364.000000
9721.000000
11308.000000
9648.000000
11248.000000
9568.000000
11186.000000
9484.000000
11123.000000
11551155
9920.000000
11495.000000
9885.000000
11458.000000
9841.000000
11415.000000
9786.000000
11364.000000
9721.000000
11308.000000
9648.000000
11248.000000
9568.000000
11186.000000
9484.000000
11123.000000
11551155
9816.000000
11393.000000
9762.000000
11343.000000
9698.000000
11287.000000
9626.000000
11227.000000
9547.000000
11164.000000
9463.000000
11102.000000
9378.000000
11041.000000
9293.000000
10983.000000
11551155
9816.000000
11393.000000
9762.000000
11343.000000
9698.000000
11287.000000
9626.000000
11227.000000
9547.000000
11164.000000
9463.000000
11102.000000
9378.000000
11041.000000
9293.000000
10983.000000
11551155
9898.000000
11460.000000
9861.000000
11422.000000
9814.000000
11376.000000
9757.000000
11324.000000
9691.000000
11267.000000
9618.000000
11207.000000
9539.000000
11146.000000
9456.000000
11085.000000
11551155
9898.000000
11460.000000
9861.000000
11422.000000
9814.000000
11376.000000
9757.000000
11324.000000
9691.000000
11267.000000
9618.000000
11207.000000
9539.000000
11146.000000
9456.000000
11085.000000
11551155
9898.000000
11460.000000
9861.000000
11422.000000
9814.000000
11376.000000
9757.000000
11324.000000
9691.000000
11267.000000
9618.000000
11207.000000
9539.000000
11146.000000
9456.000000
11085.000000
11551155
9908.000000
11458.000000
9874.000000
11423.000000
9830.000000
11380.000000
9777.000000
11330.000000
9714.000000
11276.000000
9643.000000
11218.000000
9566.000000
11158.000000
9485.000000
11098.000000
11551155
9908.000000
11458.000000
9874.000000
11423.000000
9830.000000
11380.000000
9777.000000
11330.000000
9714.000000
11276.000000
9643.000000
11218.000000
9566.000000
11158.000000
9485.000000
11098.000000
11551155
9908.000000
11458.000000
9874.000000
11423.000000
9830.000000
11380.000000
9777.000000
11330.000000
9714.000000
11276.000000
9643.000000
11218.000000
9566.000000
11158.000000
9485.000000
11098.000000
11551155
9893.000000
11432.000000
9854.000000
11393.000000
9805.000000
11346.000000
9746.000000
11294.000000
9679.000000
11237.000000
9604.000000
11177.000000
9524.000000
11116.000000
9440.000000
11056.000000
11551155
9893.000000
11432.000000
9854.000000
11393.000000
9805.000000
11346.000000
9746.000000
11294.000000
9679.000000
11237.000000
9604.000000
11177.000000
9524.000000
11116.000000
9440.000000
11056.000000
11551155
9846.000000
11374.000000
9797.000000
11328.000000
9738.000000
11276.000000
9670.000000
11220.000000
9595.000000
11161.000000
9516.000000
11102.000000
9434.000000
11044.000000
9352.000000
10989.000000
11551155
9846.000000
11374.000000
9797.000000
11328.000000
9738.000000
11276.000000
9670.000000
11220.000000
9595.000000
11161.000000
9516.000000
11102.000000
9434.000000
11044.000000
9352.000000
10989.000000
11551155
9846.000000
11374.000000
9797.000000
11328.000000
9738.000000
11276.000000
9670.000000
11220.000000
9595.000000
11161.000000
9516.000000
11102.000000
9434.000000
11044.000000
9352.000000
10989.000000
11551155
9903.000000
11420.000000
9867.000000
11383.000000
9821.000000
11340.000000
9766.000000
11290.000000
9703.000000
11236.000000
9633.000000
11180.000000
9557.000000
11122.000000
9479.000000
11066.000000
11551155
9903.000000
11420.000000
9867.000000
11383.000000
9821.000000
11340.000000
9766.000000
11290.000000
9703.000000
11236.000000
9633.000000
11180.000000
9557.000000
11122.000000
9479.000000
11066.000000
11551155
9926.000000
11431.000000
9896.000000
11399.000000
9856.000000
11360.000000
9807.000000
11314.000000
9748.000000
11263.000000
9682.000000
11208.000000
9608.000000
11150.000000
9530.000000
11092.000000
11551155
9926.000000
11431.000000
9896.000000
11399.000000
9856.000000
11360.000000
9807.000000
11314.000000
9748.000000
11263.000000
9682.000000
11208.000000
9608.000000
11150.000000
9530.000000
11092.000000
11551155
9926.000000
11431.000000
9896.000000
11399.000000
9856.000000
11360.000000
9807.000000
11314.000000
9748.000000
11263.000000
9682.000000
11208.000000
9608.000000
11150.000000
9530.000000
11092.000000
11551155
9883.000000
11381.000000
9842.000000
11342.000000
9792.000000
11296.000000
9732.000000
11245.000000
9663.000000
11189.000000
9588.000000
11130.000000
9508.000000
11071.000000
9425.000000
11012.000000
11551155
9883.000000
11381.000000
9842.000000
11342.000000
9792.000000
11296.000000
9732.000000
11245.000000
9663.000000
11189.000000
9588.000000
11130.000000
9508.000000
11071.000000
9425.000000
11012.000000
11551155
9883.000000
11381.000000
9842.000000
11342.000000
9792.000000
11296.000000
9732.000000
11245.000000
9663.000000
11189.000000
9588.000000
11130.000000
9508.000000
11071.000000
9425.000000
11012.000000
11551155
9849.000000
11343.000000
9801.000000
11298.000000
9743.000000
11246.000000
9676.000000
11190.000000
9601.000000
11131.000000
9521.000000
11070.000000
9437.000000
11011.000000
9353.000000
10955.000000
11551155
9849.000000
11343.000000
9801.000000
11298.000000
9743.000000
11246.000000
9676.000000
11190.000000
9601.000000
11131.000000
9521.000000
11070.000000
9437.000000
11011.000000
9353.000000
10955.000000
11551155
9846.000000
11364.000000
9821.000000
11325.000000
9778.000000
11279.000000
9722.000000
11228.000000
9655.000000
11171.000000
9579.000000
11112.000000
9498.000000
11052.000000
9414.000000
10993.000000
11551155
9846.000000
11364.000000
9821.000000
11325.000000
9778.000000
11279.000000
9722.000000
11228.000000
9655.000000
11171.000000
9579.000000
11112.000000
9498.000000
11052.000000
9414.000000
10993.000000
11551155
9846.000000
11364.000000
9821.000000
11325.000000
9778.000000
11279.000000
9722.000000
11228.000000
9655.000000
11171.000000
9579.000000
11112.000000
9498.000000
11052.000000
9414.000000
10993.000000
11551155
9868.000000
11357.000000
9827.000000
11317.000000
9776.000000
11270.000000
9715.000000
11216.000000
9644.000000
11158.000000
9565.000000
11096.000000
9480.000000
11033.000000
9392.000000
10971.000000
11551155
9868.000000
11357.000000
9827.000000
11317.000000
9776.000000
11270.000000
9715.000000
11216.000000
9644.000000
11158.000000
9565.000000
11096.000000
9480.000000
11033.000000
9392.000000
10971.000000
11551155
9868.000000
11357.000000
9827.000000
11317.000000
9776.000000
11270.000000
9715.000000
11216.000000
9644.000000
11158.000000
9565.000000
11096.000000
9480.000000
11033.000000
9392.000000
10971.000000
11551155
9798.000000
11288.000000
9746.000000
11240.000000
9683.000000
11185.000000
9611.000000
11125.000000
9531.000000
11063.000000
9446.000000
10999.000000
9357.000000
10936.000000
9268.000000
10877.000000
11551155
9798.000000
11288.000000
9746.000000
11240.000000
9683.000000
11185.000000
9611.000000
11125.000000
9531.000000
11063.000000
9446.000000
10999.000000
9357.000000
10936.000000
9268.000000
10877.000000
11551155
9820.000000
11315.000000
9776.000000
11272.000000
9721.000000
11223.000000
9656.000000
11168.000000
9583.000000
11108.000000
9502.000000
11046.000000
9417.000000
10984.000000
9329.000000
10923.000000
11551155
9820.000000
11315.000000
9776.000000
11272.000000
9721.000000
11223.000000
9656.000000
11168.000000
9583.000000
11108.000000
9502.000000
11046.000000
9417.000000
10984.000000
9329.000000
10923.000000
11551155
9820.000000
11315.000000
9776.000000
11272.000000
9721.000000
11223.000000
9656.000000
11168.000000
9583.000000
11108.000000
9502.000000
11046.000000
9417.000000
10984.000000
9329.000000
10923.000000
11551155
9807.000000
11313.000000
9753.000000
11271.000000
9720.000000
11221.000000
9666.00000

