11551155
7083.000000
10212.000000
7044.000000
10167.000000
6998.000000
10119.000000
6947.000000
10070.000000
6894.000000
10022.000000
6840.000000
9976.000000
6788.000000
9933.000000
6739.000000
9896.000000
11551155
7083.000000
10212.000000
7044.000000
10167.000000
6998.000000
10119.000000
6947.000000
10070.000000
6894.000000
10022.000000
6840.000000
9976.000000
6788.000000
9933.000000
6739.000000
9896.000000
11551155
7169.000000
10284.000000
7133.000000
10243.000000
7091.000000
10198.000000
7043.000000
10150.000000
6991.000000
10100.000000
6936.000000
10051.000000
6881.000000
10004.000000
6828.000000
9962.000000
11551155
7169.000000
10284.000000
7133.000000
10243.000000
7091.000000
10198.000000
7043.000000
10150.000000
6991.000000
10100.000000
6936.000000
10051.000000
6881.000000
10004.000000
6828.000000
9962.000000
11551155
7169.000000
10284.000000
7133.000000
10243.000000
7091.000000
10198.000000
7043.000000
10150.000000
6991.000000
10100.000000
6936.000000
10051.000000
6881.000000
10004.000000
6828.000000
9962.000000
11551155
7199.000000
10299.000000
7161.000000
10256.000000
7117.000000
10209.000000
7067.000000
10159.000000
7013.000000
10109.000000
6957.000000
10059.000000
6901.000000
10012.000000
6847.000000
9970.000000
11551155
7199.000000
10299.000000
7161.000000
10256.000000
7117.000000
10209.000000
7067.000000
10159.000000
7013.000000
10109.000000
6957.000000
10059.000000
6901.000000
10012.000000
6847.000000
9970.000000
11551155
7199.000000
10299.000000
7161.000000
10256.000000
7117.000000
10209.000000
7067.000000
10159.000000
7013.000000
10109.000000
6957.000000
10059.000000
6901.000000
10012.000000
6847.000000
9970.000000
11551155
7190.000000
10287.000000
7150.000000
10244.000000
7104.000000
10196.000000
7053.000000
10146.000000
6999.000000
10097.000000
6944.000000
10048.000000
6890.000000
10004.000000
6839.000000
9964.000000
11551155
7190.000000
10287.000000
7150.000000
10244.000000
7104.000000
10196.000000
7053.000000
10146.000000
6999.000000
10097.000000
6944.000000
10048.000000
6890.000000
10004.000000
6839.000000
9964.000000
11551155
7220.000000
10310.000000
7182.000000
10268.000000
7138.000000
10222.000000
7088.000000
10173.000000
7034.000000
10123.000000
6978.000000
10074.000000
6923.000000
10028.000000
6869.000000
9986.000000
11551155
7220.000000
10310.000000
7182.000000
10268.000000
7138.000000
10222.000000
7088.000000
10173.000000
7034.000000
10123.000000
6978.000000
10074.000000
6923.000000
10028.000000
6869.000000
9986.000000
11551155
7220.000000
10310.000000
7182.000000
10268.000000
7138.000000
10222.000000
7088.000000
10173.000000
7034.000000
10123.000000
6978.000000
10074.000000
6923.000000
10028.000000
6869.000000
9986.000000
11551155
7185.000000
10257.000000
7141.000000
10210.000000
7091.000000
10161.000000
7037.000000
10110.000000
6981.000000
10061.000000
6925.000000
10014.000000
6870.000000
9972.000000
6819.000000
9935.000000
11551155
7185.000000
10257.000000
7141.000000
10210.000000
7091.000000
10161.000000
7037.000000
10110.000000
6981.000000
10061.000000
6925.000000
10014.000000
6870.000000
9972.000000
6819.000000
9935.000000
11551155
7112.000000
10184.000000
7063.000000
10136.000000
7010.000000
10087.000000
6956.000000
10039.000000
6902.000000
9995.000000
6850.000000
9955.000000
6801.000000
9920.000000
6758.000000
9892.000000
11551155
7112.000000
10184.000000
7063.000000
10136.000000
7010.000000
10087.000000
6956.000000
10039.000000
6902.000000
9995.000000
6850.000000
9955.000000
6801.000000
9920.000000
6758.000000
9892.000000
11551155
7112.000000
10184.000000
7063.000000
10136.000000
7010.000000
10087.000000
6956.000000
10039.000000
6902.000000
9995.000000
6850.000000
9955.000000
6801.000000
9920.000000
6758.000000
9892.000000
11551155
7154.000000
10225.000000
7109.000000
10177.000000
7058.000000
10127.000000
7003.000000
10077.000000
6947.000000
10027.000000
6890.000000
9981.000000
6836.000000
9939.000000
6785.000000
9902.000000
11551155
7154.000000
10225.000000
7109.000000
10177.000000
7058.000000
10127.000000
7003.000000
10077.000000
6947.000000
10027.000000
6890.000000
9981.000000
6836.000000
9939.000000
6785.000000
9902.000000
11551155
7109.000000
10184.000000
7062.000000
10136.000000
7010.000000
10085.000000
6956.000000
10035.000000
6900.000000
9987.000000
6845.000000
9942.000000
6793.000000
9903.000000
6745.000000
9869.000000
11551155
7109.000000
10184.000000
7062.000000
10136.000000
7010.000000
10085.000000
6956.000000
10035.000000
6900.000000
9987.000000
6845.000000
9942.000000
6793.000000
9903.000000
6745.000000
9869.000000
11551155
7109.000000
10184.000000
7062.000000
10136.000000
7010.000000
10085.000000
6956.000000
10035.000000
6900.000000
9987.000000
6845.000000
9942.000000
6793.000000
9903.000000
6745.000000
9869.000000
11551155
7090.000000
10159.000000
7041.000000
10110.000000
6987.000000
10059.000000
6931.000000
10009.000000
6875.000000
9962.000000
6821.000000
9919.000000
6770.000000
9881.000000
6724.000000
9849.000000
11551155
7090.000000
10159.000000
7041.000000
10110.000000
6987.000000
10059.000000
6931.000000
10009.000000
6875.000000
9962.000000
6821.000000
9919.000000
6770.000000
9881.000000
6724.000000
9849.000000
11551155
7121.000000
10186.000000
7079.000000
10141.000000
7031.000000
10093.000000
6979.000000
10045.000000
6925.000000
9996.000000
6870.000000
9950.000000
6816.000000
9909.000000
6766.000000
9872.000000
11551155
7121.000000
10186.000000
7079.000000
10141.000000
7031.000000
10093.000000
6979.000000
10045.000000
6925.000000
9996.000000
6870.000000
9950.000000
6816.000000
9909.000000
6766.000000
9872.000000
11551155
7121.000000
10186.000000
7079.000000
10141.000000
7031.000000
10093.000000
6979.000000
10045.000000
6925.000000
9996.000000
6870.000000
9950.000000
6816.000000
9909.000000
6766.000000
9872.000000
11551155
7065.000000
10120.000000
7015.000000
10071.000000
6961.000000
10021.000000
6906.000000
9973.000000
6850.000000
9927.000000
6796.000000
9885.000000
6746.000000
9850.000000
6701.000000
9820.000000
11551155
7065.000000
10120.000000
7015.000000
10071.000000
6961.000000
10021.000000
6906.000000
9973.000000
6850.000000
9927.000000
6796.000000
9885.000000
6746.000000
9850.000000
6701.000000
9820.000000
11551155
7062.000000
10114.000000
7015.000000
10066.000000
6963.000000
10017.000000
6909.000000
9968.000000
6854.000000
9922.000000
6801.000000
9879.000000
6701.000000
9841.000000
6661.000000
9809.000000
11551155
7062.000000
10114.000000
7015.000000
10066.000000
6963.000000
10017.000000
6909.000000
9968.000000
6854.000000
9922.000000
6801.000000
9879.000000
6701.000000
9841.000000
6661.000000
9809.000000
11551155
7062.000000
10114.000000
7015.000000
10066.000000
6963.000000
10017.000000
6909.000000
9968.000000
6854.000000
9922.000000
6801.000000
9879.000000
6701.000000
9841.000000
6661.000000
9809.000000
11551155
7064.000000
10101.000000
7017.000000
10054.000000
6966.000000
10005.000000
6912.000000
9956.000000
6857.000000
9910.000000
6803.000000
9867.000000
6753.000000
9830.000000
6708.000000
9798.000000
11551155
7064.000000
10101.000000
7017.000000
10054.000000
6966.000000
10005.000000
6912.000000
9956.000000
6857.000000
9910.000000
6803.000000
9867.000000
6753.000000
9830.000000
6708.000000
9798.000000
11551155
7030.000000
10058.000000
6980.000000
10010.000000
6928.000000
9961.000000
6874.000000
9915.000000
6821.000000
9871.000000
6770.000000
9832.000000
6724.000000
9800.000000
6683.000000
9773.000000
11551155
7030.000000
10058.000000
6980.000000
10010.000000
6928.000000
9961.000000
6874.000000
9915.000000
6821.000000
9871.000000
6770.000000
9832.000000
6724.000000
9800.000000
6683.000000
9773.000000
11551155
7030.000000
10058.000000
6980.000000
10010.000000
6928.000000
9961.000000
6874.000000
9915.000000
6821.000000
9871.000000
6770.000000
9832.000000
6724.000000
9800.000000
6683.000000
9773.000000
11551155
7111.000000
10128.000000
7069.000000
10083.000000
7021.000000
10035.000000
6969.000000
9986.000000
6915.000000
9937.000000
6861.000000
9891.000000
6808.000000
9850.000000
6759.000000
9813.000000
11551155
7111.000000
10128.000000
7069.000000
10083.000000
7021.000000
10035.000000
6969.000000
9986.000000
6915.000000
9937.000000
6861.000000
9891.000000
6808.000000
9850.000000
6759.000000
9813.000000
11551155
7084.000000
10084.000000
7034.000000
10036.000000
6980.000000
9987.000000
6925.000000
9939.000000
6870.000000
9893.000000
6816.000000
9852.000000
6767.000000
9817.000000
6723.000000
9787.000000
11551155
7084.000000
10084.000000
7034.000000
10036.000000
6980.000000
9987.000000
6925.000000
9939.000000
6870.000000
9893.000000
6816.000000
9852.000000
6767.000000
9817.000000
6723.000000
9787.000000
11551155
7084.000000
10084.000000
7034.000000
10036.000000
6980.000000
9987.000000
6925.000000
9939.000000
6870.000000
9893.000000
6816.000000
9852.000000
6767.000000
9817.000000
6723.000000
9787.000000
11551155
7173.000000
10160.000000
7134.000000
10116.000000
7088.000000
10069.000000
6987.000000
10020.000000
6930.000000
9971.000000
6902.000000
9923.000000
6861.000000
9879.000000
6816.000000
9841.000000
11551155
7173.000000
10160.000000
7134.000000
10116.000000
7088.000000
10069.000000
6987.000000
10020.000000
6930.000000
9971.000000
6902.000000
9923.000000
6861.000000
9879.000000
6816.000000
9841.000000
11551155
7213.000000
10183.000000
7175.000000
10141.000000
7130.000000
10095.000000
7080.000000
10046.000000
7026.000000
9997.000000
6970.000000
9949.000000
6915.000000
9904.000000
6862.000000
9864.000000
11551155
7213.000000
10183.000000
7175.000000
10141.000000
7130.000000
10095.000000
7080.000000
10046.000000
7026.000000
9997.000000
6970.000000
9949.000000
6915.000000
9904.000000
6862.000000
9864.000000
11551155
7213.000000
10183.000000
7175.000000
10141.000000
7130.000000
10095.000000
7080.000000
10046.000000
7026.000000
9997.000000
6970.000000
9949.000000
6915.000000
9904.000000
6862.000000
9864.000000
11551155
7157.000000
10113.000000
7108.000000
10065.000000
7054.000000
10016.000000
6998.000000
9967.000000
6942.000000
9920.000000
6887.000000
9877.000000
6836.000000
9840.000000
6790.000000
9809.000000
11551155
7157.000000
10113.000000
7108.000000
10065.000000
7054.000000
10016.000000
6998.000000
9967.000000
6942.000000
9920.000000
6887.000000
9877.000000
6836.000000
9840.000000
6790.000000
9809.000000
11551155
7148.000000
10104.000000
7100.000000
10056.000000
7047.000000
10008.000000
6992.000000
9959.000000
6936.000000
9914.000000
6882.000000
9872.000000
6831.000000
9835.000000
6786.000000
9804.000000
11551155
7148.000000
10104.000000
7100.000000
10056.000000
7047.000000
10008.000000
6992.000000
9959.000000
6936.000000
9914.000000
6882.000000
9872.000000
6831.000000
9835.000000
6786.000000
9804.000000
11551155
7148.000000
10104.000000
7100.000000
10056.000000
7047.000000
10008.000000
6992.000000
9959.000000
6936.000000
9914.000000
6882.000000
9872.000000
6831.000000
9835.000000
6786.000000
9804.000000
11551155
7124.000000
10075.000000
7075.000000
10028.000000
7022.000000
9980.000000
6968.000000
9934.000000
6914.000000
9890.000000
6862.000000
9851.000000
6814.000000
9818.000000
6772.000000
9790.000000
11551155
7124.000000
10075.000000
7075.000000
10028.000000
7022.000000
9980.000000
6968.000000
9934.000000
6914.000000
9890.000000
6862.000000
9851.000000
6814.000000
9818.000000
6772.000000
9790.000000
11551155
7140.000000
10082.000000
7091.000000
10035.000000
7039.000000
9987.000000
6984.000000
9940.000000
6930.000000
9895.000000
6826.000000
9856.000000
6781.000000
9821.000000
6762.000000
9793.000000
11551155
7140.000000
10082.000000
7091.000000
10035.000000
7039.000000
9987.000000
6984.000000
9940.000000
6930.000000
9895.000000
6826.000000
9856.000000
6781.000000
9821.000000
6762.000000
9793.000000
11551155
7140.000000
10082.000000
7091.000000
10035.000000
7039.000000
9987.000000
6984.000000
9940.000000
6930.000000
9895.000000
6826.000000
9856.000000
6781.000000
9821.000000
6762.000000
9793.000000
11551155
7187.000000
10117.000000
7143.000000
10071.000000
7093.000000
10023.000000
7040.000000
9974.000000
6986.000000
9927.000000
6932.000000
9883.000000
6881.000000
9844.000000
6834.000000
9811.000000
11551155
7187.000000
10117.000000
7143.000000
10071.000000
7093.000000
10023.000000
7040.000000
9974.000000
6986.000000
9927.000000
6932.000000
9883.000000
6881.000000
9844.000000
6834.000000
9811.000000
11551155
7170.000000
10095.000000
7126.000000
10049.000000
7077.000000
10002.000000
7024.000000
9955.000000
6970.000000
9910.000000
6918.000000
9870.000000
6869.000000
9834.000000
6825.000000
9804.000000
11551155
7170.000000
10095.000000
7126.000000
10049.000000
7077.000000
10002.000000
7024.000000
9955.000000
6970.000000
9910.000000
6918.000000
9870.000000
6869.000000
9834.000000
6825.000000
9804.000000
11551155
7195.000000
10104.000000
7147.000000
10056.000000
7095.000000
10006.000000
7039.000000
9957.000000
6983.000000
9909.000000
6927.000000
9866.000000
6875.000000
9827.000000
6827.000000
9794.000000
11551155
7195.000000
10104.000000
7147.000000
10056.000000
7095.000000
10006.000000
7039.000000
9957.000000
6983.000000
9909.000000
6927.000000
9866.000000
6875.000000
9827.000000
6827.000000
9794.000000
11551155
7195.000000
10104.000000
7147.000000
10056.000000
7095.000000
10006.000000
7039.000000
9957.000000
6983.000000
9909.000000
6927.000000
9866.000000
6875.000000
9827.000000
6827.000000
9794.000000
11551155
7143.000000
10048.000000
7090.000000
9998.000000
7035.000000
9949.000000
6978.000000
9901.000000
6922.000000
9857.000000
6868.000000
9818.000000
6819.000000
9784.000000
6776.000000
9757.000000
11551155
7143.000000
10048.000000
7090.000000
9998.000000
7035.000000
9949.000000
6978.000000
9901.000000
6922.000000
9857.000000
6868.000000
9818.000000
6819.000000
9784.000000
6776.000000
9757.000000
11551155
7222.000000
10119.000000
7178.000000
10072.000000
7128.000000
10023.000000
7073.000000
9972.000000
7016.000000
9922.000000
6959.000000
9875.000000
6903.000000
9832.000000
6851.000000
9795.000000
11551155
7222.000000
10119.000000
7178.000000
10072.000000
7128.000000
10023.000000
7073.000000
9972.000000
7016.000000
9922.000000
6959.000000
9875.000000
6903.000000
9832.000000
6851.000000
9795.000000
11551155
7222.000000
10119.000000
7178.000000
10072.000000
7128.000000
10023.000000
7073.000000
9972.000000
7016.000000
9922.000000
6959.000000
9875.000000
6903.000000
9832.000000
6851.000000
9795.000000
11551155
7189.000000
10069.000000
7139.000000
10021.000000
7085.000000
9971.000000
7029.000000
9923.000000
6973.000000
9877.000000
6919.000000
9835.000000
6868.000000
9799.000000
6822.000000
9769.000000
11551155
7189.000000
10069.000000
7139.000000
10021.000000
7085.000000
9971.000000
7029.000000
9923.000000
6973.000000
9877.000000
6919.000000
9835.000000
6868.000000
9799.000000
6822.000000
9769.000000
11551155
7225.000000
10101.000000
7178.000000
10053.000000
7126.000000
10003.000000
7070.000000
9953.000000
7012.000000
9904.000000
6955.000000
9859.000000
6901.000000
9819.000000
6852.000000
9785.000000
11551155
7225.000000
10101.000000
7178.000000
10053.000000
7126.000000
10003.000000
7070.000000
9953.000000
7012.000000
9904.000000
6955.000000
9859.000000
6901.000000
9819.000000
6852.000000
9785.000000
11551155
7225.000000
10101.000000
7178.000000
10053.000000
7126.000000
10003.000000
7070.000000
9953.000000
7012.000000
9904.000000
6955.000000
9859.000000
6901.000000
9819.000000
6852.000000
9785.000000
11551155
7253.000000
10121.000000
7208.000000
10075.000000
7157.000000
10024.000000
7102.000000
9973.000000
7043.000000
9921.000000
6984.000000
9872.000000
6926.000000
9827.000000
6871.000000
9787.000000
11551155
7253.000000
10121.000000
7208.000000
10075.000000
7157.000000
10024.000000
7102.000000
9973.000000
7043.000000
9921.000000
6984.000000
9872.000000
6926.000000
9827.000000
6871.000000
9787.000000
11551155
7165.000000
10028.000000
7114.000000
9979.000000
7059.000000
9928.000000
7002.000000
9878.000000
6944.000000
9831.000000
6888.000000
9788.000000
6836.000000
9750.000000
6789.000000
9718.000000
11551155
7165.000000
10028.000000
7114.000000
9979.000000
7059.000000
9928.000000
7002.000000
9878.000000
6944.000000
9831.000000
6888.000000
9788.000000
6836.000000
9750.000000
6789.000000
9718.000000
11551155
7165.000000
10028.000000
7114.000000
9979.000000
7059.000000
9928.000000
7002.000000
9878.000000
6944.000000
9831.000000
6888.000000
9788.000000
6836.000000
9750.000000
6789.000000
9718.000000
11551155
7105.000000
9972.000000
7057.000000
9925.000000
7005.000000
9877.000000
6951.000000
9831.000000
6897.000000
9787.000000
6845.000000
9748.000000
6797.000000
9714.000000
6754.000000
9687.000000
11551155
7105.000000
9972.000000
7057.000000
9925.000000
7005.000000
9877.000000
6951.000000
9831.000000
6897.000000
9787.000000
6845.000000
9748.000000
6797.000000
9714.000000
6754.000000
9687.000000
11551155
7105.000000
9972.000000
7057.000000
9925.000000
7005.000000
9877.000000
6951.000000
9831.000000
6897.000000
9787.000000
6845.000000
9748.000000
6797.000000
9714.000000
6754.000000
9687.000000
11551155
7184.000000
10041.000000
7142.000000
9997.000000
7095.000000
9950.000000
7043.000000
9900.000000
6988.000000
9851.000000
6932.000000
9804.000000
6877.000000
9761.000000
6825.000000
9722.000000
11551155
7184.000000
10041.000000
7142.000000
9997.000000
7095.000000
9950.000000
7043.000000
9900.000000
6988.000000
9851.000000
6932.000000
9804.000000
6877.000000
9761.000000
6825.000000
9722.000000
11551155
7137.000000
9981.000000
7089.000000
9933.000000
7037.000000
9885.000000
6982.000000
9836.000000
6926.000000
9789.000000
6871.000000
9746.000000
6819.000000
9708.000000
6772.000000
9676.000000
11551155
7137.000000
9981.000000
7089.000000
9933.000000
7037.000000
9885.000000
6982.000000
9836.000000
6926.000000
9789.000000
6871.000000
9746.000000
6819.000000
9708.000000
6772.000000
9676.000000
11551155
7137.000000
9981.000000
7089.000000
9933.000000
7037.000000
9885.000000
6982.000000
9836.000000
6926.000000
9789.000000
6871.000000
9746.000000
6819.000000
9708.000000
6772.000000
9676.000000
11551155
7193.000000
10024.000000
7152.000000
9981.000000
7105.000000
9934.000000
7054.000000
9886.000000
6999.000000
9838.000000
6944.000000
9792.000000
6890.000000
9749.000000
6838.000000
9712.000000
11551155
7193.000000
10024.000000
7152.000000
9981.000000
7105.000000
9934.000000
7054.000000
9886.000000
6999.000000
9838.000000
6944.000000
9792.000000
6890.000000
9749.000000
6838.000000
9712.000000
11551155
7193.000000
10024.000000
7152.000000
9981.000000
7105.000000
9934.000000
7054.000000
9886.000000
6999.000000
9838.000000
6944.000000
9792.000000
6890.000000
9749.000000
6838.000000
9712.000000
11551155
7218.000000
10033.000000
7176.000000
9989.000000
7081.000000
9941.000000
7024.000000
9892.000000
6995.000000
9842.000000
6951.000000
9794.000000
6902.000000
9750.000000
6852.000000
9711.000000
11551155
7218.000000
10033.000000
7176.000000
9989.000000
7081.000000
9941.000000
7024.000000
9892.000000
6995.000000
9842.000000
6951.000000
9794.000000
6902.000000
9750.000000
6852.000000
9711.000000
11551155
7253.000000
10062.000000
7216.000000
10022.000000
7173.000000
9977.000000
7124.000000
9929.000000
7070.000000
9880.000000
7014.000000
9832.000000
6958.000000
9785.000000
6903.000000
9743.000000
11551155
7253.000000
10062.000000
7216.000000
10022.000000
7173.000000
9977.000000
7124.000000
9929.000000
7070.000000
9880.000000
7014.000000
9832.000000
6958.000000
9785.000000
6903.000000
9743.000000
11551155
7253.000000
10062.000000
7216.000000
10022.000000
7173.000000
9977.000000
7124.000000
9929.000000
7070.000000
9880.000000
7014.000000
9832.000000
6958.000000
9785.000000
6903.000000
9743.000000
11551155
7237.000000
10028.000000
7192.000000
9982.000000
7141.000000
9932.000000
7086.000000
9882.000000
7028.000000
9832.000000
6970.000000
9785.000000
6914.000000
9743.000000
6862.000000
9705.000000
11551155
7237.000000
10028.000000
7192.000000
9982.000000
7141.000000
9932.000000
7086.000000
9882.000000
7028.000000
9832.000000
6970.000000
9785.000000
6914.000000
9743.000000
6862.000000
9705.000000
11551155
7237.000000
10028.000000
7192.000000
9982.000000
7141.000000
9932.000000
7086.000000
9882.000000
7028.000000
9832.000000
6970.000000
9785.000000
6914.000000
9743.000000
6862.000000
9705.000000
11551155
7216.000000
9999.000000
7168.000000
9952.000000
7115.000000
9902.000000
7059.000000
9852.000000
7002.000000
9804.000000
6945.000000
9759.000000
6891.000000
9719.000000
6841.000000
9685.000000
11551155
7216.000000
9999.000000
7168.000000
9952.000000
7115.000000
9902.000000
7059.000000
9852.000000
7002.000000
9804.000000
6945.000000
9759.000000
6891.000000
9719.000000
6841.000000
9685.000000
11551155
7253.000000
10029.000000
7210.000000
9984.000000
7161.000000
9935.000000
7107.000000
9884.000000
7050.000000
9834.000000
6991.000000
9785.000000
6934.000000
9740.000000
6880.000000
9701.000000
11551155
7253.000000
10029.000000
7210.000000
9984.000000
7161.000000
9935.000000
7107.000000
9884.000000
7050.000000
9834.000000
6991.000000
9785.000000
6934.000000
9740.000000
6880.000000
9701.000000
11551155
7253.000000
10029.000000
7210.000000
9984.000000
7161.000000
9935.000000
7107.000000
9884.000000
7050.000000
9834.000000
6991.000000
9785.000000
6934.000000
9740.000000
6880.000000
9701.000000
11551155
7236.000000
10006.000000
7191.000000
9960.000000
7140.000000
9910.000000
7085.000000
9860.000000
7027.000000
9809.000000
6969.000000
9761.000000
6912.000000
9717.000000
6859.000000
9678.000000
11551155
7236.000000
10006.000000
7191.000000
9960.000000
7140.000000
9910.000000
7085.000000
9860.000000
7027.000000
9809.000000
6969.000000
9761.000000
6912.000000
9717.000000
6859.000000
9678.000000
11551155
7236.000000
10006.000000
7191.000000
9960.000000
7140.000000
9910.000000
7085.000000
9860.000000
7027.000000
9809.000000
6969.000000
9761.000000
6912.000000
9717.000000
6859.000000
9678.000000
11551155
7178.000000
9939.000000
7130.000000
9892.000000
7077.000000
9844.000000
7022.000000
9795.000000
6966.000000
9749.000000
6911.000000
9706.000000
6860.000000
9669.000000
6813.000000
9637.000000
11551155
7178.000000
9939.000000
7130.000000
9892.000000
7077.000000
9844.000000
7022.000000
9795.000000
6966.000000
9749.000000
6911.000000
9706.000000
6860.000000
9669.000000
6813.000000
9637.000000
11551155
7208.000000
9999.000000
7184.000000
9956.000000
7146.000000
9909.000000
7098.000000
9859.000000
7045.000000
9810.000000
6990.000000
9762.000000
6935.000000
9717.000000
6882.000000
9678.000000
11551155
7208.000000
9999.000000
7184.000000
9956.000000
7146.000000
9909.000000
7098.000000
9859.000000
7045.000000
9810.000000
6990.000000
9762.000000
6935.000000
9717.000000
6882.000000
9678.000000
11551155
7208.000000
9999.000000
7184.000000
9956.000000
7146.000000
9909.000000
7098.000000
9859.000000
7045.000000
9810.000000
6990.000000
9762.000000
6935.000000
9717.000000
6882.000000
9678.000000
11551155
7258.000000
10006.000000
7221.000000
9966.000000
7178.000000
9920.000000
7129.000000
9872.000000
7076.000000
9822.000000
7020.000000
9773.000000
6964.000000
9726.000000
6909.000000
9683.000000
11551155
7258.000000
10006.000000
7221.000000
9966.000000
7178.000000
9920.000000
7129.000000
9872.000000
7076.000000
9822.000000
7020.000000
9773.000000
6964.000000
9726.000000
6909.000000
9683.000000
11551155
7258.000000
10006.000000
7221.000000
9966.000000
7178.000000
9920.000000
7129.000000
9872.000000
7076.000000
9822.000000
7020.000000
9773.000000
6964.000000
9726.000000
6909.000000
9683.000000
11551155
7224.000000
9954.000000
7180.000000
9908.000000
7131.000000
9859.000000
7077.000000
9809.000000
7021.000000
9760.000000
6964.000000
9713.000000
6909.000000
9670.000000
6857.000000
9632.000000
11551155
7224.000000
9954.000000
7180.000000
9908.000000
7131.000000
9859.000000
7077.000000
9809.000000
7021.000000
9760.000000
6964.000000
9713.000000
6909.000000
9670.000000
6857.000000
9632.000000
11551155
7223.000000
9942.000000
7181.000000
9898.000000
7133.000000
9851.000000
7081.000000
9802.000000
7026.000000
9754.000000
6971.000000
9708.000000
6917.000000
9665.000000
6866.000000
9628.000000
11551155
7223.000000
9942.000000
7181.000000
9898.000000
7133.000000
9851.000000
7081.000000
9802.000000
7026.000000
9754.000000
6971.000000
9708.000000
6917.000000
9665.000000
6866.000000
9628.000000
11551155
7223.000000
9942.000000
7181.000000
9898.000000
7133.000000
9851.000000
7081.000000
9802.000000
7026.000000
9754.000000
6971.000000
9708.000000
6917.000000
9665.000000
6866.000000
9628.000000
11551155
7285.000000
9996.000000
7246.000000
9954.000000
7201.000000
9908.000000
7150.000000
9859.000000
7096.000000
9808.000000
7039.000000
9759.000000
6925.000000
9712.000000
6872.000000
9669.000000
11551155
7285.000000
9996.000000
7246.000000
9954.000000
7201.000000
9908.000000
7150.000000
9859.000000
7096.000000
9808.000000
7039.000000
9759.000000
6925.000000
9712.000000
6872.000000
9669.000000
11551155
7285.000000
9996.000000
7246.000000
9954.000000
7201.000000
9908.000000
7150.000000
9859.000000
7096.000000
9808.000000
7039.000000
9759.000000
6925.000000
9712.000000
6872.000000
9669.000000
11551155
7347.000000
10037.000000
7313.000000
9998.000000
7272.000000
9954.000000
7224.000000
9906.000000
7171.000000
9856.000000
7114.000000
9806.000000
7056.000000
9757.000000
6998.000000
9712.000000
11551155
7347.000000
10037.000000
7313.000000
9998.000000
7272.000000
9954.000000
7224.000000
9906.000000
7171.000000
9856.000000
7114.000000
9806.000000
7056.000000
9757.000000
6998.000000
9712.000000
11551155
7347.000000
10037.000000
7313.000000
9998.000000
7272.000000
9954.000000
7224.000000
9906.000000
7171.000000
9856.000000
7114.000000
9806.000000
7056.000000
9757.000000
6998.000000
9712.000000
11551155
7343.000000
10019.000000
7305.000000
9978.000000
7261.000000
9934.000000
7212.000000
9887.000000
7159.000000
9839.000000
7104.000000
9792.000000
7049.000000
9748.000000
6996.000000
9708.000000
11551155
7343.000000
10019.000000
7305.000000
9978.000000
7261.000000
9934.000000
7212.000000
9887.000000
7159.000000
9839.000000
7104.000000
9792.000000
7049.000000
9748.000000
6996.000000
9708.000000
11551155
7412.000000
10056.000000
7374.000000
10015.000000
7329.000000
9969.000000
7279.000000
9920.000000
7224.000000
9869.000000
7166.000000
9819.000000
7108.000000
9772.000000
7051.000000
9728.000000
11551155
7412.000000
10056.000000
7374.000000
10015.000000
7329.000000
9969.000000
7279.000000
9920.000000
7224.000000
9869.000000
7166.000000
9819.000000
7108.000000
9772.000000
7051.000000
9728.000000
11551155
7412.000000
10056.000000
7374.000000
10015.000000
7329.000000
9969.000000
7279.000000
9920.000000
7224.000000
9869.000000
7166.000000
9819.000000
7108.000000
9772.000000
7051.000000
9728.000000
11551155
7466.000000
10097.000000
7433.000000
10059.000000
7393.000000
10016.000000
7346.000000
9970.000000
7294.000000
9920.000000
7239.000000
9871.000000
7182.000000
9822.000000
7125.000000
9777.000000
11551155
7466.000000
10097.000000
7433.000000
10059.000000
7393.000000
10016.000000
7346.000000
9970.000000
7294.000000
9920.000000
7239.000000
9871.000000
7182.000000
9822.000000
7125.000000
9777.000000
11551155
7466.000000
10097.000000
7433.000000
10059.000000
7393.000000
10016.000000
7346.000000
9970.000000
7294.000000
9920.000000
7239.000000
9871.000000
7182.000000
9822.000000
7125.000000
9777.000000
11551155
7518.000000
10143.000000
7487.000000
10107.000000
7448.000000
10066.000000
7403.000000
10022.000000
7353.000000
9974.000000
7299.000000
9925.000000
7243.000000
9878.000000
7186.000000
9833.000000
11551155
7518.000000
10143.000000
7487.000000
10107.000000
7448.000000
10066.000000
7403.000000
10022.000000
7353.000000
9974.000000
7299.000000
9925.000000
7243.000000
9878.000000
7186.000000
9833.000000
11551155
7546.000000
10150.000000
7506.000000
10108.000000
7459.000000
10063.000000
7407.000000
10014.000000
7351.000000
9965.000000
7293.000000
9917.000000
7234.000000
9872.000000
7178.000000
9832.000000
11551155
7546.000000
10150.000000
7506.000000
10108.000000
7459.000000
10063.000000
7407.000000
10014.000000
7351.000000
9965.000000
7293.000000
9917.000000
7234.000000
9872.000000
7178.000000
9832.000000
11551155
7546.000000
10150.000000
7506.000000
10108.000000
7459.000000
10063.000000
7407.000000
10014.000000
7351.000000
9965.000000
7293.000000
9917.000000
7234.000000
9872.000000
7178.000000
9832.000000
11551155
7600.000000
10212.000000
7568.000000
10171.000000
7526.000000
10126.000000
7476.000000
10077.000000
7421.000000
10027.000000
7363.000000
9977.000000
7305.000000
9930.000000
7248.000000
9886.000000
11551155
7600.000000
10212.000000
7568.000000
10171.000000
7526.000000
10126.000000
7476.000000
10077.000000
7421.000000
10027.000000
7363.000000
9977.000000
7305.000000
9930.000000
7248.000000
9886.000000
11551155
7600.000000
10212.000000
7568.000000
10171.000000
7526.000000
10126.000000
7476.000000
10077.000000
7421.000000
10027.000000
7363.000000
9977.000000
7305.000000
9930.000000
7248.000000
9886.000000
11551155
7683.000000
10281.000000
7654.000000
10246.000000
7617.000000
10207.000000
7574.000000
10163.000000
7524.000000
10115.000000
7470.000000
10067.000000
7414.000000
10019.000000
7357.000000
9974.000000
11551155
7683.000000
10281.000000
7654.000000
10246.000000
7617.000000
10207.000000
7574.000000
10163.000000
7524.000000
10115.000000
7470.000000
10067.000000
7414.000000
10019.000000
7357.000000
9974.000000
11551155
7691.000000
10273.000000
7650.000000
10231.000000
7602.000000
10184.000000
7549.000000
10135.000000
7492.000000
10085.000000
7433.000000
10036.000000
7374.000000
9991.000000
7318.000000
9949.000000
11551155
7691.000000
10273.000000
7650.000000
10231.000000
7602.000000
10184.000000
7549.000000
10135.000000
7492.000000
10085.000000
7433.000000
10036.000000
7374.000000
9991.000000
7318.000000
9949.000000
11551155
7691.000000
10273.000000
7650.000000
10231.000000
7602.000000
10184.000000
7549.000000
10135.000000
7492.000000
10085.000000
7433.000000
10036.000000
7374.000000
9991.000000
7318.000000
9949.000000
11551155
7668.000000
10245.000000
7622.000000
10199.000000
7570.000000
10150.000000
7514.000000
10100.000000
7456.000000
10051.000000
7397.000000
10004.000000
7340.000000
9961.000000
7287.000000
9924.000000
11551155
7668.000000
10245.000000
7622.000000
10199.000000
7570.000000
10150.000000
7514.000000
10100.000000
7456.000000
10051.000000
7397.000000
10004.000000
7340.000000
9961.000000
7287.000000
9924.000000
11551155
7701.000000
10277.000000
7662.000000
10236.000000
7616.000000
10190.000000
7564.000000
10141.000000
7508.000000
10091.000000
7450.000000
10042.000000
7391.000000
9996.000000
7334.000000
9953.000000
11551155
7701.000000
10277.000000
7662.000000
10236.000000
7616.000000
10190.000000
7564.000000
10141.000000
7508.000000
10091.000000
7450.000000
10042.000000
7391.000000
9996.000000
7334.000000
9953.000000
11551155
7701.000000
10277.000000
7662.000000
10236.000

