11551155
8381.000000
10964.000000
8295.000000
10878.000000
8198.000000
10787.000000
8094.000000
10695.000000
7986.000000
10604.000000
7878.000000
10519.000000
7774.000000
10441.000000
7677.000000
10373.000000
11551155
8381.000000
10964.000000
8295.000000
10878.000000
8198.000000
10787.000000
8094.000000
10695.000000
7986.000000
10604.000000
7878.000000
10519.000000
7774.000000
10441.000000
7677.000000
10373.000000
11551155
8384.000000
10974.000000
8307.000000
10895.000000
8218.000000
10810.000000
8121.000000
10722.000000
8018.000000
10634.000000
7913.000000
10549.000000
7810.000000
10470.000000
7712.000000
10398.000000
11551155
8384.000000
10974.000000
8307.000000
10895.000000
8218.000000
10810.000000
8121.000000
10722.000000
8018.000000
10634.000000
7913.000000
10549.000000
7810.000000
10470.000000
7712.000000
10398.000000
11551155
8384.000000
10974.000000
8307.000000
10895.000000
8218.000000
10810.000000
8121.000000
10722.000000
8018.000000
10634.000000
7913.000000
10549.000000
7810.000000
10470.000000
7712.000000
10398.000000
11551155
8411.000000
10984.000000
8330.000000
10903.000000
8239.000000
10817.000000
8140.000000
10729.000000
8036.000000
10642.000000
7932.000000
10559.000000
7831.000000
10483.000000
7736.000000
10416.000000
11551155
8411.000000
10984.000000
8330.000000
10903.000000
8239.000000
10817.000000
8140.000000
10729.000000
8036.000000
10642.000000
7932.000000
10559.000000
7831.000000
10483.000000
7736.000000
10416.000000
11551155
8411.000000
10984.000000
8330.000000
10903.000000
8239.000000
10817.000000
8140.000000
10729.000000
8036.000000
10642.000000
7932.000000
10559.000000
7831.000000
10483.000000
7736.000000
10416.000000
11551155
8326.000000
10900.000000
8236.000000
10814.000000
8138.000000
10725.000000
8034.000000
10636.000000
7928.000000
10549.000000
7824.000000
10468.000000
7725.000000
10395.000000
7633.000000
10331.000000
11551155
8326.000000
10900.000000
8236.000000
10814.000000
8138.000000
10725.000000
8034.000000
10636.000000
7928.000000
10549.000000
7824.000000
10468.000000
7725.000000
10395.000000
7633.000000
10331.000000
11551155
8182.000000
10790.000000
8101.000000
10711.000000
8012.000000
10629.000000
7917.000000
10547.000000
7821.000000
10467.000000
7726.000000
10393.000000
7635.000000
10325.000000
7468.000000
10267.000000
11551155
8182.000000
10790.000000
8101.000000
10711.000000
8012.000000
10629.000000
7917.000000
10547.000000
7821.000000
10467.000000
7726.000000
10393.000000
7635.000000
10325.000000
7468.000000
10267.000000
11551155
8182.000000
10790.000000
8101.000000
10711.000000
8012.000000
10629.000000
7917.000000
10547.000000
7821.000000
10467.000000
7726.000000
10393.000000
7635.000000
10325.000000
7468.000000
10267.000000
11551155
8244.000000
10834.000000
8169.000000
10758.000000
8084.000000
10678.000000
7992.000000
10595.000000
7896.000000
10514.000000
7799.000000
10436.000000
7704.000000
10365.000000
7615.000000
10301.000000
11551155
8244.000000
10834.000000
8169.000000
10758.000000
8084.000000
10678.000000
7992.000000
10595.000000
7896.000000
10514.000000
7799.000000
10436.000000
7704.000000
10365.000000
7615.000000
10301.000000
11551155
8115.000000
10704.000000
8027.000000
10622.000000
7933.000000
10538.000000
7835.000000
10457.000000
7738.000000
10380.000000
7644.000000
10309.000000
7556.000000
10248.000000
7477.000000
10195.000000
11551155
8115.000000
10704.000000
8027.000000
10622.000000
7933.000000
10538.000000
7835.000000
10457.000000
7738.000000
10380.000000
7644.000000
10309.000000
7556.000000
10248.000000
7477.000000
10195.000000
11551155
8115.000000
10704.000000
8027.000000
10622.000000
7933.000000
10538.000000
7835.000000
10457.000000
7738.000000
10380.000000
7644.000000
10309.000000
7556.000000
10248.000000
7477.000000
10195.000000
11551155
8082.000000
10680.000000
8000.000000
10602.000000
7822.000000
10521.000000
7725.000000
10442.000000
7677.000000
10365.000000
7608.000000
10295.000000
7533.000000
10232.000000
7459.000000
10178.000000
11551155
8082.000000
10680.000000
8000.000000
10602.000000
7822.000000
10521.000000
7725.000000
10442.000000
7677.000000
10365.000000
7608.000000
10295.000000
7533.000000
10232.000000
7459.000000
10178.000000
11551155
8082.000000
10680.000000
8000.000000
10602.000000
7822.000000
10521.000000
7725.000000
10442.000000
7677.000000
10365.000000
7608.000000
10295.000000
7533.000000
10232.000000
7459.000000
10178.000000
11551155
8214.000000
10794.000000
8143.000000
10721.000000
8062.000000
10643.000000
7973.000000
10562.000000
7879.000000
10481.000000
7784.000000
10404.000000
7690.000000
10332.000000
7602.000000
10268.000000
11551155
8214.000000
10794.000000
8143.000000
10721.000000
8062.000000
10643.000000
7973.000000
10562.000000
7879.000000
10481.000000
7784.000000
10404.000000
7690.000000
10332.000000
7602.000000
10268.000000
11551155
8205.000000
10764.000000
8125.000000
10686.000000
8037.000000
10604.000000
7942.000000
10521.000000
7845.000000
10441.000000
7748.000000
10366.000000
7655.000000
10297.000000
7569.000000
10238.000000
11551155
8205.000000
10764.000000
8125.000000
10686.000000
8037.000000
10604.000000
7942.000000
10521.000000
7845.000000
10441.000000
7748.000000
10366.000000
7655.000000
10297.000000
7569.000000
10238.000000
11551155
8205.000000
10764.000000
8125.000000
10686.000000
8037.000000
10604.000000
7942.000000
10521.000000
7845.000000
10441.000000
7748.000000
10366.000000
7655.000000
10297.000000
7569.000000
10238.000000
11551155
8206.000000
10757.000000
8124.000000
10678.000000
8034.000000
10597.000000
7938.000000
10515.000000
7840.000000
10436.000000
7744.000000
10363.000000
7653.000000
10297.000000
7569.000000
10240.000000
11551155
8206.000000
10757.000000
8124.000000
10678.000000
8034.000000
10597.000000
7938.000000
10515.000000
7840.000000
10436.000000
7744.000000
10363.000000
7653.000000
10297.000000
7569.000000
10240.000000
11551155
8206.000000
10757.000000
8124.000000
10678.000000
8034.000000
10597.000000
7938.000000
10515.000000
7840.000000
10436.000000
7744.000000
10363.000000
7653.000000
10297.000000
7569.000000
10240.000000
11551155
8344.000000
10920.000000
8257.000000
10846.000000
8209.000000
10765.000000
8134.000000
10682.000000
8045.000000
10599.000000
7949.000000
10519.000000
7852.000000
10444.000000
7759.000000
10378.000000
11551155
8344.000000
10920.000000
8257.000000
10846.000000
8209.000000
10765.000000
8134.000000
10682.000000
8045.000000
10599.000000
7949.000000
10519.000000
7852.000000
10444.000000
7759.000000
10378.000000
11551155
8553.000000
11045.000000
8488.000000
10976.000000
8410.000000
10899.000000
8322.000000
10815.000000
8225.000000
10729.000000
8122.000000
10644.000000
8018.000000
10561.000000
7915.000000
10484.000000
11551155
8553.000000
11045.000000
8488.000000
10976.000000
8410.000000
10899.000000
8322.000000
10815.000000
8225.000000
10729.000000
8122.000000
10644.000000
8018.000000
10561.000000
7915.000000
10484.000000
11551155
8553.000000
11045.000000
8488.000000
10976.000000
8410.000000
10899.000000
8322.000000
10815.000000
8225.000000
10729.000000
8122.000000
10644.000000
8018.000000
10561.000000
7915.000000
10484.000000
11551155
8539.000000
11010.000000
8463.000000
10934.000000
8375.000000
10852.000000
8279.000000
10766.000000
8176.000000
10679.000000
8071.000000
10595.000000
7967.000000
10517.000000
7868.000000
10446.000000
11551155
8539.000000
11010.000000
8463.000000
10934.000000
8375.000000
10852.000000
8279.000000
10766.000000
8176.000000
10679.000000
8071.000000
10595.000000
7967.000000
10517.000000
7868.000000
10446.000000
11551155
8539.000000
11010.000000
8463.000000
10934.000000
8375.000000
10852.000000
8279.000000
10766.000000
8176.000000
10679.000000
8071.000000
10595.000000
7967.000000
10517.000000
7868.000000
10446.000000
11551155
8614.000000
11053.000000
8534.000000
10976.000000
8444.000000
10892.000000
8345.000000
10806.000000
8240.000000
10720.000000
8133.000000
10637.000000
8028.000000
10560.000000
7929.000000
10491.000000
11551155
8614.000000
11053.000000
8534.000000
10976.000000
8444.000000
10892.000000
8345.000000
10806.000000
8240.000000
10720.000000
8133.000000
10637.000000
8028.000000
10560.000000
7929.000000
10491.000000
11551155
8683.000000
11110.000000
8608.000000
11035.000000
8521.000000
10952.000000
8424.000000
10866.000000
8320.000000
10777.000000
8212.000000
10691.000000
8105.000000
10609.000000
8001.000000
10535.000000
11551155
8683.000000
11110.000000
8608.000000
11035.000000
8521.000000
10952.000000
8424.000000
10866.000000
8320.000000
10777.000000
8212.000000
10691.000000
8105.000000
10609.000000
8001.000000
10535.000000
11551155
8683.000000
11110.000000
8608.000000
11035.000000
8521.000000
10952.000000
8424.000000
10866.000000
8320.000000
10777.000000
8212.000000
10691.000000
8105.000000
10609.000000
8001.000000
10535.000000
11551155
8741.000000
11160.000000
8675.000000
11091.000000
8596.000000
11013.000000
8505.000000
10929.000000
8405.000000
10841.000000
8194.000000
10754.000000
8083.000000
10669.000000
8030.000000
10589.000000
11551155
8741.000000
11160.000000
8675.000000
11091.000000
8596.000000
11013.000000
8505.000000
10929.000000
8405.000000
10841.000000
8194.000000
10754.000000
8083.000000
10669.000000
8030.000000
10589.000000
11551155
8741.000000
11160.000000
8675.000000
11091.000000
8596.000000
11013.000000
8505.000000
10929.000000
8405.000000
10841.000000
8194.000000
10754.000000
8083.000000
10669.000000
8030.000000
10589.000000
11551155
8756.000000
11167.000000
8690.000000
11098.000000
8611.000000
11021.000000
8520.000000
10938.000000
8421.000000
10852.000000
8317.000000
10766.000000
8211.000000
10683.000000
8106.000000
10606.000000
11551155
8756.000000
11167.000000
8690.000000
11098.000000
8611.000000
11021.000000
8520.000000
10938.000000
8421.000000
10852.000000
8317.000000
10766.000000
8211.000000
10683.000000
8106.000000
10606.000000
11551155
8756.000000
11167.000000
8690.000000
11098.000000
8611.000000
11021.000000
8520.000000
10938.000000
8421.000000
10852.000000
8317.000000
10766.000000
8211.000000
10683.000000
8106.000000
10606.000000
11551155
8727.000000
11122.000000
8649.000000
11046.000000
8559.000000
10962.000000
8459.000000
10875.000000
8353.000000
10786.000000
8243.000000
10699.000000
8134.000000
10618.000000
8029.000000
10543.000000
11551155
8727.000000
11122.000000
8649.000000
11046.000000
8559.000000
10962.000000
8459.000000
10875.000000
8353.000000
10786.000000
8243.000000
10699.000000
8134.000000
10618.000000
8029.000000
10543.000000
11551155
8608.000000
11022.000000
8527.000000
10944.000000
8435.000000
10861.000000
8336.000000
10776.000000
8232.000000
10691.000000
8128.000000
10611.000000
8026.000000
10537.000000
7930.000000
10471.000000
11551155
8608.000000
11022.000000
8527.000000
10944.000000
8435.000000
10861.000000
8336.000000
10776.000000
8232.000000
10691.000000
8128.000000
10611.000000
8026.000000
10537.000000
7930.000000
10471.000000
11551155
8608.000000
11022.000000
8527.000000
10944.000000
8435.000000
10861.000000
8336.000000
10776.000000
8232.000000
10691.000000
8128.000000
10611.000000
8026.000000
10537.000000
7930.000000
10471.000000
11551155
8703.000000
11100.000000
8631.000000
11028.000000
8548.000000
10949.000000
8455.000000
10867.000000
8354.000000
10782.000000
8250.000000
10700.000000
8146.000000
10621.000000
8045.000000
10550.000000
11551155
8703.000000
11100.000000
8631.000000
11028.000000
8548.000000
10949.000000
8455.000000
10867.000000
8354.000000
10782.000000
8250.000000
10700.000000
8146.000000
10621.000000
8045.000000
10550.000000
11551155
8703.000000
11100.000000
8631.000000
11028.000000
8548.000000
10949.000000
8455.000000
10867.000000
8354.000000
10782.000000
8250.000000
10700.000000
8146.000000
10621.000000
8045.000000
10550.000000
11551155
8758.000000
11130.000000
8610.000000
11057.000000
8512.000000
10976.000000
8458.000000
10891.000000
8375.000000
10803.000000
8278.000000
10718.000000
8175.000000
10636.000000
8073.000000
10561.000000
11551155
8758.000000
11130.000000
8610.000000
11057.000000
8512.000000
10976.000000
8458.000000
10891.000000
8375.000000
10803.000000
8278.000000
10718.000000
8175.000000
10636.000000
8073.000000
10561.000000
11551155
8758.000000
11130.000000
8610.000000
11057.000000
8512.000000
10976.000000
8458.000000
10891.000000
8375.000000
10803.000000
8278.000000
10718.000000
8175.000000
10636.000000
8073.000000
10561.000000
11551155
8780.000000
11154.000000
8717.000000
11088.000000
8641.000000
11014.000000
8554.000000
10933.000000
8457.000000
10848.000000
8353.000000
10762.000000
8246.000000
10679.000000
8139.000000
10600.000000
11551155
8780.000000
11154.000000
8717.000000
11088.000000
8641.000000
11014.000000
8554.000000
10933.000000
8457.000000
10848.000000
8353.000000
10762.000000
8246.000000
10679.000000
8139.000000
10600.000000
11551155
8789.000000
11154.000000
8728.000000
11091.000000
8653.000000
11019.000000
8567.000000
10940.000000
8471.000000
10857.000000
8369.000000
10772.000000
8264.000000
10690.000000
8159.000000
10612.000000
11551155
8789.000000
11154.000000
8728.000000
11091.000000
8653.000000
11019.000000
8567.000000
10940.000000
8471.000000
10857.000000
8369.000000
10772.000000
8264.000000
10690.000000
8159.000000
10612.000000
11551155
8789.000000
11154.000000
8728.000000
11091.000000
8653.000000
11019.000000
8567.000000
10940.000000
8471.000000
10857.000000
8369.000000
10772.000000
8264.000000
10690.000000
8159.000000
10612.000000
11551155
8713.000000
11062.000000
8635.000000
10987.000000
8546.000000
10906.000000
8447.000000
10821.000000
8343.000000
10736.000000
8236.000000
10653.000000
8130.000000
10575.000000
8028.000000
10505.000000
11551155
8713.000000
11062.000000
8635.000000
10987.000000
8546.000000
10906.000000
8447.000000
10821.000000
8343.000000
10736.000000
8236.000000
10653.000000
8130.000000
10575.000000
8028.000000
10505.000000
11551155
8713.000000
11062.000000
8635.000000
10987.000000
8546.000000
10906.000000
8447.000000
10821.000000
8343.000000
10736.000000
8236.000000
10653.000000
8130.000000
10575.000000
8028.000000
10505.000000
11551155
8641.000000
10998.000000
8560.000000
10921.000000
8468.000000
10839.000000
8368.000000
10754.000000
8263.000000
10670.000000
8157.000000
10589.000000
8054.000000
10514.000000
7956.000000
10447.000000
11551155
8641.000000
10998.000000
8560.000000
10921.000000
8468.000000
10839.000000
8368.000000
10754.000000
8263.000000
10670.000000
8157.000000
10589.000000
8054.000000
10514.000000
7956.000000
10447.000000
11551155
8641.000000
10998.000000
8560.000000
10921.000000
8468.000000
10839.000000
8368.000000
10754.000000
8263.000000
10670.000000
8157.000000
10589.000000
8054.000000
10514.000000
7956.000000
10447.000000
11551155
8670.000000
11033.000000
8598.000000
10962.000000
8515.000000
10884.000000
8422.000000
10802.000000
8322.000000
10718.000000
8219.000000
10636.000000
8116.000000
10558.000000
8017.000000
10487.000000
11551155
8670.000000
11033.000000
8598.000000
10962.000000
8515.000000
10884.000000
8422.000000
10802.000000
8322.000000
10718.000000
8219.000000
10636.000000
8116.000000
10558.000000
8017.000000
10487.000000
11551155
8647.000000
10996.000000
8571.000000
10923.000000
8484.000000
10843.000000
8388.000000
10760.000000
8286.000000
10677.000000
8182.000000
10596.000000
8078.000000
10520.000000
7979.000000
10452.000000
11551155
8647.000000
10996.000000
8571.000000
10923.000000
8484.000000
10843.000000
8388.000000
10760.000000
8286.000000
10677.000000
8182.000000
10596.000000
8078.000000
10520.000000
7979.000000
10452.000000
11551155
8647.000000
10996.000000
8571.000000
10923.000000
8484.000000
10843.000000
8388.000000
10760.000000
8286.000000
10677.000000
8182.000000
10596.000000
8078.000000
10520.000000
7979.000000
10452.000000
11551155
8595.000000
10949.000000
8519.000000
10875.000000
8431.000000
10796.000000
8335.000000
10713.000000
8234.000000
10630.000000
8130.000000
10550.000000
8028.000000
10475.000000
7930.000000
10408.000000
11551155
8595.000000
10949.000000
8519.000000
10875.000000
8431.000000
10796.000000
8335.000000
10713.000000
8234.000000
10630.000000
8130.000000
10550.000000
8028.000000
10475.000000
7930.000000
10408.000000
11551155
8595.000000
10949.000000
8519.000000
10875.000000
8431.000000
10796.000000
8335.000000
10713.000000
8234.000000
10630.000000
8130.000000
10550.000000
8028.000000
10475.000000
7930.000000
10408.000000
11551155
8587.000000
10935.000000
8509.000000
10860.000000
8420.000000
10780.000000
8324.000000
10698.000000
8222.000000
10616.000000
8119.000000
10538.000000
8019.000000
10466.000000
7924.000000
10401.000000
11551155
8587.000000
10935.000000
8509.000000
10860.000000
8420.000000
10780.000000
8324.000000
10698.000000
8222.000000
10616.000000
8119.000000
10538.000000
8019.000000
10466.000000
7924.000000
10401.000000
11551155
8587.000000
10935.000000
8509.000000
10860.000000
8420.000000
10780.000000
8324.000000
10698.000000
8222.000000
10616.000000
8119.000000
10538.000000
8019.000000
10466.000000
7924.000000
10401.000000
11551155
8564.000000
10912.000000
8486.000000
10838.000000
8398.000000
10759.000000
8302.000000
10677.000000
8202.000000
10595.000000
8100.000000
10517.000000
8000.000000
10445.000000
7906.000000
10380.000000
11551155
8564.000000
10912.000000
8486.000000
10838.000000
8398.000000
10759.000000
8302.000000
10677.000000
8202.000000
10595.000000
8100.000000
10517.000000
8000.000000
10445.000000
7906.000000
10380.000000
11551155
8522.000000
10871.000000
8442.000000
10795.000000
8353.000000
10715.000000
8256.000000
10633.000000
8155.000000
10552.000000
8053.000000
10475.000000
7954.000000
10404.000000
7861.000000
10341.000000
11551155
8522.000000
10871.000000
8442.000000
10795.000000
8353.000000
10715.000000
8256.000000
10633.000000
8155.000000
10552.000000
8053.000000
10475.000000
7954.000000
10404.000000
7861.000000
10341.000000
11551155
8522.000000
10871.000000
8442.000000
10795.000000
8353.000000
10715.000000
8256.000000
10633.000000
8155.000000
10552.000000
8053.000000
10475.000000
7954.000000
10404.000000
7861.000000
10341.000000
11551155
8545.000000
10889.000000
8473.000000
10819.000000
8391.000000
10742.000000
8300.000000
10662.000000
8203.000000
10582.000000
8103.000000
10504.000000
7905.000000
10431.000000
7815.000000
10365.000000
11551155
8545.000000
10889.000000
8473.000000
10819.000000
8391.000000
10742.000000
8300.000000
10662.000000
8203.000000
10582.000000
8103.000000
10504.000000
7905.000000
10431.000000
7815.000000
10365.000000
11551155
8545.000000
10889.000000
8473.000000
10819.000000
8391.000000
10742.000000
8300.000000
10662.000000
8203.000000
10582.000000
8103.000000
10504.000000
7905.000000
10431.000000
7815.000000
10365.000000
11551155
8576.000000
10904.000000
8506.000000
10835.000000
8425.000000
10758.000000
8334.000000
10678.000000
8237.000000
10596.000000
8136.000000
10516.000000
8036.000000
10440.000000
7939.000000
10371.000000
11551155
8576.000000
10904.000000
8506.000000
10835.000000
8425.000000
10758.000000
8334.000000
10678.000000
8237.000000
10596.000000
8136.000000
10516.000000
8036.000000
10440.000000
7939.000000
10371.000000
11551155
8497.000000
10813.000000
8412.000000
10734.000000
8317.000000
10651.000000
8216.000000
10567.000000
8112.000000
10485.000000
8009.000000
10408.000000
7910.000000
10338.000000
7818.000000
10277.000000
11551155
8497.000000
10813.000000
8412.000000
10734.000000
8317.000000
10651.000000
8216.000000
10567.000000
8112.000000
10485.000000
8009.000000
10408.000000
7910.000000
10338.000000
7818.000000
10277.000000
11551155
8497.000000
10813.000000
8412.000000
10734.000000
8317.000000
10651.000000
8216.000000
10567.000000
8112.000000
10485.000000
8009.000000
10408.000000
7910.000000
10338.000000
7818.000000
10277.000000
11551155
8523.000000
10839.000000
8447.000000
10766.000000
8360.000000
10687.000000
8265.000000
10605.000000
8166.000000
10524.000000
8065.000000
10446.000000
7966.000000
10375.000000
7873.000000
10311.000000
11551155
8523.000000
10839.000000
8447.000000
10766.000000
8360.000000
10687.000000
8265.000000
10605.000000
8166.000000
10524.000000
8065.000000
10446.000000
7966.000000
10375.000000
7873.000000
10311.000000
11551155
8523.000000
10839.000000
8447.000000
10766.000000
8360.000000
10687.000000
8265.000000
10605.000000
8166.000000
10524.000000
8065.000000
10446.000000
7966.000000
10375.000000
7873.000000
10311.000000
11551155
8540.000000
10886.000000
8497.000000
10815.000000
8428.000000
10738.000000
8342.000000
10656.000000
8246.000000
10574.000000
8146.000000
10493.000000
8045.000000
10417.000000
7947.000000
10348.000000
11551155
8540.000000
10886.000000
8497.000000
10815.000000
8428.000000
10738.000000
8342.000000
10656.000000
8246.000000
10574.000000
8146.000000
10493.000000
8045.000000
10417.000000
7947.000000
10348.000000
11551155
8628.000000
10900.000000
8555.000000
10828.000000
8471.000000
10749.000000
8377.000000
10666.000000
8276.000000
10581.000000
8171.000000
10499.000000
8067.000000
10421.000000
7966.000000
10351.000000
11551155
8628.000000
10900.000000
8555.000000
10828.000000
8471.000000
10749.000000
8377.000000
10666.000000
8276.000000
10581.000000
8171.000000
10499.000000
8067.000000
10421.000000
7966.000000
10351.000000
11551155
8628.000000
10900.000000
8555.000000
10828.000000
8471.000000
10749.000000
8377.000000
10666.000000
8276.000000
10581.000000
8171.000000
10499.000000
8067.000000
10421.000000
7966.000000
10351.000000
11551155
8669.000000
10928.000000
8598.000000
10857.000000
8515.000000
10779.000000
8422.000000
10698.000000
8322.000000
10614.000000
8218.000000
10532.000000
8114.000000
10455.000000
8014.000000
10384.000000
11551155
8669.000000
10928.000000
8598.000000
10857.000000
8515.000000
10779.000000
8422.000000
10698.000000
8322.000000
10614.000000
8218.000000
10532.000000
8114.000000
10455.000000
8014.000000
10384.000000
11551155
8669.000000
10928.000000
8598.000000
10857.000000
8515.000000
10779.000000
8422.000000
10698.000000
8322.000000
10614.000000
8218.000000
10532.000000
8114.000000
10455.000000
8014.000000
10384.000000
11551155
8606.000000
10850.000000
8518.000000
10770.000000
8420.000000
10686.000000
8317.000000
10601.000000
8211.000000
10519.000000
8106.000000
10442.000000
8005.000000
10372.000000
7912.000000
10311.000000
11551155
8606.000000
10850.000000
8518.000000
10770.000000
8420.000000
10686.000000
8317.000000
10601.000000
8211.000000
10519.000000
8106.000000
10442.000000
8005.000000
10372.000000
7912.000000
10311.000000
11551155
8614.000000
10859.000000
8531.000000
10781.000000
8438.000000
10699.000000
8337.000000
10615.000000
8232.000000
10533.000000
8127.000000
10454.000000
8026.000000
10382.000000
7931.000000
10319.000000
11551155
8614.000000
10859.000000
8531.000000
10781.000000
8438.000000
10699.000000
8337.000000
10615.000000
8232.000000
10533.000000
8127.000000
10454.000000
8026.000000
10382.000000
7931.000000
10319.000000
11551155
8614.000000
10859.000000
8531.000000
10781.000000
8438.000000
10699.000000
8337.000000
10615.000000
8232.000000
10533.000000
8127.000000
10454.000000
8026.000000
10382.000000
7931.000000
10319.000000
11551155
8607.000000
10857.000000
8531.000000
10783.000000
8445.000000
10705.000000
8351.000000
10624.000000
8251.000000
10543.000000
8150.000000
10465.000000
8050.000000
10393.000000
7861.000000
10329.000000
11551155
8607.000000
10857.000000
8531.000000
10783.000000
8445.000000
10705.000000
8351.000000
10624.000000
8251.000000
10543.000000
8150.000000
10465.000000
8050.000000
10393.000000
7861.000000
10329.000000
11551155
8607.000000
10857.000000
8531.000000
10783.000000
8445.000000
10705.000000
8351.000000
10624.000000
8251.000000
10543.000000
8150.000000
10465.000000
8050.000000
10393.000000
7861.000000
10329.000000
11551155
8523.000000
10784.000000
8440.000000
10708.000000
8348.000000
10627.000000
8250.000000
10546.000000
8149.000000
10466.000000
8048.000000
10392.000000
7951.000000
10323.000000
7861.000000
10263.000000
11551155
8523.000000
10784.000000
8440.000000
10708.000000
8348.000000
10627.000000
8250.000000
10546.000000
8149.000000
10466.000000
8048.000000
10392.000000
7951.000000
10323.000000
7861.000000
10263.000000
11551155
8457.000000
10728.000000
8374.000000
10653.000000
8283.000000
10574.000000
8186.000000
10495.000000
8087.000000
10419.000000
7990.000000
10348.000000
7897.000000
10283.000000
7811.000000
10227.000000
11551155
8457.000000
10728.000000
8374.000000
10653.000000
8283.000000
10574.000000
8186.000000
10495.000000
8087.000000
10419.000000
7990.000000
10348.000000
7897.000000
10283.000000
7811.000000
10227.000000
11551155
8457.000000
10728.000000
8374.000000
10653.000000
8283.000000
10574.000000
8186.000000
10495.000000
8087.000000
10419.000000
7990.000000
10348.000000
7897.000000
10283.000000
7811.000000
10227.000000
11551155
8529.000000
10782.000000
8449.000000
10708.000000
8360.000000
10629.000000
8265.000000
10550.000000
8167.000000
10474.000000
8070.000000
10401.000000
7976.000000
10336.000000
7889.000000
10279.000000
11551155
8529.000000
10782.000000
8449.000000
10708.000000
8360.000000
10629.000000
8265.000000
10550.000000
8167.000000
10474.000000
8070.000000
10401.000000
7976.000000
10336.000000
7889.000000
10279.000000
11551155
8529.000000
10782.000000
8449.000000
10708.000000
8360.000000
10629.000000
8265.000000
10550.000000
8167.000000
10474.000000
8070.000000
10401.000000
7976.000000
10336.000000
7889.000000
10279.000000
11551155
8663.000000
10942.000000
8621.000000
10872.000000
8552.000000
10794.000000
8466.000000
10712.000000
8369.000000
10628.000000
8267.000000
10545.000000
8163.000000
10467.000000
8062.000000
10395.000000
11551155
8663.000000
10942.000000
8621.000000
10872.000000
8552.000000
10794.000000
8466.000000
10712.000000
8369.000000
10628.000000
8267.000000
10545.000000
8163.000000
10467.000000
8062.000000
10395.000000
11551155
8772.000000
10983.000000
8706.000000
10916.000000
8628.000000
10841.000000
8539.000000
10761.000000
8441.000000
10677.000000
8338.000000
10593.000000
8233.000000
10512.000000
8130.000000
10437.000000
11551155
8772.000000
10983.000000
8706.000000
10916.000000
8628.000000
10841.000000
8539.000000
10761.000000
8441.000000
10677.000000
8338.000000
10593.000000
8233.000000
10512.000000
8130.000000
10437.000000
11551155
8772.000000
10983.000000
8706.000000
10916.000000
8628.000000
10841.000000
8539.000000
10761.000000
8441.000000
10677.000000
8338.000000
10593.000000
8233.000000
10512.000000
8130.000000
10437.000000
11551155
8788.000000
10985.000000
8721.000000
10918.000000
8642.000000
10843.000000
8552.000000
10763.000000
8454.000000
10680.000000
8351.000000
10598.000000
8247.000000
10520.000000
8145.000000
10447.000000
11551155
8788.000000
10985.000000
8721.000000
10918.000000
8642.000000
10843.000000
8552.000000
10763.000000
8454.000000
10680.000000
8351.000000
10598.000000
8247.000000
10520.000000
8145.000000
10447.000000
11551155
8788.000000
10985.000000
8721.000000
10918.000000
8642.000000
10843.000000
8552.000000
10763.000000
8454.000000
10680.000000
8351.000000
10598.000000
8247.000000
10520.000000
8145.000000
10447.000000
11551155
8724.000000
10910.000000
8641.000000
10833.000000
8548.000000
10750.000000
8447.000000
10664.000000
8341.000000
10580.000000
8233.000000
10499.000000
8128.000000
10423.000000
8029.000000
10356.000000
11551155
8724.000000
10910.000000
8641.000000
10833.000000
8548.000000
10750.000000
8447.000000
10664.000000
8341.000000
10580.000000
8233.000000
10499.000000
8128.000000
10423.000000
8029.000000
10356.000000
11551155
8569.000000
10783.000000
8484.000000
10705.000000
8390.000000
10625.000000
8290.000000
10544.000000
8188.000000
10466.000000
8088.000000
10393.000000
7992.000000
10327.000000
7903.000000
10270.000000
11551155
8569.000000
10783.000000
8484.000000
10705.000000
8390.000000
10625.000000
8290.000000
10544.000000
8188.000000
10466.000000
8088.000000
10393.000000
7992.000000
10327.000000
7903.000000
10270.000000
11551155
8569.000000
10783.000000
8484.000000
10705.000000
8390.000000
10625.000000
8290.000000
10544.000000
8188.000000
10466.000000
8088.000000
10393.000000
7992.000000
10327.000000
7903.000000
10270.000000
11551155
8609.000000
10826.000000
8536.000000
10755.000000
8453.000000
10679.000000
8362.000000
10600.000000
8265.000000
10521.000000
8166.000000
10445.000000
8069.000000
10374.000000
7884.000000
10311.000000
11551155
8609.000000
10826.000000
8536.000000
10755.000000
8453.000000
10679.000000
8362.000000
10600.000000
8265.000000
10521.000000
8166.000000
10445.000000
8069.000000
10374.000000
7884.000000
10311.000000
11551155
8609.000000
10826.000000
8536.000000
10755.000000
8453.000000
10679.000000
8362.000000
10600.000000
8265.000000
10521.000000
8166.000000
10445.000000
8069.000000
10374.000000
7884.000000
10311.000000
11551155
8616.000000
10815.000000
8537.000000
10740.000000
8447.000000
10659.000000
8349.000000
10576.000000
8246.000000
10493.000000
8142.000000
10414.000000
8040.000000
10340.000000
7943.000000
10274.000000
11551155
8616.000000
10815.000000
8537.000000
10740.000000
8447.000000
10659.000000
8349.000000
10576.000000
8246.000000
10493.000000
8142.000000
10414.000000
8040.000000
10340.000000
7943.000000
10274.000000
11551155
8387.000000
10622.000000
8299.000000
10545.000000
8205.000000
10466.000000
8108.000000
10390.000000
8011.000000
10318.000000
7918.000000
10252.000000
7831.000000
10195.000000
7752.000000
10146.000000
11551155
8387.000000
10622.000000
8299.000000
10545.000000
8205.000000
10466.000000
8108.000000
10390.000000
8011.000000
10318.000000
7918.000000
10252.000000
7831.000000
10195.000000
7752.000000
10146.000000
11551155
8387.000000
10622.000000
8299.000000
10545.000000
8205.000000
10466.000000
8108.000000
10390.000000
8011.000000
10318.000000
7918.000000
10252.000000
7831.000000
10195.000000
7752.000000
10146.000000
11551155
8380.000000
10612.000000
8294.000000
10537.000000
8202.000000
10460.000000
8107.000000
10386.000000
8012.000000
10316.000000
7921.000000
10253.000000
7836.000000
10197.000000
7760.000000
10151.000000
11551155
8380.000000
10612.000000
8294.000000
10537.000000
8202.000000
10460.000000
8107.000000
10386.000000
8012.000000
10316.000000
7921.000000
10253.000000
7836.000000
10197.000000
7760.000000
10151.000000
11551155
8380.000000
10612.000000
8294.000000
10537.000000
8202.000000
10460.000000
8107.000000
10386.000000
8012.000000
10316.000000
7921.000000
10253.000000
7836.000000
10197.000000
7760.000000
10151.000000
11551155
8552.000000
10752.000000
8473.000000
10678.000000
8383.000000
10598.000000
8286.000000
10516.000000
8184.000000
10435.000000
8081.000000
10356.000000
7980.000000
10284.000000
7884.000000
10219.000000
11551155
8552.000000
10752.000000
8473.0

