11551155
7887.000000
10312.000000
7818.000000
10255.000000
7749.000000
10202.000000
7681.000000
10151.000000
7617.000000
10105.000000
7557.000000
10065.000000
7503.000000
10029.000000
7454.000000
9999.000000
11551155
7918.000000
10338.000000
7851.000000
10281.000000
7782.000000
10225.000000
7713.000000
10171.000000
7645.000000
10120.000000
7581.000000
10075.000000
7521.000000
10034.000000
7467.000000
9998.000000
11551155
7918.000000
10338.000000
7851.000000
10281.000000
7782.000000
10225.000000
7713.000000
10171.000000
7645.000000
10120.000000
7581.000000
10075.000000
7521.000000
10034.000000
7467.000000
9998.000000
11551155
7909.000000
10321.000000
7839.000000
10262.000000
7768.000000
10206.000000
7698.000000
10153.000000
7631.000000
10104.000000
7568.000000
10060.000000
7510.000000
10021.000000
7458.000000
9987.000000
11551155
7909.000000
10321.000000
7839.000000
10262.000000
7768.000000
10206.000000
7698.000000
10153.000000
7631.000000
10104.000000
7568.000000
10060.000000
7510.000000
10021.000000
7458.000000
9987.000000
11551155
7909.000000
10321.000000
7839.000000
10262.000000
7768.000000
10206.000000
7698.000000
10153.000000
7631.000000
10104.000000
7568.000000
10060.000000
7510.000000
10021.000000
7458.000000
9987.000000
11551155
7928.000000
10343.000000
7865.000000
10285.000000
7797.000000
10228.000000
7728.000000
10175.000000
7661.000000
10125.000000
7597.000000
10081.000000
7538.000000
10041.000000
7484.000000
10007.000000
11551155
7928.000000
10343.000000
7865.000000
10285.000000
7797.000000
10228.000000
7728.000000
10175.000000
7661.000000
10125.000000
7597.000000
10081.000000
7538.000000
10041.000000
7484.000000
10007.000000
11551155
7962.000000
10359.000000
7893.000000
10301.000000
7822.000000
10244.000000
7751.000000
10189.000000
7681.000000
10137.000000
7615.000000
10091.000000
7553.000000
10049.000000
7497.000000
10013.000000
11551155
7962.000000
10359.000000
7893.000000
10301.000000
7822.000000
10244.000000
7751.000000
10189.000000
7681.000000
10137.000000
7615.000000
10091.000000
7553.000000
10049.000000
7497.000000
10013.000000
11551155
7962.000000
10359.000000
7893.000000
10301.000000
7822.000000
10244.000000
7751.000000
10189.000000
7681.000000
10137.000000
7615.000000
10091.000000
7553.000000
10049.000000
7497.000000
10013.000000
11551155
7997.000000
10372.000000
7926.000000
10312.000000
7853.000000
10254.000000
7780.000000
10199.000000
7709.000000
10147.000000
7641.000000
10100.000000
7579.000000
10058.000000
7522.000000
10022.000000
11551155
7997.000000
10372.000000
7926.000000
10312.000000
7853.000000
10254.000000
7780.000000
10199.000000
7709.000000
10147.000000
7641.000000
10100.000000
7579.000000
10058.000000
7522.000000
10022.000000
11551155
7904.000000
10297.000000
7762.000000
10240.000000
7690.000000
10186.000000
7656.000000
10135.000000
7608.000000
10089.000000
7556.000000
10049.000000
7505.000000
10014.000000
7458.000000
9984.000000
11551155
7904.000000
10297.000000
7762.000000
10240.000000
7690.000000
10186.000000
7656.000000
10135.000000
7608.000000
10089.000000
7556.000000
10049.000000
7505.000000
10014.000000
7458.000000
9984.000000
11551155
7904.000000
10297.000000
7762.000000
10240.000000
7690.000000
10186.000000
7656.000000
10135.000000
7608.000000
10089.000000
7556.000000
10049.000000
7505.000000
10014.000000
7458.000000
9984.000000
11551155
7904.000000
10296.000000
7833.000000
10238.000000
7761.000000
10183.000000
7690.000000
10130.000000
7622.000000
10082.000000
7559.000000
10040.000000
7502.000000
10002.000000
7450.000000
9970.000000
11551155
7904.000000
10296.000000
7833.000000
10238.000000
7761.000000
10183.000000
7690.000000
10130.000000
7622.000000
10082.000000
7559.000000
10040.000000
7502.000000
10002.000000
7450.000000
9970.000000
11551155
7883.000000
10271.000000
7811.000000
10213.000000
7739.000000
10157.000000
7669.000000
10106.000000
7603.000000
10059.000000
7542.000000
10018.000000
7486.000000
9982.000000
7437.000000
9952.000000
11551155
7883.000000
10271.000000
7811.000000
10213.000000
7739.000000
10157.000000
7669.000000
10106.000000
7603.000000
10059.000000
7542.000000
10018.000000
7486.000000
9982.000000
7437.000000
9952.000000
11551155
7883.000000
10271.000000
7811.000000
10213.000000
7739.000000
10157.000000
7669.000000
10106.000000
7603.000000
10059.000000
7542.000000
10018.000000
7486.000000
9982.000000
7437.000000
9952.000000
11551155
7888.000000
10283.000000
7819.000000
10226.000000
7749.000000
10170.000000
7680.000000
10117.000000
7613.000000
10068.000000
7549.000000
10024.000000
7491.000000
9985.000000
7438.000000
9950.000000
11551155
7888.000000
10283.000000
7819.000000
10226.000000
7749.000000
10170.000000
7680.000000
10117.000000
7613.000000
10068.000000
7549.000000
10024.000000
7491.000000
9985.000000
7438.000000
9950.000000
11551155
7786.000000
10192.000000
7716.000000
10136.000000
7646.000000
10082.000000
7578.000000
10033.000000
7514.000000
9988.000000
7454.000000
9948.000000
7400.000000
9912.000000
7352.000000
9882.000000
11551155
7786.000000
10192.000000
7716.000000
10136.000000
7646.000000
10082.000000
7578.000000
10033.000000
7514.000000
9988.000000
7454.000000
9948.000000
7400.000000
9912.000000
7352.000000
9882.000000
11551155
7786.000000
10192.000000
7716.000000
10136.000000
7646.000000
10082.000000
7578.000000
10033.000000
7514.000000
9988.000000
7454.000000
9948.000000
7400.000000
9912.000000
7352.000000
9882.000000
11551155
7779.000000
10182.000000
7708.000000
10125.000000
7637.000000
10072.000000
7569.000000
10022.000000
7505.000000
9977.000000
7446.000000
9938.000000
7393.000000
9903.000000
7346.000000
9874.000000
11551155
7779.000000
10182.000000
7708.000000
10125.000000
7637.000000
10072.000000
7569.000000
10022.000000
7505.000000
9977.000000
7446.000000
9938.000000
7393.000000
9903.000000
7346.000000
9874.000000
11551155
7864.000000
10254.000000
7796.000000
10197.000000
7726.000000
10140.000000
7656.000000
10087.000000
7588.000000
10037.000000
7524.000000
9992.000000
7465.000000
9952.000000
7412.000000
9917.000000
11551155
7864.000000
10254.000000
7796.000000
10197.000000
7726.000000
10140.000000
7656.000000
10087.000000
7588.000000
10037.000000
7524.000000
9992.000000
7465.000000
9952.000000
7412.000000
9917.000000
11551155
7864.000000
10254.000000
7796.000000
10197.000000
7726.000000
10140.000000
7656.000000
10087.000000
7588.000000
10037.000000
7524.000000
9992.000000
7465.000000
9952.000000
7412.000000
9917.000000
11551155
7801.000000
10198.000000
7729.000000
10142.000000
7657.000000
10087.000000
7587.000000
10036.000000
7521.000000
9989.000000
7459.000000
9947.000000
7403.000000
9910.000000
7354.000000
9878.000000
11551155
7801.000000
10198.000000
7729.000000
10142.000000
7657.000000
10087.000000
7587.000000
10036.000000
7521.000000
9989.000000
7459.000000
9947.000000
7403.000000
9910.000000
7354.000000
9878.000000
11551155
7711.000000
10174.000000
7637.000000
10116.000000
7601.000000
10062.000000
7550.000000
10012.000000
7494.000000
9966.000000
7438.000000
9926.000000
7386.000000
9891.000000
7339.000000
9861.000000
11551155
7711.000000
10174.000000
7637.000000
10116.000000
7601.000000
10062.000000
7550.000000
10012.000000
7494.000000
9966.000000
7438.000000
9926.000000
7386.000000
9891.000000
7339.000000
9861.000000
11551155
7711.000000
10174.000000
7637.000000
10116.000000
7601.000000
10062.000000
7550.000000
10012.000000
7494.000000
9966.000000
7438.000000
9926.000000
7386.000000
9891.000000
7339.000000
9861.000000
11551155
7810.000000
10196.000000
7740.000000
10139.000000
7669.000000
10084.000000
7599.000000
10032.000000
7533.000000
9985.000000
7470.000000
9942.000000
7413.000000
9905.000000
7362.000000
9873.000000
11551155
7810.000000
10196.000000
7740.000000
10139.000000
7669.000000
10084.000000
7599.000000
10032.000000
7533.000000
9985.000000
7470.000000
9942.000000
7413.000000
9905.000000
7362.000000
9873.000000
11551155
7740.000000
10143.000000
7669.000000
10086.000000
7598.000000
10032.000000
7529.000000
9982.000000
7464.000000
9937.000000
7404.000000
9896.000000
7349.000000
9861.000000
7300.000000
9830.000000
11551155
7740.000000
10143.000000
7669.000000
10086.000000
7598.000000
10032.000000
7529.000000
9982.000000
7464.000000
9937.000000
7404.000000
9896.000000
7349.000000
9861.000000
7300.000000
9830.000000
11551155
7740.000000
10143.000000
7669.000000
10086.000000
7598.000000
10032.000000
7529.000000
9982.000000
7464.000000
9937.000000
7404.000000
9896.000000
7349.000000
9861.000000
7300.000000
9830.000000
11551155
7756.000000
10148.000000
7686.000000
10090.000000
7615.000000
10034.000000
7545.000000
9981.000000
7478.000000
9933.000000
7414.000000
9889.000000
7356.000000
9850.000000
7251.000000
9816.000000
11551155
7756.000000
10148.000000
7686.000000
10090.000000
7615.000000
10034.000000
7545.000000
9981.000000
7478.000000
9933.000000
7414.000000
9889.000000
7356.000000
9850.000000
7251.000000
9816.000000
11551155
7719.000000
10134.000000
7653.000000
10080.000000
7585.000000
10026.000000
7518.000000
9976.000000
7453.000000
9929.000000
7392.000000
9886.000000
7336.000000
9848.000000
7285.000000
9814.000000
11551155
7719.000000
10134.000000
7653.000000
10080.000000
7585.000000
10026.000000
7518.000000
9976.000000
7453.000000
9929.000000
7392.000000
9886.000000
7336.000000
9848.000000
7285.000000
9814.000000
11551155
7719.000000
10134.000000
7653.000000
10080.000000
7585.000000
10026.000000
7518.000000
9976.000000
7453.000000
9929.000000
7392.000000
9886.000000
7336.000000
9848.000000
7285.000000
9814.000000
11551155
7662.000000
10078.000000
7592.000000
10021.000000
7522.000000
9967.000000
7454.000000
9917.000000
7389.000000
9871.000000
7328.000000
9829.000000
7272.000000
9792.000000
7222.000000
9760.000000
11551155
7662.000000
10078.000000
7592.000000
10021.000000
7522.000000
9967.000000
7454.000000
9917.000000
7389.000000
9871.000000
7328.000000
9829.000000
7272.000000
9792.000000
7222.000000
9760.000000
11551155
7632.000000
10058.000000
7564.000000
10002.000000
7495.000000
9948.000000
7427.000000
9898.000000
7362.000000
9851.000000
7301.000000
9809.000000
7245.000000
9771.000000
7194.000000
9738.000000
11551155
7632.000000
10058.000000
7564.000000
10002.000000
7495.000000
9948.000000
7427.000000
9898.000000
7362.000000
9851.000000
7301.000000
9809.000000
7245.000000
9771.000000
7194.000000
9738.000000
11551155
7632.000000
10058.000000
7564.000000
10002.000000
7495.000000
9948.000000
7427.000000
9898.000000
7362.000000
9851.000000
7301.000000
9809.000000
7245.000000
9771.000000
7194.000000
9738.000000
11551155
7670.000000
10091.000000
7606.000000
10036.000000
7540.000000
9983.000000
7474.000000
9932.000000
7410.000000
9884.000000
7349.000000
9841.000000
7292.000000
9801.000000
7240.000000
9767.000000
11551155
7670.000000
10091.000000
7606.000000
10036.000000
7540.000000
9983.000000
7474.000000
9932.000000
7410.000000
9884.000000
7349.000000
9841.000000
7292.000000
9801.000000
7240.000000
9767.000000
11551155
7687.000000
10096.000000
7616.000000
10038.000000
7544.000000
9982.000000
7473.000000
9929.000000
7405.000000
9880.000000
7341.000000
9835.000000
7282.000000
9796.000000
7229.000000
9761.000000
11551155
7687.000000
10096.000000
7616.000000
10038.000000
7544.000000
9982.000000
7473.000000
9929.000000
7405.000000
9880.000000
7341.000000
9835.000000
7282.000000
9796.000000
7229.000000
9761.000000
11551155
7687.000000
10096.000000
7616.000000
10038.000000
7544.000000
9982.000000
7473.000000
9929.000000
7405.000000
9880.000000
7341.000000
9835.000000
7282.000000
9796.000000
7229.000000
9761.000000
11551155
7734.000000
10137.000000
7665.000000
10078.000000
7593.000000
10020.000000
7521.000000
9964.000000
7451.000000
9912.000000
7384.000000
9864.000000
7322.000000
9821.000000
7265.000000
9783.000000
11551155
7734.000000
10137.000000
7665.000000
10078.000000
7593.000000
10020.000000
7521.000000
9964.000000
7451.000000
9912.000000
7384.000000
9864.000000
7322.000000
9821.000000
7265.000000
9783.000000
11551155
7823.000000
10205.000000
7752.000000
10146.000000
7678.000000
10087.000000
7604.000000
10030.000000
7531.000000
9977.000000
7462.000000
9928.000000
7397.000000
9884.000000
7338.000000
9846.000000
11551155
7823.000000
10205.000000
7752.000000
10146.000000
7678.000000
10087.000000
7604.000000
10030.000000
7531.000000
9977.000000
7462.000000
9928.000000
7397.000000
9884.000000
7338.000000
9846.000000
11551155
7823.000000
10205.000000
7752.000000
10146.000000
7678.000000
10087.000000
7604.000000
10030.000000
7531.000000
9977.000000
7462.000000
9928.000000
7397.000000
9884.000000
7338.000000
9846.000000
11551155
7826.000000
10201.000000
7753.000000
10141.000000
7679.000000
10082.000000
7605.000000
10026.000000
7533.000000
9975.000000
7466.000000
9928.000000
7404.000000
9888.000000
7348.000000
9852.000000
11551155
7826.000000
10201.000000
7753.000000
10141.000000
7679.000000
10082.000000
7605.000000
10026.000000
7533.000000
9975.000000
7466.000000
9928.000000
7404.000000
9888.000000
7348.000000
9852.000000
11551155
7828.000000
10203.000000
7755.000000
10143.000000
7681.000000
10085.000000
7607.000000
10030.000000
7536.000000
9979.000000
7469.000000
9933.000000
7408.000000
9893.000000
7353.000000
9858.000000
11551155
7828.000000
10203.000000
7755.000000
10143.000000
7681.000000
10085.000000
7607.000000
10030.000000
7536.000000
9979.000000
7469.000000
9933.000000
7408.000000
9893.000000
7353.000000
9858.000000
11551155
7828.000000
10203.000000
7755.000000
10143.000000
7681.000000
10085.000000
7607.000000
10030.000000
7536.000000
9979.000000
7469.000000
9933.000000
7408.000000
9893.000000
7353.000000
9858.000000
11551155
7862.000000
10226.000000
7788.000000
10166.000000
7712.000000
10107.000000
7637.000000
10051.000000
7565.000000
10000.000000
7497.000000
9954.000000
7435.000000
9913.000000
7380.000000
9878.000000
11551155
7862.000000
10226.000000
7788.000000
10166.000000
7712.000000
10107.000000
7637.000000
10051.000000
7565.000000
10000.000000
7497.000000
9954.000000
7435.000000
9913.000000
7380.000000
9878.000000
11551155
7828.000000
10206.000000
7755.000000
10146.000000
7680.000000
10088.000000
7607.000000
10034.000000
7537.000000
9984.000000
7472.000000
9939.000000
7412.000000
9900.000000
7359.000000
9866.000000
11551155
7828.000000
10206.000000
7755.000000
10146.000000
7680.000000
10088.000000
7607.000000
10034.000000
7537.000000
9984.000000
7472.000000
9939.000000
7412.000000
9900.000000
7359.000000
9866.000000
11551155
7828.000000
10206.000000
7755.000000
10146.000000
7680.000000
10088.000000
7607.000000
10034.000000
7537.000000
9984.000000
7472.000000
9939.000000
7412.000000
9900.000000
7359.000000
9866.000000
11551155
7812.000000
10192.000000
7739.000000
10133.000000
7665.000000
10075.000000
7591.000000
10020.000000
7520.000000
9969.000000
7454.000000
9924.000000
7393.000000
9883.000000
7338.000000
9849.000000
11551155
7812.000000
10192.000000
7739.000000
10133.000000
7665.000000
10075.000000
7591.000000
10020.000000
7520.000000
9969.000000
7454.000000
9924.000000
7393.000000
9883.000000
7338.000000
9849.000000
11551155
7813.000000
10187.000000
7740.000000
10127.000000
7666.000000
10069.000000
7592.000000
10014.000000
7521.000000
9964.000000
7455.000000
9918.000000
7394.000000
9878.000000
7340.000000
9844.000000
11551155
7813.000000
10187.000000
7740.000000
10127.000000
7666.000000
10069.000000
7592.000000
10014.000000
7521.000000
9964.000000
7455.000000
9918.000000
7394.000000
9878.000000
7340.000000
9844.000000
11551155
7813.000000
10187.000000
7740.000000
10127.000000
7666.000000
10069.000000
7592.000000
10014.000000
7521.000000
9964.000000
7455.000000
9918.000000
7394.000000
9878.000000
7340.000000
9844.000000
11551155
7743.000000
10146.000000
7677.000000
10088.000000
7607.000000
10032.000000
7537.000000
9979.000000
7469.000000
9931.000000
7406.000000
9887.000000
7348.000000
9849.000000
7296.000000
9816.000000
11551155
7743.000000
10146.000000
7677.000000
10088.000000
7607.000000
10032.000000
7537.000000
9979.000000
7469.000000
9931.000000
7406.000000
9887.000000
7348.000000
9849.000000
7296.000000
9816.000000
11551155
7748.000000
10140.000000
7678.000000
10082.000000
7607.000000
10025.000000
7536.000000
9971.000000
7467.000000
9921.000000
7401.000000
9875.000000
7340.000000
9833.000000
7285.000000
9798.000000
11551155
7748.000000
10140.000000
7678.000000
10082.000000
7607.000000
10025.000000
7536.000000
9971.000000
7467.000000
9921.000000
7401.000000
9875.000000
7340.000000
9833.000000
7285.000000
9798.000000
11551155
7748.000000
10140.000000
7678.000000
10082.000000
7607.000000
10025.000000
7536.000000
9971.000000
7467.000000
9921.000000
7401.000000
9875.000000
7340.000000
9833.000000
7285.000000
9798.000000
11551155
7729.000000
10116.000000
7657.000000
10058.000000
7584.000000
10001.000000
7512.000000
9948.000000
7443.000000
9898.000000
7378.000000
9853.000000
7318.000000
9814.000000
7264.000000
9779.000000
11551155
7729.000000
10116.000000
7657.000000
10058.000000
7584.000000
10001.000000
7512.000000
9948.000000
7443.000000
9898.000000
7378.000000
9853.000000
7318.000000
9814.000000
7264.000000
9779.000000
11551155
7729.000000
10116.000000
7657.000000
10058.000000
7584.000000
10001.000000
7512.000000
9948.000000
7443.000000
9898.000000
7378.000000
9853.000000
7318.000000
9814.000000
7264.000000
9779.000000
11551155
7690.000000
10140.000000
7654.000000
10084.000000
7600.000000
10027.000000
7537.000000
9973.000000
7472.000000
9922.000000
7408.000000
9875.000000
7347.000000
9834.000000
7291.000000
9796.000000
11551155
7690.000000
10140.000000
7654.000000
10084.000000
7600.000000
10027.000000
7537.000000
9973.000000
7472.000000
9922.000000
7408.000000
9875.000000
7347.000000
9834.000000
7291.000000
9796.000000
11551155
7723.000000
10113.000000
7652.000000
10054.000000
7580.000000
9997.000000
7508.000000
9942.000000
7438.000000
9892.000000
7371.000000
9845.000000
7310.000000
9803.000000
7254.000000
9766.000000
11551155
7723.000000
10113.000000
7652.000000
10054.000000
7580.000000
9997.000000
7508.000000
9942.000000
7438.000000
9892.000000
7371.000000
9845.000000
7310.000000
9803.000000
7254.000000
9766.000000
11551155
7723.000000
10113.000000
7652.000000
10054.000000
7580.000000
9997.000000
7508.000000
9942.000000
7438.000000
9892.000000
7371.000000
9845.000000
7310.000000
9803.000000
7254.000000
9766.000000
11551155
7702.000000
10089.000000
7629.000000
10030.000000
7555.000000
9973.000000
7482.000000
9919.000000
7412.000000
9869.000000
7347.000000
9824.000000
7287.000000
9784.000000
7234.000000
9750.000000
11551155
7702.000000
10089.000000
7629.000000
10030.000000
7555.000000
9973.000000
7482.000000
9919.000000
7412.000000
9869.000000
7347.000000
9824.000000
7287.000000
9784.000000
7234.000000
9750.000000
11551155
7651.000000
10053.000000
7585.000000
9997.000000
7516.000000
9944.000000
7449.000000
9894.000000
7385.000000
9849.000000
7325.000000
9808.000000
7270.000000
9772.000000
7221.000000
9741.000000
11551155
7651.000000
10053.000000
7585.000000
9997.000000
7516.000000
9944.000000
7449.000000
9894.000000
7385.000000
9849.000000
7325.000000
9808.000000
7270.000000
9772.000000
7221.000000
9741.000000
11551155
7651.000000
10053.000000
7585.000000
9997.000000
7516.000000
9944.000000
7449.000000
9894.000000
7385.000000
9849.000000
7325.000000
9808.000000
7270.000000
9772.000000
7221.000000
9741.000000
11551155
7737.000000
10120.000000
7669.000000
10063.000000
7598.000000
10005.000000
7526.000000
9949.000000
7455.000000
9896.000000
7386.000000
9847.000000
7322.000000
9803.000000
7262.000000
9763.000000
11551155
7737.000000
10120.000000
7669.000000
10063.000000
7598.000000
10005.000000
7526.000000
9949.000000
7455.000000
9896.000000
7386.000000
9847.000000
7322.000000
9803.000000
7262.000000
9763.000000
11551155
7586.000000
9994.000000
7516.000000
9938.000000
7446.000000
9884.000000
7378.000000
9834.000000
7313.000000
9788.000000
7253.000000
9747.000000
7199.000000
9711.000000
7151.000000
9680.000000
11551155
7586.000000
9994.000000
7516.000000
9938.000000
7446.000000
9884.000000
7378.000000
9834.000000
7313.000000
9788.000000
7253.000000
9747.000000
7199.000000
9711.000000
7151.000000
9680.000000
11551155
7586.000000
9994.000000
7516.000000
9938.000000
7446.000000
9884.000000
7378.000000
9834.000000
7313.000000
9788.000000
7253.000000
9747.000000
7199.000000
9711.000000
7151.000000
9680.000000
11551155
7622.000000
10028.000000
7556.000000
9972.000000
7488.000000
9918.000000
7420.000000
9866.000000
7355.000000
9820.000000
7295.000000
9777.000000
7239.000000
9740.000000
7189.000000
9708.000000
11551155
7622.000000
10028.000000
7556.000000
9972.000000
7488.000000
9918.000000
7420.000000
9866.000000
7355.000000
9820.000000
7295.000000
9777.000000
7239.000000
9740.000000
7189.000000
9708.000000
11551155
7622.000000
10028.000000
7556.000000
9972.000000
7488.000000
9918.000000
7420.000000
9866.000000
7355.000000
9820.000000
7295.000000
9777.000000
7239.000000
9740.000000
7189.000000
9708.000000
11551155
7701.000000
10078.000000
7630.000000
10019.000000
7557.000000
9961.000000
7484.000000
9906.000000
7413.000000
9855.000000
7346.000000
9808.000000
7283.000000
9765.000000
7226.000000
9729.000000
11551155
7701.000000
10078.000000
7630.000000
10019.000000
7557.000000
9961.000000
7484.000000
9906.000000
7413.000000
9855.000000
7346.000000
9808.000000
7283.000000
9765.000000
7226.000000
9729.000000
11551155
7621.000000
10007.000000
7548.000000
9950.000000
7475.000000
9894.000000
7404.000000
9843.000000
7337.000000
9798.000000
7276.000000
9757.000000
7220.000000
9721.000000
7171.000000
9691.000000
11551155
7621.000000
10007.000000
7548.000000
9950.000000
7475.000000
9894.000000
7404.000000
9843.000000
7337.000000
9798.000000
7276.000000
9757.000000
7220.000000
9721.000000
7171.000000
9691.000000
11551155
7621.000000
10007.000000
7548.000000
9950.000000
7475.000000
9894.000000
7404.000000
9843.000000
7337.000000
9798.000000
7276.000000
9757.000000
7220.000000
9721.000000
7171.000000
9691.000000
11551155
7664.000000
10105.000000
7627.000000
10047.000000
7572.000000
9990.000000
7509.000000
9936.000000
7444.000000
9885.000000
7381.000000
9839.000000
7321.000000
9798.000000
7267.000000
9762.000000
11551155
7664.000000
10105.000000
7627.000000
10047.000000
7572.000000
9990.000000
7509.000000
9936.000000
7444.000000
9885.000000
7381.000000
9839.000000
7321.000000
9798.000000
7267.000000
9762.000000
11551155
7811.000000
10160.000000
7740.000000
10100.000000
7665.000000
10039.000000
7590.000000
9980.000000
7515.000000
9924.000000
7443.000000
9872.000000
7375.000000
9825.000000
7312.000000
9784.000000
11551155
7811.000000
10160.000000
7740.000000
10100.000000
7665.000000
10039.000000
7590.000000
9980.000000
7515.000000
9924.000000
7443.000000
9872.000000
7375.000000
9825.000000
7312.000000
9784.000000
11551155
7811.000000
10160.000000
7740.000000
10100.000000
7665.000000
10039.000000
7590.000000
9980.000000
7515.000000
9924.000000
7443.000000
9872.000000
7375.000000
9825.000000
7312.000000
9784.000000
11551155
7625.000000
10011.000000
7551.000000
9953.000000
7477.000000
9898.000000
7406.000000
9846.000000
7340.000000
9800.000000
7279.000000
9759.000000
7224.000000
9723.000000
7176.000000
9693.000000
11551155
7625.000000
10011.000000
7551.000000
9953.000000
7477.000000
9898.000000
7406.000000
9846.000000
7340.000000
9800.000000
7279.000000
9759.000000
7224.000000
9723.000000
7176.000000
9693.000000
11551155
7732.000000
10092.000000
7663.000000
10035.000000
7592.000000
9978.000000
7520.000000
9924.000000
7381.000000
9874.000000
7318.000000
9828.000000
7289.000000
9787.000000
7250.000000
9751.000000
11551155
7732.000000
10092.000000
7663.000000
10035.000000
7592.000000
9978.000000
7520.000000
9924.000000
7381.000000
9874.000000
7318.000000
9828.000000
7289.000000
9787.000000
7250.000000
9751.000000
11551155
7732.000000
10092.000000
7663.000000
10035.000000
7592.000000
9978.000000
7520.000000
9924.000000
7381.000000
9874.000000
7318.000000
9828.000000
7289.000000
9787.000000
7250.000000
9751.000000
11551155
7720.000000
10079.000000
7645.000000
10019.000000
7569.000000
9960.000000
7494.000000
9905.000000
7423.000000
9854.000000
7355.000000
9807.000000
7293.000000
9767.000000
7238.000000
9731.000000
11551155
7720.000000
10079.000000
7645.000000
10019.000000
7569.000000
9960.000000
7494.000000
9905.000000
7423.000000
9854.000000
7355.000000
9807.000000
7293.000000
9767.000000
7238.000000
9731.000000
11551155
7663.000000
10033.000000
7589.000000
9974.000000
7515.000000
9917.000000
7442.000000
9863.000000
7372.000000
9815.000000
7308.000000
9770.000000
7249.000000
9732.000000
7196.000000
9698.000000
11551155
7663.000000
10033.000000
7589.000000
9974.000000
7515.000000
9917.000000
7442.000000
9863.000000
7372.000000
9815.000000
7308.000000
9770.000000
7249.000000
9732.000000
7196.000000
9698.000000
11551155
7663.000000
10033.000000
7589.000000
9974.000000
7515.000000
9917.000000
7442.000000
9863.000000
7372.000000
9815.000000
7308.000000
9770.000000
7249.000000
9732.000000
7196.000000
9698.000000
11551155
7717.000000
10066.000000
7646.000000
10007.000000
7573.000000
9951.000000
7500.000000
9896.000000
7430.000000
9846.000000
7364.000000
9801.000000
7303.000000
9760.000000
7194.000000
9725.000000
11551155
7717.000000
10066.000000
7646.000000
10007.000000
7573.000000
9951.000000
7500.000000
9896.000000
7430.000000
9846.000000
7364.000000
9801.000000
7303.000000
9760.000000
7194.000000
9725.000000
11551155
7717.000000
10066.000000
7646.000000
10007.000000
7573.000000
9951.000000
7500.000000
9896.000000
7430.000000
9846.000000
7364.000000
9801.000000
7303.000000
9760.000000
7194.000000
9725.000000
11551155
7733.000000
10074.000000
7658.000000
10013.000000
7582.000000
9954.000000
7507.000000
9898.000000
7434.000000
9846.000000
7366.000000
9801.000000
7304.000000
9760.000000
7247.000000
9725.000000
11551155
7733.000000
10074.000000
7658.000000
10013.000000
7582.000000
9954.000000
7507.000000
9898.000000
7434.000000
9846.000000
7366.000000
9801.000000
7304.000000
9760.000000
7247.000000
9725.000000
11551155
7717.000000
10061.000000
7642.000000
10000.000000
7566.000000
9942.000000
7492.000000
9887.000000
7421.000000
9836.000000
7354.000000
9791.000000
7293.000000
9751.000000
7239.000000
9717.000000
11551155
7717.000000
10061.000000
7642.000000
10000.000000
7566.000000
9942.000000
7492.000000
9887.000000
7421.000000
9836.000000
7354.000000
9791.000000
7293.000000
9751.000000
7239.000000
9717.000000
11551155
7717.000000
10061.000000
7642.000000
10000.000000
7566.000000
9942.000000
7492.000000
9887.000000
7421.000000
9836.000000
7354.000000
9791.000000
7293.000000
9751.000000
7239.000000
9717.000000
11551155
7916.000000
10219.000000
7848.000000
10158.000000
7774.000000
10097.000000
7697.000000
10035.000000
7620.000000
9976.000000
7544.000000
9921.000000
7472.000000
9871.000000
7405.000000
9826.000000
11551155
7916.000000
10219.000000
7848.000000
10158.000000
7774.000000
10097.000000
7697.000000
10035.000000
7620.000000
9976.000000
7544.000000
9921.000000
7472.000000
9871.000000
7405.000000
9826.000000
11551155
7930.000000
10222.000000
7859.000000
10161.000000
7784.000000
10099.000000
7706.000000
10039.000000
7628.000000
9981.000000
7553.000000
9928.000000
7482.000000
9880.000000
7417.000000
9838.000000
11551155
7930.000000
10222.000000
7859.000000
10161.000000
7784.000000
10099.000000
7706.000000
10039.000000
7628.000000
9981.000000
7553.000000
9928.000000
7482.000000
9880.000000
7417.000000
9838.000000
11551155
7930.000000
10222.000000
7859.000000
10161.000000
7784.000000
10099.000000
7706.000000
10039.000000
7628.000000
9981.000000
7553.000000
9928.000000
7482.000000
9880.000000
7417.000000
9838.000000
11551155
7793.000000
10108.000000
7716.000000
10047.000000
7639.000000
9988.000000
7564.000000
9933.000000
7492.000000
9883.000000
7426.000000
9839.000000
7366.000000
9800.000000
7313.000000
9768.000000
11551155
7793.000000
10108.000000
7716.000000
10047.000000
7639.000000
9988.000000
7564.000000
9933.000000
7492.000000
9883.000000
7426.000000
9839.000000
7366.000000
9800.000000
7313.000000
9768.000000
11551155
7989.000000
10263.000000
7921.000000
10202.000000
7847.000000
10140.000000
7770.000000
10078.000000
7692.000000
10018.000000
7615.000000
9963.000000
7542.000000
9911.000000
7474.000000
9865.000000
11551155
7989.000000
10263.000000
7921.000000
10202.000000
7847.000000
10140.000000
7770.000000
10078.000000
7692.000000
10018.000000
7615.000000
9963.000000
7542.000000
9911.000000
7474.000000
9865.000000
11551155
7989.000000
10263.000000
7921.000000
10202.000000
7847.000000
10140.000000
7770.000000
10078.000000
7692.000000
10018.000000
7615.000000
9963.000000
7542.000000
9911.000000
7474.000000
9865.000000
11551155
7868.000000
10159.000000
7793.000000
10097.000000
7716.000000
10036.000000
7639.000000
9978.000000
7565.000000
9924.000000
7495.000000
9875.000000
7430.000000
9833.000000
7372.000000
9796.000000
11551155
7868.000000
10159.000000
7793.000000
10097.000000
7716.000000
10036.000000
7639.000000
9978.000000
7565.000000
9924.000000
7495.000000
9875.000000
7430.000000
9833.000000
7372.000000
9796.000000
11551155
7827.000000
10122.000000
7751.000000
10060.000000
7674.000000
10000.000000
7598.000000
9943.000000
7525.000000
9890.000000
7456.000000
9843.000000
7393.000000
9801.000000
7336.000000
9764.000000
11551155
7827.000000
10122.000000
7751.000000
10060.000000
7674.000000
10000.000000
7598.000000
9943.000000
7525.000000
9890.000000
7456.000000
9843.000000
7393.000000
9801.000000
7336.000000
9764.000000
11551155
7827.000000
10122.000000
7751.000000
10060.000000
7674.000000
10000.000000
7598.000000
9943.000000
7525.000000
9890.000000
7456.000000
9843.000000
7393.000000
9801.000000
7336.000000
9764.000000
11551155
7928.000000
10198.000000
7856.000000
10136.000000
7780.000000
10074.000000
7702.000000
10015.000000
7625.000000
9958.000000
7551.000000
9906.000000
7482.000000
9859.000000
7418.000000
9818.000000
11551155
7928.000000
10198.000000
7856.000000
10136.000000
7780.000000
10074.000000
7702.000000
10015.000000
7625.000000
9958.000000
7551.000000
9906.000000
7482.000000
9859.000000
7418.000000
9818.000000
11551155
7928.000000
10198.000000
7856.000000
10136.000000
7780.000000
10074.000000
7702.000000
10015.000000
7625.000000
9958.000000
7551.000000
9906.000000
7482.000000
9859.000000
7418.000000
9818.000000
11551155
7933.000000
10204.000000
7861.000000
10143.000000
7786.000000
10082.000000
7709.000000
10023.000000
7633.000000
9968.000000
7561.000000
9917.000000
7493.000000
9871.000000
7431.000000
9831.000000
11551155
7933.000000
10204.000000
7861.000000
10143.000000
7786.000000
10082.000000
7709.000000
10023.000000
7633.00000

