11551155
8652.000000
11612.000000
8571.000000
11538.000000
8483.000000
11461.000000
8391.000000
11385.000000
8297.000000
11311.000000
8204.000000
11242.000000
8116.000000
11180.000000
8035.000000
11126.000000
11551155
8652.000000
11612.000000
8571.000000
11538.000000
8483.000000
11461.000000
8391.000000
11385.000000
8297.000000
11311.000000
8204.000000
11242.000000
8116.000000
11180.000000
8035.000000
11126.000000
11551155
8681.000000
11632.000000
8606.000000
11560.000000
8522.000000
11483.000000
8431.000000
11405.000000
8337.000000
11328.000000
8242.000000
11254.000000
8149.000000
11186.000000
8061.000000
11124.000000
11551155
8681.000000
11632.000000
8606.000000
11560.000000
8522.000000
11483.000000
8431.000000
11405.000000
8337.000000
11328.000000
8242.000000
11254.000000
8149.000000
11186.000000
8061.000000
11124.000000
11551155
8569.000000
11519.000000
8486.000000
11442.000000
8397.000000
11364.000000
8304.000000
11286.000000
8210.000000
11211.000000
8118.000000
11142.000000
8030.000000
11080.000000
7949.000000
11026.000000
11551155
8569.000000
11519.000000
8486.000000
11442.000000
8397.000000
11364.000000
8304.000000
11286.000000
8210.000000
11211.000000
8118.000000
11142.000000
8030.000000
11080.000000
7949.000000
11026.000000
11551155
8569.000000
11519.000000
8486.000000
11442.000000
8397.000000
11364.000000
8304.000000
11286.000000
8210.000000
11211.000000
8118.000000
11142.000000
8030.000000
11080.000000
7949.000000
11026.000000
11551155
8596.000000
11536.000000
8518.000000
11462.000000
8431.000000
11385.000000
8340.000000
11306.000000
8246.000000
11230.000000
8152.000000
11157.000000
8062.000000
11091.000000
7977.000000
11032.000000
11551155
8596.000000
11536.000000
8518.000000
11462.000000
8431.000000
11385.000000
8340.000000
11306.000000
8246.000000
11230.000000
8152.000000
11157.000000
8062.000000
11091.000000
7977.000000
11032.000000
11551155
8692.000000
11618.000000
8627.000000
11552.000000
8552.000000
11480.000000
8468.000000
11404.000000
8378.000000
11327.000000
8285.000000
11251.000000
8192.000000
11179.000000
8011.000000
11112.000000
11551155
8692.000000
11618.000000
8627.000000
11552.000000
8552.000000
11480.000000
8468.000000
11404.000000
8378.000000
11327.000000
8285.000000
11251.000000
8192.000000
11179.000000
8011.000000
11112.000000
11551155
8692.000000
11618.000000
8627.000000
11552.000000
8552.000000
11480.000000
8468.000000
11404.000000
8378.000000
11327.000000
8285.000000
11251.000000
8192.000000
11179.000000
8011.000000
11112.000000
11551155
8633.000000
11547.000000
8557.000000
11475.000000
8473.000000
11398.000000
8382.000000
11320.000000
8288.000000
11243.000000
8193.000000
11170.000000
8101.000000
11103.000000
8014.000000
11042.000000
11551155
8633.000000
11547.000000
8557.000000
11475.000000
8473.000000
11398.000000
8382.000000
11320.000000
8288.000000
11243.000000
8193.000000
11170.000000
8101.000000
11103.000000
8014.000000
11042.000000
11551155
8506.000000
11435.000000
8423.000000
11361.000000
8334.000000
11285.000000
8242.000000
11210.000000
8150.000000
11139.000000
8060.000000
11073.000000
7975.000000
11015.000000
7898.000000
10964.000000
11551155
8506.000000
11435.000000
8423.000000
11361.000000
8334.000000
11285.000000
8242.000000
11210.000000
8150.000000
11139.000000
8060.000000
11073.000000
7975.000000
11015.000000
7898.000000
10964.000000
11551155
8506.000000
11435.000000
8423.000000
11361.000000
8334.000000
11285.000000
8242.000000
11210.000000
8150.000000
11139.000000
8060.000000
11073.000000
7975.000000
11015.000000
7898.000000
10964.000000
11551155
8467.000000
11454.000000
8377.000000
11380.000000
8329.000000
11305.000000
8257.000000
11229.000000
8174.000000
11157.000000
8087.000000
11089.000000
8002.000000
11028.000000
7922.000000
10975.000000
11551155
8467.000000
11454.000000
8377.000000
11380.000000
8329.000000
11305.000000
8257.000000
11229.000000
8174.000000
11157.000000
8087.000000
11089.000000
8002.000000
11028.000000
7922.000000
10975.000000
11551155
8467.000000
11454.000000
8377.000000
11380.000000
8329.000000
11305.000000
8257.000000
11229.000000
8174.000000
11157.000000
8087.000000
11089.000000
8002.000000
11028.000000
7922.000000
10975.000000
11551155
8635.000000
11556.000000
8570.000000
11492.000000
8495.000000
11422.000000
8412.000000
11349.000000
8324.000000
11275.000000
8233.000000
11202.000000
8142.000000
11132.000000
8055.000000
11069.000000
11551155
8635.000000
11556.000000
8570.000000
11492.000000
8495.000000
11422.000000
8412.000000
11349.000000
8324.000000
11275.000000
8233.000000
11202.000000
8142.000000
11132.000000
8055.000000
11069.000000
11551155
8593.000000
11502.000000
8519.000000
11432.000000
8436.000000
11357.000000
8347.000000
11282.000000
8255.000000
11208.000000
8163.000000
11137.000000
8073.000000
11072.000000
7988.000000
11014.000000
11551155
8593.000000
11502.000000
8519.000000
11432.000000
8436.000000
11357.000000
8347.000000
11282.000000
8255.000000
11208.000000
8163.000000
11137.000000
8073.000000
11072.000000
7988.000000
11014.000000
11551155
8593.000000
11502.000000
8519.000000
11432.000000
8436.000000
11357.000000
8347.000000
11282.000000
8255.000000
11208.000000
8163.000000
11137.000000
8073.000000
11072.000000
7988.000000
11014.000000
11551155
8556.000000
11459.000000
8479.000000
11388.000000
8394.000000
11313.000000
8304.000000
11238.000000
8212.000000
11165.000000
8120.000000
11096.000000
8032.000000
11034.000000
7950.000000
10978.000000
11551155
8556.000000
11459.000000
8479.000000
11388.000000
8394.000000
11313.000000
8304.000000
11238.000000
8212.000000
11165.000000
8120.000000
11096.000000
8032.000000
11034.000000
7950.000000
10978.000000
11551155
8622.000000
11515.000000
8554.000000
11448.000000
8476.000000
11377.000000
8391.000000
11302.000000
8301.000000
11228.000000
8209.000000
11157.000000
8119.000000
11089.000000
8032.000000
11028.000000
11551155
8622.000000
11515.000000
8554.000000
11448.000000
8476.000000
11377.000000
8391.000000
11302.000000
8301.000000
11228.000000
8209.000000
11157.000000
8119.000000
11089.000000
8032.000000
11028.000000
11551155
8622.000000
11515.000000
8554.000000
11448.000000
8476.000000
11377.000000
8391.000000
11302.000000
8301.000000
11228.000000
8209.000000
11157.000000
8119.000000
11089.000000
8032.000000
11028.000000
11551155
8478.000000
11381.000000
8397.000000
11309.000000
8311.000000
11235.000000
8221.000000
11162.000000
8130.000000
11092.000000
8042.000000
11027.000000
7959.000000
10969.000000
7883.000000
10918.000000
11551155
8478.000000
11381.000000
8397.000000
11309.000000
8311.000000
11235.000000
8221.000000
11162.000000
8130.000000
11092.000000
8042.000000
11027.000000
7959.000000
10969.000000
7883.000000
10918.000000
11551155
8278.000000
11211.000000
8192.000000
11137.000000
8103.000000
11063.000000
8013.000000
10993.000000
7925.000000
10928.000000
7842.000000
10869.000000
7766.000000
10817.000000
7697.000000
10774.000000
11551155
8278.000000
11211.000000
8192.000000
11137.000000
8103.000000
11063.000000
8013.000000
10993.000000
7925.000000
10928.000000
7842.000000
10869.000000
7766.000000
10817.000000
7697.000000
10774.000000
11551155
8278.000000
11211.000000
8192.000000
11137.000000
8103.000000
11063.000000
8013.000000
10993.000000
7925.000000
10928.000000
7842.000000
10869.000000
7766.000000
10817.000000
7697.000000
10774.000000
11551155
8122.000000
11075.000000
8040.000000
11003.000000
7954.000000
10933.000000
7868.000000
10865.000000
7784.000000
10803.000000
7705.000000
10746.000000
7632.000000
10696.000000
7566.000000
10654.000000
11551155
8122.000000
11075.000000
8040.000000
11003.000000
7954.000000
10933.000000
7868.000000
10865.000000
7784.000000
10803.000000
7705.000000
10746.000000
7632.000000
10696.000000
7566.000000
10654.000000
11551155
8021.000000
10974.000000
7938.000000
10903.000000
7852.000000
10834.000000
7767.000000
10769.000000
7685.000000
10709.000000
7609.000000
10656.000000
7540.000000
10610.000000
7479.000000
10572.000000
11551155
8021.000000
10974.000000
7938.000000
10903.000000
7852.000000
10834.000000
7767.000000
10769.000000
7685.000000
10709.000000
7609.000000
10656.000000
7540.000000
10610.000000
7479.000000
10572.000000
11551155
8021.000000
10974.000000
7938.000000
10903.000000
7852.000000
10834.000000
7767.000000
10769.000000
7685.000000
10709.000000
7609.000000
10656.000000
7540.000000
10610.000000
7479.000000
10572.000000
11551155
7973.000000
10947.000000
7909.000000
10876.000000
7833.000000
10805.000000
7752.000000
10737.000000
7671.000000
10674.000000
7593.000000
10617.000000
7520.000000
10567.000000
7455.000000
10525.000000
11551155
7973.000000
10947.000000
7909.000000
10876.000000
7833.000000
10805.000000
7752.000000
10737.000000
7671.000000
10674.000000
7593.000000
10617.000000
7520.000000
10567.000000
7455.000000
10525.000000
11551155
8007.000000
10940.000000
7929.000000
10869.000000
7846.000000
10798.000000
7762.000000
10729.000000
7678.000000
10663.000000
7596.000000
10603.000000
7520.000000
10549.000000
7451.000000
10503.000000
11551155
8007.000000
10940.000000
7929.000000
10869.000000
7846.000000
10798.000000
7762.000000
10729.000000
7678.000000
10663.000000
7596.000000
10603.000000
7520.000000
10549.000000
7451.000000
10503.000000
11551155
8007.000000
10940.000000
7929.000000
10869.000000
7846.000000
10798.000000
7762.000000
10729.000000
7678.000000
10663.000000
7596.000000
10603.000000
7520.000000
10549.000000
7451.000000
10503.000000
11551155
8001.000000
10912.000000
7920.000000
10840.000000
7835.000000
10768.000000
7749.000000
10700.000000
7665.000000
10636.000000
7585.000000
10579.000000
7511.000000
10528.000000
7445.000000
10486.000000
11551155
8001.000000
10912.000000
7920.000000
10840.000000
7835.000000
10768.000000
7749.000000
10700.000000
7665.000000
10636.000000
7585.000000
10579.000000
7511.000000
10528.000000
7445.000000
10486.000000
11551155
8076.000000
11022.000000
8034.000000
10954.000000
7970.000000
10884.000000
7894.000000
10815.000000
7813.000000
10748.000000
7731.000000
10685.000000
7652.000000
10628.000000
7579.000000
10579.000000
11551155
8076.000000
11022.000000
8034.000000
10954.000000
7970.000000
10884.000000
7894.000000
10815.000000
7813.000000
10748.000000
7731.000000
10685.000000
7652.000000
10628.000000
7579.000000
10579.000000
11551155
8076.000000
11022.000000
8034.000000
10954.000000
7970.000000
10884.000000
7894.000000
10815.000000
7813.000000
10748.000000
7731.000000
10685.000000
7652.000000
10628.000000
7579.000000
10579.000000
11551155
8210.000000
11058.000000
8135.000000
10988.000000
8053.000000
10916.000000
7967.000000
10845.000000
7880.000000
10775.000000
7794.000000
10711.000000
7712.000000
10652.000000
7635.000000
10601.000000
11551155
8210.000000
11058.000000
8135.000000
10988.000000
8053.000000
10916.000000
7967.000000
10845.000000
7880.000000
10775.000000
7794.000000
10711.000000
7712.000000
10652.000000
7635.000000
10601.000000
11551155
8221.000000
11055.000000
8143.000000
10983.000000
8059.000000
10910.000000
7972.000000
10838.000000
7884.000000
10769.000000
7798.000000
10705.000000
7717.000000
10648.000000
7643.000000
10599.000000
11551155
8221.000000
11055.000000
8143.000000
10983.000000
8059.000000
10910.000000
7972.000000
10838.000000
7884.000000
10769.000000
7798.000000
10705.000000
7717.000000
10648.000000
7643.000000
10599.000000
11551155
8221.000000
11055.000000
8143.000000
10983.000000
8059.000000
10910.000000
7972.000000
10838.000000
7884.000000
10769.000000
7798.000000
10705.000000
7717.000000
10648.000000
7643.000000
10599.000000
11551155
8315.000000
11175.000000
8237.000000
11109.000000
8194.000000
11038.000000
8128.000000
10965.000000
8049.000000
10892.000000
7964.000000
10821.000000
7878.000000
10754.000000
7795.000000
10694.000000
11551155
8315.000000
11175.000000
8237.000000
11109.000000
8194.000000
11038.000000
8128.000000
10965.000000
8049.000000
10892.000000
7964.000000
10821.000000
7878.000000
10754.000000
7795.000000
10694.000000
11551155
8388.000000
11174.000000
8321.000000
11109.000000
8245.000000
11039.000000
8163.000000
10967.000000
8077.000000
10896.000000
7989.000000
10826.000000
7903.000000
10761.000000
7821.000000
10703.000000
11551155
8388.000000
11174.000000
8321.000000
11109.000000
8245.000000
11039.000000
8163.000000
10967.000000
8077.000000
10896.000000
7989.000000
10826.000000
7903.000000
10761.000000
7821.000000
10703.000000
11551155
8388.000000
11174.000000
8321.000000
11109.000000
8245.000000
11039.000000
8163.000000
10967.000000
8077.000000
10896.000000
7989.000000
10826.000000
7903.000000
10761.000000
7821.000000
10703.000000
11551155
8315.000000
11093.000000
8237.000000
11020.000000
8152.000000
10946.000000
8063.000000
10873.000000
7973.000000
10802.000000
7885.000000
10736.000000
7801.000000
10676.000000
7723.000000
10624.000000
11551155
8315.000000
11093.000000
8237.000000
11020.000000
8152.000000
10946.000000
8063.000000
10873.000000
7973.000000
10802.000000
7885.000000
10736.000000
7801.000000
10676.000000
7723.000000
10624.000000
11551155
8197.000000
10986.000000
8115.000000
10914.000000
7943.000000
10842.000000
7853.000000
10772.000000
7810.000000
10706.000000
7748.000000
10645.000000
7682.000000
10593.000000
7617.000000
10547.000000
11551155
8197.000000
10986.000000
8115.000000
10914.000000
7943.000000
10842.000000
7853.000000
10772.000000
7810.000000
10706.000000
7748.000000
10645.000000
7682.000000
10593.000000
7617.000000
10547.000000
11551155
8197.000000
10986.000000
8115.000000
10914.000000
7943.000000
10842.000000
7853.000000
10772.000000
7810.000000
10706.000000
7748.000000
10645.000000
7682.000000
10593.000000
7617.000000
10547.000000
11551155
8269.000000
11046.000000
8195.000000
10977.000000
8114.000000
10905.000000
8028.000000
10833.000000
7940.000000
10762.000000
7853.000000
10696.000000
7769.000000
10635.000000
7690.000000
10581.000000
11551155
8269.000000
11046.000000
8195.000000
10977.000000
8114.000000
10905.000000
8028.000000
10833.000000
7940.000000
10762.000000
7853.000000
10696.000000
7769.000000
10635.000000
7690.000000
10581.000000
11551155
8167.000000
10954.000000
8088.000000
10884.000000
8004.000000
10813.000000
7917.000000
10745.000000
7831.000000
10680.000000
7749.000000
10621.000000
7672.000000
10569.000000
7603.000000
10524.000000
11551155
8167.000000
10954.000000
8088.000000
10884.000000
8004.000000
10813.000000
7917.000000
10745.000000
7831.000000
10680.000000
7749.000000
10621.000000
7672.000000
10569.000000
7603.000000
10524.000000
11551155
8167.000000
10954.000000
8088.000000
10884.000000
8004.000000
10813.000000
7917.000000
10745.000000
7831.000000
10680.000000
7749.000000
10621.000000
7672.000000
10569.000000
7603.000000
10524.000000
11551155
8206.000000
10980.000000
8126.000000
10908.000000
8041.000000
10836.000000
7864.000000
10764.000000
7775.000000
10696.000000
7733.000000
10632.000000
7673.000000
10575.000000
7609.000000
10525.000000
11551155
8206.000000
10980.000000
8126.000000
10908.000000
8041.000000
10836.000000
7864.000000
10764.000000
7775.000000
10696.000000
7733.000000
10632.000000
7673.000000
10575.000000
7609.000000
10525.000000
11551155
8282.000000
11041.000000
8211.000000
10973.000000
8131.000000
10902.000000
8046.000000
10830.000000
7957.000000
10758.000000
7868.000000
10689.000000
7782.000000
10625.000000
7700.000000
10568.000000
11551155
8282.000000
11041.000000
8211.000000
10973.000000
8131.000000
10902.000000
8046.000000
10830.000000
7957.000000
10758.000000
7868.000000
10689.000000
7782.000000
10625.000000
7700.000000
10568.000000
11551155
8282.000000
11041.000000
8211.000000
10973.000000
8131.000000
10902.000000
8046.000000
10830.000000
7957.000000
10758.000000
7868.000000
10689.000000
7782.000000
10625.000000
7700.000000
10568.000000
11551155
8221.000000
10972.000000
8140.000000
10900.000000
8053.000000
10828.000000
7965.000000
10758.000000
7877.000000
10691.000000
7792.000000
10630.000000
7713.000000
10577.000000
7641.000000
10530.000000
11551155
8221.000000
10972.000000
8140.000000
10900.000000
8053.000000
10828.000000
7965.000000
10758.000000
7877.000000
10691.000000
7792.000000
10630.000000
7713.000000
10577.000000
7641.000000
10530.000000
11551155
8221.000000
10972.000000
8140.000000
10900.000000
8053.000000
10828.000000
7965.000000
10758.000000
7877.000000
10691.000000
7792.000000
10630.000000
7713.000000
10577.000000
7641.000000
10530.000000
11551155
8288.000000
11017.000000
8208.000000
10945.000000
8121.000000
10872.000000
8031.000000
10800.000000
7941.000000
10732.000000
7853.000000
10669.000000
7770.000000
10612.000000
7694.000000
10562.000000
11551155
8288.000000
11017.000000
8208.000000
10945.000000
8121.000000
10872.000000
8031.000000
10800.000000
7941.000000
10732.000000
7853.000000
10669.000000
7770.000000
10612.000000
7694.000000
10562.000000
11551155
8369.000000
11090.000000
8297.000000
11024.000000
8218.000000
10954.000000
8132.000000
10882.000000
8043.000000
10811.000000
7954.000000
10743.000000
7867.000000
10680.000000
7785.000000
10623.000000
11551155
8369.000000
11090.000000
8297.000000
11024.000000
8218.000000
10954.000000
8132.000000
10882.000000
8043.000000
10811.000000
7954.000000
10743.000000
7867.000000
10680.000000
7785.000000
10623.000000
11551155
8369.000000
11090.000000
8297.000000
11024.000000
8218.000000
10954.000000
8132.000000
10882.000000
8043.000000
10811.000000
7954.000000
10743.000000
7867.000000
10680.000000
7785.000000
10623.000000
11551155
8407.000000
11108.000000
8333.000000
11039.000000
8251.000000
10966.000000
8163.000000
10893.000000
8072.000000
10821.000000
7981.000000
10753.000000
7893.000000
10690.000000
7810.000000
10633.000000
11551155
8407.000000
11108.000000
8333.000000
11039.000000
8251.000000
10966.000000
8163.000000
10893.000000
8072.000000
10821.000000
7981.000000
10753.000000
7893.000000
10690.000000
7810.000000
10633.000000
11551155
8328.000000
11033.000000
8251.000000
10965.000000
8168.000000
10896.000000
8082.000000
10827.000000
7995.000000
10762.000000
7911.000000
10702.000000
7831.000000
10648.000000
7758.000000
10602.000000
11551155
8328.000000
11033.000000
8251.000000
10965.000000
8168.000000
10896.000000
8082.000000
10827.000000
7995.000000
10762.000000
7911.000000
10702.000000
7831.000000
10648.000000
7758.000000
10602.000000
11551155
8328.000000
11033.000000
8251.000000
10965.000000
8168.000000
10896.000000
8082.000000
10827.000000
7995.000000
10762.000000
7911.000000
10702.000000
7831.000000
10648.000000
7758.000000
10602.000000
11551155
8375.000000
11066.000000
8299.000000
10998.000000
8216.000000
10927.000000
8129.000000
10856.000000
8040.000000
10788.000000
7953.000000
10724.000000
7869.000000
10665.000000
7714.000000
10614.000000
11551155
8375.000000
11066.000000
8299.000000
10998.000000
8216.000000
10927.000000
8129.000000
10856.000000
8040.000000
10788.000000
7953.000000
10724.000000
7869.000000
10665.000000
7714.000000
10614.000000
11551155
8409.000000
11095.000000
8336.000000
11028.000000
8255.000000
10956.000000
8169.000000
10884.000000
8080.000000
10813.000000
7990.000000
10746.000000
7903.000000
10683.000000
7821.000000
10627.000000
11551155
8409.000000
11095.000000
8336.000000
11028.000000
8255.000000
10956.000000
8169.000000
10884.000000
8080.000000
10813.000000
7990.000000
10746.000000
7903.000000
10683.000000
7821.000000
10627.000000
11551155
8409.000000
11095.000000
8336.000000
11028.000000
8255.000000
10956.000000
8169.000000
10884.000000
8080.000000
10813.000000
7990.000000
10746.000000
7903.000000
10683.000000
7821.000000
10627.000000
11551155
8290.000000
10981.000000
8208.000000
10911.000000
8122.000000
10840.000000
8034.000000
10772.000000
7947.000000
10707.000000
7863.000000
10648.000000
7785.000000
10596.000000
7714.000000
10552.000000
11551155
8290.000000
10981.000000
8208.000000
10911.000000
8122.000000
10840.000000
8034.000000
10772.000000
7947.000000
10707.000000
7863.000000
10648.000000
7785.000000
10596.000000
7714.000000
10552.000000
11551155
8344.000000
11022.000000
8265.000000
10953.000000
8180.000000
10881.000000
8091.000000
10810.000000
7911.000000
10741.000000
7824.000000
10677.000000
7783.000000
10618.000000
7727.000000
10566.000000
11551155
8344.000000
11022.000000
8265.000000
10953.000000
8180.000000
10881.000000
8091.000000
10810.000000
7911.000000
10741.000000
7824.000000
10677.000000
7783.000000
10618.000000
7727.000000
10566.000000
11551155
8344.000000
11022.000000
8265.000000
10953.000000
8180.000000
10881.000000
8091.000000
10810.000000
7911.000000
10741.000000
7824.000000
10677.000000
7783.000000
10618.000000
7727.000000
10566.000000
11551155
8310.000000
10990.000000
8234.000000
10921.000000
8150.000000
10850.000000
8062.000000
10778.000000
7973.000000
10709.000000
7885.000000
10643.000000
7801.000000
10584.000000
7722.000000
10532.000000
11551155
8310.000000
10990.000000
8234.000000
10921.000000
8150.000000
10850.000000
8062.000000
10778.000000
7973.000000
10709.000000
7885.000000
10643.000000
7801.000000
10584.000000
7722.000000
10532.000000
11551155
8310.000000
10990.000000
8234.000000
10921.000000
8150.000000
10850.000000
8062.000000
10778.000000
7973.000000
10709.000000
7885.000000
10643.000000
7801.000000
10584.000000
7722.000000
10532.000000
11551155
8280.000000
10948.000000
8200.000000
10877.000000
8114.000000
10805.000000
8025.000000
10735.000000
7936.000000
10668.000000
7850.000000
10605.000000
7769.000000
10550.000000
7695.000000
10502.000000
11551155
8280.000000
10948.000000
8200.000000
10877.000000
8114.000000
10805.000000
8025.000000
10735.000000
7936.000000
10668.000000
7850.000000
10605.000000
7769.000000
10550.000000
7695.000000
10502.000000
11551155
8205.000000
10942.000000
8164.000000
10877.000000
8101.000000
10809.000000
8026.000000
10743.000000
7946.000000
10679.000000
7866.000000
10619.000000
7789.000000
10566.000000
7717.000000
10519.000000
11551155
8205.000000
10942.000000
8164.000000
10877.000000
8101.000000
10809.000000
8026.000000
10743.000000
7946.000000
10679.000000
7866.000000
10619.000000
7789.000000
10566.000000
7717.000000
10519.000000
11551155
8205.000000
10942.000000
8164.000000
10877.000000
8101.000000
10809.000000
8026.000000
10743.000000
7946.000000
10679.000000
7866.000000
10619.000000
7789.000000
10566.000000
7717.000000
10519.000000
11551155
8364.000000
11001.000000
8289.000000
10932.000000
8206.000000
10860.000000
8119.000000
10787.000000
8029.000000
10716.000000
7939.000000
10650.000000
7852.000000
10588.000000
7770.000000
10532.000000
11551155
8364.000000
11001.000000
8289.000000
10932.000000
8206.000000
10860.000000
8119.000000
10787.000000
8029.000000
10716.000000
7939.000000
10650.000000
7852.000000
10588.000000
7770.000000
10532.000000
11551155
8169.000000
10835.000000
8087.000000
10767.000000
8002.000000
10699.000000
7916.000000
10635.000000
7833.000000
10576.000000
7755.000000
10523.000000
7684.000000
10477.000000
7620.000000
10438.000000
11551155
8169.000000
10835.000000
8087.000000
10767.000000
8002.000000
10699.000000
7916.000000
10635.000000
7833.000000
10576.000000
7755.000000
10523.000000
7684.000000
10477.000000
7620.000000
10438.000000
11551155
8169.000000
10835.000000
8087.000000
10767.000000
8002.000000
10699.000000
7916.000000
10635.000000
7833.000000
10576.000000
7755.000000
10523.000000
7684.000000
10477.000000
7620.000000
10438.000000
11551155
8296.000000
10930.000000
8219.000000
10861.000000
8136.000000
10791.000000
8050.000000
10723.000000
7964.000000
10657.000000
7880.000000
10597.000000
7722.000000
10543.000000
7656.000000
10497.000000
11551155
8296.000000
10930.000000
8219.000000
10861.000000
8136.000000
10791.000000
8050.000000
10723.000000
7964.000000
10657.000000
7880.000000
10597.000000
7722.000000
10543.000000
7656.000000
10497.000000
11551155
8348.000000
10965.000000
8272.000000
10897.000000
8190.000000
10828.000000
8105.000000
10760.000000
8019.000000
10694.000000
7935.000000
10634.000000
7856.000000
10581.000000
7784.000000
10534.000000
11551155
8348.000000
10965.000000
8272.000000
10897.000000
8190.000000
10828.000000
8105.000000
10760.000000
8019.000000
10694.000000
7935.000000
10634.000000
7856.000000
10581.000000
7784.000000
10534.000000
11551155
8461.000000
11044.000000
8387.000000
10978.000000
8306.000000
10911.000000
8221.000000
10843.000000
8134.000000
10777.000000
8049.000000
10716.000000
7968.000000
10661.000000
7893.000000
10612.000000
11551155
8461.000000
11044.000000
8387.000000
10978.000000
8306.000000
10911.000000
8221.000000
10843.000000
8134.000000
10777.000000
8049.000000
10716.000000
7968.000000
10661.000000
7893.000000
10612.000000
11551155
8461.000000
11044.000000
8387.000000
10978.000000
8306.000000
10911.000000
8221.000000
10843.000000
8134.000000
10777.000000
8049.000000
10716.000000
7968.000000
10661.000000
7893.000000
10612.000000
11551155
8648.000000
11190.000000
8586.000000
11130.000000
8513.000000
11063.000000
8432.000000
10993.000000
8345.000000
10921.000000
8255.000000
10850.000000
8165.000000
10783.000000
8077.000000
10721.000000
11551155
8648.000000
11190.000000
8586.000000
11130.000000
8513.000000
11063.000000
8432.000000
10993.000000
8345.000000
10921.000000
8255.000000
10850.000000
8165.000000
10783.000000
8077.000000
10721.000000
11551155
8545.000000
11087.000000
8466.000000
11017.000000
8380.000000
10946.000000
8291.000000
10875.000000
8200.000000
10807.000000
8112.000000
10743.000000
8028.000000
10686.000000
7950.000000
10637.000000
11551155
8545.000000
11087.000000
8466.000000
11017.000000
8380.000000
10946.000000
8291.000000
10875.000000
8200.000000
10807.000000
8112.000000
10743.000000
8028.000000
10686.000000
7950.000000
10637.000000
11551155
8545.000000
11087.000000
8466.000000
11017.000000
8380.000000
10946.000000
8291.000000
10875.000000
8200.000000
10807.000000
8112.000000
10743.000000
8028.000000
10686.000000
7950.000000
10637.000000
11551155
8641.000000
11183.000000
8583.000000
11118.000000
8511.000000
11050.000000
8429.000000
10978.000000
8341.000000
10907.000000
8250.000000
10838.000000
8161.000000
10774.000000
8076.000000
10716.000000
11551155
8641.000000
11183.000000
8583.000000
11118.000000
8511.000000
11050.000000
8429.000000
10978.000000
8341.000000
10907.000000
8250.000000
10838.000000
8161.000000
10774.000000
8076.000000
10716.000000
11551155
8704.000000
11204.000000
8638.000000
11143.000000
8563.000000
11076.000000
8481.000000
11007.000000
8393.000000
10937.000000
8303.000000
10870.000000
8214.000000
10806.000000
8128.000000
10748.000000
11551155
8704.000000
11204.000000
8638.000000
11143.000000
8563.000000
11076.000000
8481.000000
11007.000000
8393.000000
10937.000000
8303.000000
10870.000000
8214.000000
10806.000000
8128.000000
10748.000000
11551155
8704.000000
11204.000000
8638.000000
11143.000000
8563.000000
11076.000000
8481.000000
11007.000000
8393.000000
10937.000000
8303.000000
10870.000000
8214.000000
10806.000000
8128.000000
10748.000000
11551155
8660.000000
11155.000000
8582.000000
11085.000000
8496.000000
11012.000000
8405.000000
10938.000000
8311.000000
10865.000000
8217.000000
10797.000000
8126.000000
10735.000000
8041.000000
10679.000000
11551155
8660.000000
11155.000000
8582.000000
11085.000000
8496.000000
11012.000000
8405.000000
10938.000000
8311.000000
10865.000000
8217.000000
10797.000000
8126.000000
10735.000000
8041.000000
10679.000000
11551155
8484.000000
11005.000000
8317.000000
10935.000000
8224.000000
10864.000000
8177.000000
10794.000000
8109.000000
10729.000000
8033.000000
10670.000000
7957.000000
10617.000000
7887.000000
10573.000000
11551155
8484.000000
11005.000000
8317.000000
10935.000000
8224.000000
10864.000000
8177.000000
10794.000000
8109.000000
10729.000000
8033.000000
10670.000000
7957.000000
10617.000000
7887.000000
10573.000000
11551155
8484.000000
11005.000000
8317.000000
10935.000000
8224.000000
10864.000000
8177.000000
10794.000000
8109.000000
10729.000000
8033.000000
10670.000000
7957.000000
10617.000000
7887.000000
10573.000000
11551155
8429.000000
10965.000000
8349.000000
10896.000000
8263.000000
10827.000000
8175.000000
10759.000000
8087.000000
10695.000000
8003.000000
10636.000000
7924.000000
10584.000000
7852.000000
10540.000000
11551155
8429.000000
10965.000000
8349.000000
10896.000000
8263.000000
10827.000000
8175.000000
10759.000000
8087.000000
10695.000000
8003.000000
10636.000000
7924.000000
10584.000000
7852.000000
10540.000000
11551155
8359.000000
10902.000000
8278.000000
10834.000000
8193.000000
10766.000000
8107.000000
10702.000000
8023.000000
10642.000000
7943.000000
10589.000000
7870.000000
10543.000000
7805.000000
10504.000000
11551155
8359.000000
10902.000000
8278.000000
10834.000000
8193.000000
10766.000000
8107.000000
10702.000000
8023.000000
10642.000000
7943.000000
10589.000000
7870.000000
10543.000000
7805.000000
10504.000000
11551155
8359.000000
10902.000000
8278.000000
10834.000000
8193.000000
10766.000000
8107.000000
10702.000000
8023.000000
10642.000000
7943.000000
10589.000000
7870.000000
10543.000000
7805.000000
10504.000000
11551155
8456.000000
10975.000000
8378.000000
10908.000000
8295.000000
10839.000000
8208.000000
10771.000000
8121.000000
10706.000000
8036.000000
10646.000000
7955.000000
10593.000000
7882.000000
10547.000000
11551155
8456.000000
10975.000000
8378.000000
10908.000000
8295.000000
10839.000000
8208.000000
10771.000000
8121.000000
10706.000000
8036.000000
10646.000000
7955.000000
10593.000000
7882.000000
10547.000000
11551155
8543.000000
11044.000000
8468.000000
10977.000000
8386.000000
10908.000000
8299.000000
10839.000000
8211.000000
10772.000000
8124.000000
10708.000000
8041.000000
10652.000000
7964.000000
10602.000000
11551155
8543.000000
11044.000000
8468.000000
10977.000000
8386.000000
10908.000000
8299.000000
10839.000000
8211.000000
10772.000000
8124.000000
10708.000000
8041.000000
10652.000000
7964.000000
10602.000000
11551155
8543.000000
11044.000000
8468.000000
10977.000000
8386.000000
10908.000000
8299.000000
10839.000000
8211.000000
10772.000000
8124.000000
10708.000000
8041.000000
10652.000000
7964.000000
10602.000000
11551155
8653.000000
11171.000000
8570.000000
11105.000000
8524.000000
11035.000000
8454.000000
10963.000000
8371.000000
10891.000000
8282.000000
10823.000000
8193.000000
10759.000000
8108.000000
10701.000000
11551155
8653.000000
11171.000000
8570.000000
11105.000000
8524.000000
11035.000000
8454.000000
10963.000000
8371.000000
10891.000000
8282.000000
10823.000000
8193.000000
10759.000000
8108.000000
10701.000000
11551155
8711.000000
11160.000000
8638.000000
11094.000000
8555.000000
11022.000000
8466.000000
10948.000000
8372.000000
10876.000000
8277.000000
10805.000000
8184.000000
10740.000000
8095.000000
10681.000000
11551155
8711.000000
11160.000000
8638.000000
11094.000000
8555.000000
11022

