11551155
6474.000000
9757.000000
6434.000000
9718.000000
6393.000000
9679.000000
6351.000000
9641.000000
6309.000000
9605.000000
6269.000000
9572.000000
6231.000000
9543.000000
6197.000000
9518.000000
11551155
6566.000000
9850.000000
6526.000000
9810.000000
6483.000000
9769.000000
6439.000000
9729.000000
6395.000000
9691.000000
6353.000000
9656.000000
6313.000000
9624.000000
6276.000000
9597.000000
11551155
6566.000000
9850.000000
6526.000000
9810.000000
6483.000000
9769.000000
6439.000000
9729.000000
6395.000000
9691.000000
6353.000000
9656.000000
6313.000000
9624.000000
6276.000000
9597.000000
11551155
6566.000000
9850.000000
6526.000000
9810.000000
6483.000000
9769.000000
6439.000000
9729.000000
6395.000000
9691.000000
6353.000000
9656.000000
6313.000000
9624.000000
6276.000000
9597.000000
11551155
6527.000000
9820.000000
6483.000000
9780.000000
6439.000000
9740.000000
6395.000000
9702.000000
6352.000000
9668.000000
6313.000000
9637.000000
6277.000000
9611.000000
6245.000000
9588.000000
11551155
6527.000000
9820.000000
6483.000000
9780.000000
6439.000000
9740.000000
6395.000000
9702.000000
6352.000000
9668.000000
6313.000000
9637.000000
6277.000000
9611.000000
6245.000000
9588.000000
11551155
6530.000000
9830.000000
6487.000000
9790.000000
6443.000000
9750.000000
6398.000000
9712.000000
6355.000000
9676.000000
6314.000000
9644.000000
6276.000000
9615.000000
6242.000000
9591.000000
11551155
6530.000000
9830.000000
6487.000000
9790.000000
6443.000000
9750.000000
6398.000000
9712.000000
6355.000000
9676.000000
6314.000000
9644.000000
6276.000000
9615.000000
6242.000000
9591.000000
11551155
6530.000000
9830.000000
6487.000000
9790.000000
6443.000000
9750.000000
6398.000000
9712.000000
6355.000000
9676.000000
6314.000000
9644.000000
6276.000000
9615.000000
6242.000000
9591.000000
11551155
6556.000000
9862.000000
6513.000000
9820.000000
6467.000000
9778.000000
6421.000000
9737.000000
6375.000000
9698.000000
6331.000000
9662.000000
6290.000000
9630.000000
6252.000000
9602.000000
11551155
6556.000000
9862.000000
6513.000000
9820.000000
6467.000000
9778.000000
6421.000000
9737.000000
6375.000000
9698.000000
6331.000000
9662.000000
6290.000000
9630.000000
6252.000000
9602.000000
11551155
6556.000000
9862.000000
6513.000000
9820.000000
6467.000000
9778.000000
6421.000000
9737.000000
6375.000000
9698.000000
6331.000000
9662.000000
6290.000000
9630.000000
6252.000000
9602.000000
11551155
6492.000000
9812.000000
6448.000000
9771.000000
6404.000000
9732.000000
6360.000000
9694.000000
6317.000000
9660.000000
6277.000000
9629.000000
6240.000000
9602.000000
6207.000000
9579.000000
11551155
6492.000000
9812.000000
6448.000000
9771.000000
6404.000000
9732.000000
6360.000000
9694.000000
6317.000000
9660.000000
6277.000000
9629.000000
6240.000000
9602.000000
6207.000000
9579.000000
11551155
6494.000000
9827.000000
6454.000000
9787.000000
6412.000000
9746.000000
6368.000000
9706.000000
6324.000000
9668.000000
6281.000000
9632.000000
6240.000000
9600.000000
6202.000000
9571.000000
11551155
6494.000000
9827.000000
6454.000000
9787.000000
6412.000000
9746.000000
6368.000000
9706.000000
6324.000000
9668.000000
6281.000000
9632.000000
6240.000000
9600.000000
6202.000000
9571.000000
11551155
6494.000000
9827.000000
6454.000000
9787.000000
6412.000000
9746.000000
6368.000000
9706.000000
6324.000000
9668.000000
6281.000000
9632.000000
6240.000000
9600.000000
6202.000000
9571.000000
11551155
6461.000000
9800.000000
6423.000000
9762.000000
6381.000000
9723.000000
6338.000000
9683.000000
6295.000000
9645.000000
6252.000000
9610.000000
6211.000000
9577.000000
6173.000000
9548.000000
11551155
6461.000000
9800.000000
6423.000000
9762.000000
6381.000000
9723.000000
6338.000000
9683.000000
6295.000000
9645.000000
6252.000000
9610.000000
6211.000000
9577.000000
6173.000000
9548.000000
11551155
6461.000000
9800.000000
6423.000000
9762.000000
6381.000000
9723.000000
6338.000000
9683.000000
6295.000000
9645.000000
6252.000000
9610.000000
6211.000000
9577.000000
6173.000000
9548.000000
11551155
6385.000000
9724.000000
6342.000000
9683.000000
6297.000000
9644.000000
6253.000000
9606.000000
6210.000000
9571.000000
6170.000000
9540.000000
6133.000000
9512.000000
6099.000000
9488.000000
11551155
6385.000000
9724.000000
6342.000000
9683.000000
6297.000000
9644.000000
6253.000000
9606.000000
6210.000000
9571.000000
6170.000000
9540.000000
6133.000000
9512.000000
6099.000000
9488.000000
11551155
6417.000000
9763.000000
6376.000000
9722.000000
6333.000000
9681.000000
6289.000000
9642.000000
6200.000000
9604.000000
6159.000000
9569.000000
6140.000000
9537.000000
6113.000000
9509.000000
11551155
6417.000000
9763.000000
6376.000000
9722.000000
6333.000000
9681.000000
6289.000000
9642.000000
6200.000000
9604.000000
6159.000000
9569.000000
6140.000000
9537.000000
6113.000000
9509.000000
11551155
6417.000000
9763.000000
6376.000000
9722.000000
6333.000000
9681.000000
6289.000000
9642.000000
6200.000000
9604.000000
6159.000000
9569.000000
6140.000000
9537.000000
6113.000000
9509.000000
11551155
6426.000000
9751.000000
6378.000000
9706.000000
6330.000000
9663.000000
6282.000000
9622.000000
6236.000000
9585.000000
6193.000000
9553.000000
6154.000000
9524.000000
6119.000000
9500.000000
11551155
6426.000000
9751.000000
6378.000000
9706.000000
6330.000000
9663.000000
6282.000000
9622.000000
6236.000000
9585.000000
6193.000000
9553.000000
6154.000000
9524.000000
6119.000000
9500.000000
11551155
6426.000000
9751.000000
6378.000000
9706.000000
6330.000000
9663.000000
6282.000000
9622.000000
6236.000000
9585.000000
6193.000000
9553.000000
6154.000000
9524.000000
6119.000000
9500.000000
11551155
6467.000000
9790.000000
6419.000000
9744.000000
6369.000000
9699.000000
6319.000000
9656.000000
6270.000000
9615.000000
6224.000000
9579.000000
6181.000000
9546.000000
6142.000000
9518.000000
11551155
6467.000000
9790.000000
6419.000000
9744.000000
6369.000000
9699.000000
6319.000000
9656.000000
6270.000000
9615.000000
6224.000000
9579.000000
6181.000000
9546.000000
6142.000000
9518.000000
11551155
6379.000000
9724.000000
6335.000000
9682.000000
6289.000000
9640.000000
6244.000000
9600.000000
6155.000000
9563.000000
6115.000000
9530.000000
6097.000000
9500.000000
6072.000000
9475.000000
11551155
6379.000000
9724.000000
6335.000000
9682.000000
6289.000000
9640.000000
6244.000000
9600.000000
6155.000000
9563.000000
6115.000000
9530.000000
6097.000000
9500.000000
6072.000000
9475.000000
11551155
6379.000000
9724.000000
6335.000000
9682.000000
6289.000000
9640.000000
6244.000000
9600.000000
6155.000000
9563.000000
6115.000000
9530.000000
6097.000000
9500.000000
6072.000000
9475.000000
11551155
6495.000000
9830.000000
6450.000000
9785.000000
6402.000000
9739.000000
6353.000000
9693.000000
6303.000000
9650.000000
6255.000000
9609.000000
6209.000000
9572.000000
6166.000000
9539.000000
11551155
6495.000000
9830.000000
6450.000000
9785.000000
6402.000000
9739.000000
6353.000000
9693.000000
6303.000000
9650.000000
6255.000000
9609.000000
6209.000000
9572.000000
6166.000000
9539.000000
11551155
6419.000000
9752.000000
6373.000000
9708.000000
6325.000000
9665.000000
6278.000000
9625.000000
6232.000000
9587.000000
6189.000000
9554.000000
6150.000000
9524.000000
6115.000000
9500.000000
11551155
6419.000000
9752.000000
6373.000000
9708.000000
6325.000000
9665.000000
6278.000000
9625.000000
6232.000000
9587.000000
6189.000000
9554.000000
6150.000000
9524.000000
6115.000000
9500.000000
11551155
6419.000000
9752.000000
6373.000000
9708.000000
6325.000000
9665.000000
6278.000000
9625.000000
6232.000000
9587.000000
6189.000000
9554.000000
6150.000000
9524.000000
6115.000000
9500.000000
11551155
6436.000000
9768.000000
6391.000000
9724.000000
6344.000000
9679.000000
6296.000000
9636.000000
6248.000000
9595.000000
6155.000000
9558.000000
6115.000000
9524.000000
6096.000000
9495.000000
11551155
6436.000000
9768.000000
6391.000000
9724.000000
6344.000000
9679.000000
6296.000000
9636.000000
6248.000000
9595.000000
6155.000000
9558.000000
6115.000000
9524.000000
6096.000000
9495.000000
11551155
6436.000000
9768.000000
6391.000000
9724.000000
6344.000000
9679.000000
6296.000000
9636.000000
6248.000000
9595.000000
6155.000000
9558.000000
6115.000000
9524.000000
6096.000000
9495.000000
11551155
6504.000000
9826.000000
6457.000000
9780.000000
6408.000000
9734.000000
6359.000000
9690.000000
6310.000000
9649.000000
6263.000000
9610.000000
6219.000000
9576.000000
6179.000000
9547.000000
11551155
6504.000000
9826.000000
6457.000000
9780.000000
6408.000000
9734.000000
6359.000000
9690.000000
6310.000000
9649.000000
6263.000000
9610.000000
6219.000000
9576.000000
6179.000000
9547.000000
11551155
6486.000000
9808.000000
6439.000000
9763.000000
6391.000000
9719.000000
6342.000000
9676.000000
6294.000000
9637.000000
6249.000000
9601.000000
6207.000000
9569.000000
6169.000000
9542.000000
11551155
6486.000000
9808.000000
6439.000000
9763.000000
6391.000000
9719.000000
6342.000000
9676.000000
6294.000000
9637.000000
6249.000000
9601.000000
6207.000000
9569.000000
6169.000000
9542.000000
11551155
6486.000000
9808.000000
6439.000000
9763.000000
6391.000000
9719.000000
6342.000000
9676.000000
6294.000000
9637.000000
6249.000000
9601.000000
6207.000000
9569.000000
6169.000000
9542.000000
11551155
6498.000000
9821.000000
6450.000000
9775.000000
6401.000000
9730.000000
6351.000000
9687.000000
6303.000000
9647.000000
6257.000000
9610.000000
6174.000000
9578.000000
6140.000000
9550.000000
11551155
6498.000000
9821.000000
6450.000000
9775.000000
6401.000000
9730.000000
6351.000000
9687.000000
6303.000000
9647.000000
6257.000000
9610.000000
6174.000000
9578.000000
6140.000000
9550.000000
11551155
6568.000000
9874.000000
6520.000000
9827.000000
6470.000000
9781.000000
6419.000000
9737.000000
6369.000000
9695.000000
6321.000000
9657.000000
6277.000000
9624.000000
6237.000000
9595.000000
11551155
6568.000000
9874.000000
6520.000000
9827.000000
6470.000000
9781.000000
6419.000000
9737.000000
6369.000000
9695.000000
6321.000000
9657.000000
6277.000000
9624.000000
6237.000000
9595.000000
11551155
6568.000000
9874.000000
6520.000000
9827.000000
6470.000000
9781.000000
6419.000000
9737.000000
6369.000000
9695.000000
6321.000000
9657.000000
6277.000000
9624.000000
6237.000000
9595.000000
11551155
6534.000000
9836.000000
6485.000000
9791.000000
6435.000000
9747.000000
6385.000000
9706.000000
6338.000000
9668.000000
6293.000000
9634.000000
6253.000000
9606.000000
6217.000000
9582.000000
11551155
6534.000000
9836.000000
6485.000000
9791.000000
6435.000000
9747.000000
6385.000000
9706.000000
6338.000000
9668.000000
6293.000000
9634.000000
6253.000000
9606.000000
6217.000000
9582.000000
11551155
6541.000000
9847.000000
6494.000000
9802.000000
6444.000000
9756.000000
6394.000000
9712.000000
6345.000000
9671.000000
6298.000000
9634.000000
6254.000000
9600.000000
6214.000000
9572.000000
11551155
6541.000000
9847.000000
6494.000000
9802.000000
6444.000000
9756.000000
6394.000000
9712.000000
6345.000000
9671.000000
6298.000000
9634.000000
6254.000000
9600.000000
6214.000000
9572.000000
11551155
6541.000000
9847.000000
6494.000000
9802.000000
6444.000000
9756.000000
6394.000000
9712.000000
6345.000000
9671.000000
6298.000000
9634.000000
6254.000000
9600.000000
6214.000000
9572.000000
11551155
6484.000000
9792.000000
6436.000000
9747.000000
6387.000000
9702.000000
6338.000000
9660.000000
6290.000000
9621.000000
6244.000000
9585.000000
6201.000000
9554.000000
6163.000000
9528.000000
11551155
6484.000000
9792.000000
6436.000000
9747.000000
6387.000000
9702.000000
6338.000000
9660.000000
6290.000000
9621.000000
6244.000000
9585.000000
6201.000000
9554.000000
6163.000000
9528.000000
11551155
6430.000000
9786.000000
6407.000000
9746.000000
6373.000000
9705.000000
6333.000000
9665.000000
6291.000000
9628.000000
6249.000000
9593.000000
6209.000000
9561.000000
6172.000000
9534.000000
11551155
6430.000000
9786.000000
6407.000000
9746.000000
6373.000000
9705.000000
6333.000000
9665.000000
6291.000000
9628.000000
6249.000000
9593.000000
6209.000000
9561.000000
6172.000000
9534.000000
11551155
6430.000000
9786.000000
6407.000000
9746.000000
6373.000000
9705.000000
6333.000000
9665.000000
6291.000000
9628.000000
6249.000000
9593.000000
6209.000000
9561.000000
6172.000000
9534.000000
11551155
6455.000000
9776.000000
6413.000000
9735.000000
6368.000000
9692.000000
6322.000000
9650.000000
6276.000000
9610.000000
6230.000000
9573.000000
6186.000000
9539.000000
6146.000000
9508.000000
11551155
6455.000000
9776.000000
6413.000000
9735.000000
6368.000000
9692.000000
6322.000000
9650.000000
6276.000000
9610.000000
6230.000000
9573.000000
6186.000000
9539.000000
6146.000000
9508.000000
11551155
6369.000000
9696.000000
6323.000000
9653.000000
6275.000000
9610.000000
6228.000000
9570.000000
6182.000000
9533.000000
6139.000000
9500.000000
6100.000000
9471.000000
6065.000000
9446.000000
11551155
6369.000000
9696.000000
6323.000000
9653.000000
6275.000000
9610.000000
6228.000000
9570.000000
6182.000000
9533.000000
6139.000000
9500.000000
6100.000000
9471.000000
6065.000000
9446.000000
11551155
6369.000000
9696.000000
6323.000000
9653.000000
6275.000000
9610.000000
6228.000000
9570.000000
6182.000000
9533.000000
6139.000000
9500.000000
6100.000000
9471.000000
6065.000000
9446.000000
11551155
6363.000000
9691.000000
6320.000000
9650.000000
6276.000000
9609.000000
6231.000000
9570.000000
6144.000000
9533.000000
6104.000000
9500.000000
6086.000000
9471.000000
6061.000000
9446.000000
11551155
6363.000000
9691.000000
6320.000000
9650.000000
6276.000000
9609.000000
6231.000000
9570.000000
6144.000000
9533.000000
6104.000000
9500.000000
6086.000000
9471.000000
6061.000000
9446.000000
11551155
6386.000000
9713.000000
6341.000000
9670.000000
6294.000000
9627.000000
6246.000000
9586.000000
6199.000000
9547.000000
6154.000000
9511.000000
6112.000000
9479.000000
6073.000000
9451.000000
11551155
6386.000000
9713.000000
6341.000000
9670.000000
6294.000000
9627.000000
6246.000000
9586.000000
6199.000000
9547.000000
6154.000000
9511.000000
6112.000000
9479.000000
6073.000000
9451.000000
11551155
6386.000000
9713.000000
6341.000000
9670.000000
6294.000000
9627.000000
6246.000000
9586.000000
6199.000000
9547.000000
6154.000000
9511.000000
6112.000000
9479.000000
6073.000000
9451.000000
11551155
6350.000000
9674.000000
6303.000000
9630.000000
6255.000000
9587.000000
6207.000000
9546.000000
6161.000000
9508.000000
6117.000000
9475.000000
6077.000000
9445.000000
6041.000000
9420.000000
11551155
6350.000000
9674.000000
6303.000000
9630.000000
6255.000000
9587.000000
6207.000000
9546.000000
6161.000000
9508.000000
6117.000000
9475.000000
6077.000000
9445.000000
6041.000000
9420.000000
11551155
6422.000000
9749.000000
6380.000000
9707.000000
6336.000000
9665.000000
6290.000000
9624.000000
6243.000000
9584.000000
6197.000000
9547.000000
6153.000000
9514.000000
6113.000000
9484.000000
11551155
6422.000000
9749.000000
6380.000000
9707.000000
6336.000000
9665.000000
6290.000000
9624.000000
6243.000000
9584.000000
6197.000000
9547.000000
6153.000000
9514.000000
6113.000000
9484.000000
11551155
6422.000000
9749.000000
6380.000000
9707.000000
6336.000000
9665.000000
6290.000000
9624.000000
6243.000000
9584.000000
6197.000000
9547.000000
6153.000000
9514.000000
6113.000000
9484.000000
11551155
6443.000000
9760.000000
6396.000000
9715.000000
6347.000000
9669.000000
6296.000000
9624.000000
6246.000000
9582.000000
6197.000000
9542.000000
6151.000000
9507.000000
6109.000000
9476.000000
11551155
6443.000000
9760.000000
6396.000000
9715.000000
6347.000000
9669.000000
6296.000000
9624.000000
6246.000000
9582.000000
6197.000000
9542.000000
6151.000000
9507.000000
6109.000000
9476.000000
11551155
6377.000000
9699.000000
6329.000000
9654.000000
6280.000000
9610.000000
6231.000000
9567.000000
6183.000000
9528.000000
6138.000000
9492.000000
6096.000000
9461.000000
6058.000000
9434.000000
11551155
6377.000000
9699.000000
6329.000000
9654.000000
6280.000000
9610.000000
6231.000000
9567.000000
6183.000000
9528.000000
6138.000000
9492.000000
6096.000000
9461.000000
6058.000000
9434.000000
11551155
6377.000000
9699.000000
6329.000000
9654.000000
6280.000000
9610.000000
6231.000000
9567.000000
6183.000000
9528.000000
6138.000000
9492.000000
6096.000000
9461.000000
6058.000000
9434.000000
11551155
6438.000000
9760.000000
6394.000000
9716.000000
6347.000000
9671.000000
6298.000000
9627.000000
6249.000000
9585.000000
6202.000000
9546.000000
6157.000000
9510.000000
6115.000000
9480.000000
11551155
6438.000000
9760.000000
6394.000000
9716.000000
6347.000000
9671.000000
6298.000000
9627.000000
6249.000000
9585.000000
6202.000000
9546.000000
6157.000000
9510.000000
6115.000000
9480.000000
11551155
6438.000000
9760.000000
6394.000000
9716.000000
6347.000000
9671.000000
6298.000000
9627.000000
6249.000000
9585.000000
6202.000000
9546.000000
6157.000000
9510.000000
6115.000000
9480.000000
11551155
6433.000000
9746.000000
6386.000000
9700.000000
6336.000000
9655.000000
6285.000000
9610.000000
6235.000000
9569.000000
6186.000000
9530.000000
6141.000000
9496.000000
6100.000000
9465.000000
11551155
6433.000000
9746.000000
6386.000000
9700.000000
6336.000000
9655.000000
6285.000000
9610.000000
6235.000000
9569.000000
6186.000000
9530.000000
6141.000000
9496.000000
6100.000000
9465.000000
11551155
6380.000000
9701.000000
6334.000000
9656.000000
6286.000000
9611.000000
6237.000000
9569.000000
6189.000000
9529.000000
6143.000000
9493.000000
6101.000000
9462.000000
6063.000000
9435.000000
11551155
6380.000000
9701.000000
6334.000000
9656.000000
6286.000000
9611.000000
6237.000000
9569.000000
6189.000000
9529.000000
6143.000000
9493.000000
6101.000000
9462.000000
6063.000000
9435.000000
11551155
6380.000000
9701.000000
6334.000000
9656.000000
6286.000000
9611.000000
6237.000000
9569.000000
6189.000000
9529.000000
6143.000000
9493.000000
6101.000000
9462.000000
6063.000000
9435.000000
11551155
6476.000000
9779.000000
6430.000000
9733.000000
6382.000000
9688.000000
6332.000000
9643.000000
6282.000000
9600.000000
6233.000000
9560.000000
6187.000000
9524.000000
6144.000000
9493.000000
11551155
6476.000000
9779.000000
6430.000000
9733.000000
6382.000000
9688.000000
6332.000000
9643.000000
6282.000000
9600.000000
6233.000000
9560.000000
6187.000000
9524.000000
6144.000000
9493.000000
11551155
6491.000000
9786.000000
6442.000000
9739.000000
6391.000000
9692.000000
6339.000000
9647.000000
6288.000000
9605.000000
6239.000000
9567.000000
6194.000000
9532.000000
6152.000000
9503.000000
11551155
6491.000000
9786.000000
6442.000000
9739.000000
6391.000000
9692.000000
6339.000000
9647.000000
6288.000000
9605.000000
6239.000000
9567.000000
6194.000000
9532.000000
6152.000000
9503.000000
11551155
6491.000000
9786.000000
6442.000000
9739.000000
6391.000000
9692.000000
6339.000000
9647.000000
6288.000000
9605.000000
6239.000000
9567.000000
6194.000000
9532.000000
6152.000000
9503.000000
11551155
6522.000000
9808.000000
6470.000000
9759.000000
6417.000000
9711.000000
6363.000000
9666.000000
6311.000000
9624.000000
6262.000000
9586.000000
6217.000000
9553.000000
6177.000000
9525.000000
11551155
6522.000000
9808.000000
6470.000000
9759.000000
6417.000000
9711.000000
6363.000000
9666.000000
6311.000000
9624.000000
6262.000000
9586.000000
6217.000000
9553.000000
6177.000000
9525.000000
11551155
6522.000000
9808.000000
6470.000000
9759.000000
6417.000000
9711.000000
6363.000000
9666.000000
6311.000000
9624.000000
6262.000000
9586.000000
6217.000000
9553.000000
6177.000000
9525.000000
11551155
6613.000000
9885.000000
6564.000000
9837.000000
6512.000000
9788.000000
6458.000000
9740.000000
6405.000000
9694.000000
6353.000000
9652.000000
6303.000000
9613.000000
6257.000000
9579.000000
11551155
6613.000000
9885.000000
6564.000000
9837.000000
6512.000000
9788.000000
6458.000000
9740.000000
6405.000000
9694.000000
6353.000000
9652.000000
6303.000000
9613.000000
6257.000000
9579.000000
11551155
6599.000000
9861.000000
6548.000000
9813.000000
6495.000000
9764.000000
6441.000000
9717.000000
6388.000000
9672.000000
6336.000000
9631.000000
6288.000000
9594.000000
6243.000000
9562.000000
11551155
6599.000000
9861.000000
6548.000000
9813.000000
6495.000000
9764.000000
6441.000000
9717.000000
6388.000000
9672.000000
6336.000000
9631.000000
6288.000000
9594.000000
6243.000000
9562.000000
11551155
6599.000000
9861.000000
6548.000000
9813.000000
6495.000000
9764.000000
6441.000000
9717.000000
6388.000000
9672.000000
6336.000000
9631.000000
6288.000000
9594.000000
6243.000000
9562.000000
11551155
6552.000000
9824.000000
6505.000000
9777.000000
6455.000000
9730.000000
6404.000000
9684.000000
6353.000000
9641.000000
6304.000000
9601.000000
6257.000000
9565.000000
6214.000000
9534.000000
11551155
6552.000000
9824.000000
6505.000000
9777.000000
6455.000000
9730.000000
6404.000000
9684.000000
6353.000000
9641.000000
6304.000000
9601.000000
6257.000000
9565.000000
6214.000000
9534.000000
11551155
6638.000000
9891.000000
6590.000000
9844.000000
6538.000000
9796.000000
6485.000000
9748.000000
6431.000000
9702.000000
6379.000000
9659.000000
6329.000000
9620.000000
6283.000000
9586.000000
11551155
6638.000000
9891.000000
6590.000000
9844.000000
6538.000000
9796.000000
6485.000000
9748.000000
6431.000000
9702.000000
6379.000000
9659.000000
6329.000000
9620.000000
6283.000000
9586.000000
11551155
6638.000000
9891.000000
6590.000000
9844.000000
6538.000000
9796.000000
6485.000000
9748.000000
6431.000000
9702.000000
6379.000000
9659.000000
6329.000000
9620.000000
6283.000000
9586.000000
11551155
6554.000000
9805.000000
6505.000000
9758.000000
6454.000000
9712.000000
6402.000000
9667.000000
6351.000000
9626.000000
6303.000000
9588.000000
6258.000000
9554.000000
6217.000000
9526.000000
11551155
6554.000000
9805.000000
6505.000000
9758.000000
6454.000000
9712.000000
6402.000000
9667.000000
6351.000000
9626.000000
6303.000000
9588.000000
6258.000000
9554.000000
6217.000000
9526.000000
11551155
6424.000000
9727.000000
6373.000000
9681.000000
6347.000000
9635.000000
6309.000000
9592.000000
6267.000000
9553.000000
6225.000000
9518.000000
6185.000000
9487.000000
6148.000000
9461.000000
11551155
6424.000000
9727.000000
6373.000000
9681.000000
6347.000000
9635.000000
6309.000000
9592.000000
6267.000000
9553.000000
6225.000000
9518.000000
6185.000000
9487.000000
6148.000000
9461.000000
11551155
6424.000000
9727.000000
6373.000000
9681.000000
6347.000000
9635.000000
6309.000000
9592.000000
6267.000000
9553.000000
6225.000000
9518.000000
6185.000000
9487.000000
6148.000000
9461.000000
11551155
6444.000000
9700.000000
6396.000000
9655.000000
6347.000000
9611.000000
6298.000000
9569.000000
6250.000000
9529.000000
6205.000000
9494.000000
6164.000000
9463.000000
6127.000000
9437.000000
11551155
6444.000000
9700.000000
6396.000000
9655.000000
6347.000000
9611.000000
6298.000000
9569.000000
6250.000000
9529.000000
6205.000000
9494.000000
6164.000000
9463.000000
6127.000000
9437.000000
11551155
6313.000000
9577.000000
6266.000000
9535.000000
6219.000000
9496.000000
6175.000000
9461.000000
6134.000000
9429.000000
6096.000000
9403.000000
6063.000000
9380.000000
6035.000000
9362.000000
11551155
6313.000000
9577.000000
6266.000000
9535.000000
6219.000000
9496.000000
6175.000000
9461.000000
6134.000000
9429.000000
6096.000000
9403.000000
6063.000000
9380.000000
6035.000000
9362.000000
11551155
6313.000000
9577.000000
6266.000000
9535.000000
6219.000000
9496.000000
6175.000000
9461.000000
6134.000000
9429.000000
6096.000000
9403.000000
6063.000000
9380.000000
6035.000000
9362.000000
11551155
6411.000000
9663.000000
6365.000000
9619.000000
6316.000000
9576.000000
6267.000000
9533.000000
6220.000000
9494.000000
6175.000000
9458.000000
6133.000000
9427.000000
6095.000000
9400.000000
11551155
6411.000000
9663.000000
6365.000000
9619.000000
6316.000000
9576.000000
6267.000000
9533.000000
6220.000000
9494.000000
6175.000000
9458.000000
6133.000000
9427.000000
6095.000000
9400.000000
11551155
6368.000000
9620.000000
6321.000000
9578.000000
6274.000000
9537.000000
6228.000000
9499.000000
6185.000000
9465.000000
6145.000000
9434.000000
6109.000000
9409.000000
6078.000000
9388.000000
11551155
6368.000000
9620.000000
6321.000000
9578.000000
6274.000000
9537.000000
6228.000000
9499.000000
6185.000000
9465.000000
6145.000000
9434.000000
6109.000000
9409.000000
6078.000000
9388.000000
11551155
6368.000000
9620.000000
6321.000000
9578.000000
6274.000000
9537.000000
6228.000000
9499.000000
6185.000000
9465.000000
6145.000000
9434.000000
6109.000000
9409.000000
6078.000000
9388.000000
11551155
6449.000000
9688.000000
6401.000000
9642.000000
6350.000000
9595.000000
6299.000000
9551.000000
6249.000000
9510.000000
6201.000000
9472.000000
6157.000000
9438.000000
6117.000000
9409.000000
11551155
6449.000000
9688.000000
6401.000000
9642.000000
6350.000000
9595.000000
6299.000000
9551.000000
6249.000000
9510.000000
6201.000000
9472.000000
6157.000000
9438.000000
6117.000000
9409.000000
11551155
6413.000000
9651.000000
6363.000000
9604.000000
6312.000000
9559.000000
6261.000000
9516.000000
6212.000000
9477.000000
6166.000000
9441.000000
6125.000000
9411.000000
6088.000000
9386.000000
11551155
6413.000000
9651.000000
6363.000000
9604.000000
6312.000000
9559.000000
6261.000000
9516.000000
6212.000000
9477.000000
6166.000000
9441.000000
6125.000000
9411.000000
6088.000000
9386.000000
11551155
6413.000000
9651.000000
6363.000000
9604.000000
6312.000000
9559.000000
6261.000000
9516.000000
6212.000000
9477.000000
6166.000000
9441.000000
6125.000000
9411.000000
6088.000000
9386.000000
11551155
6406.000000
9645.000000
6360.000000
9601.000000
6312.000000
9558.000000
6263.000000
9517.000000
6216.000000
9480.000000
6171.000000
9446.000000
6130.000000
9417.000000
6093.000000
9393.000000
11551155
6406.000000
9645.000000
6360.000000
9601.000000
6312.000000
9558.000000
6263.000000
9517.000000
6216.000000
9480.000000
6171.000000
9446.000000
6130.000000
9417.000000
6093.000000
9393.000000
11551155
6464.000000
9697.000000
6417.000000
9651.000000
6367.000000
9604.000000
6315.000000
9558.000000
6263.000000
9514.000000
6213.000000
9473.000000
6165.000000
9436.000000
6121.000000
9403.000000
11551155
6464.000000
9697.000000
6417.000000
9651.000000
6367.000000
9604.000000
6315.000000
9558.000000
6263.000000
9514.000000
6213.000000
9473.000000
6165.000000
9436.000000
6121.000000
9403.000000
11551155
6464.000000
9697.000000
6417.000000
9651.000000
6367.000000
9604.000000
6315.000000
9558.000000
6263.000000
9514.000000
6213.000000
9473.000000
6165.000000
9436.000000
6121.000000
9403.000000
11551155
6343.000000
9584.000000
6294.000000
9540.000000
6244.000000
9495.000000
6194.000000
9454.000000
6146.000000
9415.000000
6100.000000
9380.000000
6058.000000
9349.000000
6021.000000
9323.000000
11551155
6343.000000
9584.000000
6294.000000
9540.000000
6244.000000
9495.000000
6194.000000
9454.000000
6146.000000
9415.000000
6100.000000
9380.000000
6058.000000
9349.000000
6021.000000
9323.000000
11551155
6343.000000
9584.000000
6294.000000
9540.000000
6244.000000
9495.000000
6194.000000
9454.000000
6146.000000
9415.000000
6100.000000
9380.000000
6058.000000
9349.000000
6021.000000
9323.000000
11551155
6386.000000
9666.000000
6339.000000
9623.000000
6314.000000
9579.000000
6275.000000
9534.000000
6231.000000
9490.000000
6184.000000
9448.000000
6137.000000
9410.000000
6093.000000
9375.000000
11551155
6386.000000
9666.000000
6339.000000
9623.000000
6314.000000
9579.000000
6275.000000
9534.000000
6231.000000
9490.000000
6184.000000
9448.000000
6137.000000
9410.000000
6093.000000
9375.000000
11551155
6360.000000
9607.000000
6316.000000
9563.000000
6269.000000
9520.000000
6221.000000
9477.000000
6173.000000
9435.000000
6126.000000
9397.000000
6082.000000
9363.000000
6041.000000
9332.000000
11551155
6360.000000
9607.000000
6316.000000
9563.000000
6269.000000
9520.000000
6221.000000
9477.000000
6173.000000
9435.000000
6126.000000
9397.000000
6082.000000
9363.000000
6041.000000
9332.000000
11551155
6360.000000
9607.000000
6316.000000
9563.000000
6269.000000
9520.000000
6221.000000
9477.000000
6173.000000
9435.000000
6126.000000
9397.000000
6082.000000
9363.000000
6041.000000
9332.000000
11551155
6331.000000
9568.000000
6286.000000
9525.000000
6239.000000
9482.000000
6191.000000
9439.000000
6143.000000
9399.000000
6097.000000
9362.000000
6053.000000
9328.000000
6013.000000
9299.000000
11551155
6331.000000
9568.000000
6286.000000
9525.000000
6239.000000
9482.000000
6191.000000
9439.000000
6143.000000
9399.000000
6097.000000
9362.000000
6053.000000
9328.000000
6013.000000
9299.000000
11551155
6331.000000
9568.000000
6286.000000
9525.000000
6239.000000
9482.000000
6191.000000
9439.000000
6143.000000
9399.000000
6097.000000
9362.000000
6053.000000
9328.000000
6013.000000
9299.000000
11551155
6371.000000
9599.000000
6328.000000
9554.000000
6281.000000
9509.000000
6232.000000
9465.000000
6183.000000
9423.000000
6135.000000
9384.000000
6089.000000
9348.000000
6047.000000
9317.000000
11551155
6371.000000
9599.000000
6328.000000
9554.000000
6281.000000
9509.000000
6232.000000
9465.000000
6183.000000
9423.000000
6135.000000
9384.000000
6089.000000
9348.000000
6047.000000
9317.000000
11551155
6375.000000
9593.000000
6333.000000
9551.000000
6288.000000
9507.000000
6241.000000
9464.000000
6194.000000
9423.000000
6148.000000
9385.000000
6104.000000
9350.000000
6063.000000
9320.000000
11551155
6375.000000
9593.000000
6333.000000
9551.000000
6288.000000
9507.000000
6241.000000
9464.000000
6194.000000
9423.000000
6148.000000
9385.000000
6104.000000
9350.000000
6063.000000
9320.000000
11551155
6375.000000
9593.000000
6333.000000
9551.000000
6288.000000
9507.000000
6241.000000
9464.000000
6194.000000
9423.000000
6148.000000
9385.000000
6104.000000
9350.000000
6063.000000
9320.000000
11551155
6385.000000
9597.000000
6342.000000
9554.000000
6295.000000
9508.000000
6247.000000
9463.000000
6198.000000
9420.000000
6149.000000
9379.000000
6103.000000
9341.000000
6060.000000
9307.000000
11551155
6385.000000
9597.000000
6342.000000
9554.000000
6295.000000
9508.000000
6247.000000
9463.000000
6198.000000
9420.000000
6149.000000
9379.000000
6103.000000
9341.000000
6060.000000
9307.000000
11551155
6385.000000
9597.000000
6342.000000
9554.000000
6295.000000
9508.000000
6247.000000
9463.000000
6198.000000
9420.000000
6149.000000
9379.000000
6103.000000
9341.000000
6060.000000
9307.000000
11551155
6356.000000
9563.000000
6313.000000
9520.000000
6268.000000
9477.000000
6220.000000
9433.000000
6172.000000
9391.000000
6125.000000
9351.000000
6080.000000
9315.000000
6037.000000
9283.000000
11551155
6356.000000
9563.000000
6313.000000
9520.000000
6268.000000
9477.000000
6220.000000
9433.000000
6172.000000
9391.000000
6125.000000
9351.000000
6080.000000
9315.000000
6037.000000
9283.000000
11551155
6328.000000
9534.000000
6288.000000
9494.000000
6246.000000
9452.000000
6202.000000
9411.000000
6157.000000
9372.000000
6113.000000
9334.000000
6071.000000
9301.000000
6031.000000
9271.000000
11551155
6328.000000
9534.000000
6288.000000
9494.000000
6246.000000
9452.000000
6202.000000
9411.000000
6157.000000
9372.000000
6113.000000
9334.000000
6071.000000
9301.000000
6031.000000
9271.000000
11551155
6328.000000
9534.000000
6288.000000
9494.000000
6246.000000
9452.000000
6202.000000
9411.000000
6157.000000
9372.000000
6113.000000
9334.000000
6071.000000
9301.000000
6031.000000
9271.000000
11551155
6344.000000
9546.000000
6302.000000
9503.000000
6257.000000
9458.000000
6210.000000
9414.000000
6162.000000
9371.000000
6114.000000
9331.000000
6068.000000
9294.000000
6026.000000
9260.000000
11551155
6344.000000
9546.000000
6302.000000
9503.000000
6257.000000
9458.000000
6210.0000

