11551155
8389.000000
10976.000000
8326.000000
10915.000000
8254.000000
10849.000000
8173.000000
10778.000000
8086.000000
10706.000000
7996.000000
10634.000000
7905.000000
10565.000000
7816.000000
10500.000000
11551155
8389.000000
10976.000000
8326.000000
10915.000000
8254.000000
10849.000000
8173.000000
10778.000000
8086.000000
10706.000000
7996.000000
10634.000000
7905.000000
10565.000000
7816.000000
10500.000000
11551155
8372.000000
11000.000000
8299.000000
10938.000000
8258.000000
10871.000000
8193.000000
10800.000000
8113.000000
10727.000000
8026.000000
10655.000000
7936.000000
10585.000000
7847.000000
10520.000000
11551155
8372.000000
11000.000000
8299.000000
10938.000000
8258.000000
10871.000000
8193.000000
10800.000000
8113.000000
10727.000000
8026.000000
10655.000000
7936.000000
10585.000000
7847.000000
10520.000000
11551155
8518.000000
11084.000000
8466.000000
11030.000000
8404.000000
10969.000000
8332.000000
10903.000000
8251.000000
10832.000000
8164.000000
10760.000000
8074.000000
10688.000000
7982.000000
10618.000000
11551155
8518.000000
11084.000000
8466.000000
11030.000000
8404.000000
10969.000000
8332.000000
10903.000000
8251.000000
10832.000000
8164.000000
10760.000000
8074.000000
10688.000000
7982.000000
10618.000000
11551155
8518.000000
11084.000000
8466.000000
11030.000000
8404.000000
10969.000000
8332.000000
10903.000000
8251.000000
10832.000000
8164.000000
10760.000000
8074.000000
10688.000000
7982.000000
10618.000000
11551155
8486.000000
11040.000000
8420.000000
10977.000000
8345.000000
10909.000000
8261.000000
10837.000000
8172.000000
10764.000000
8079.000000
10691.000000
7986.000000
10621.000000
7895.000000
10557.000000
11551155
8486.000000
11040.000000
8420.000000
10977.000000
8345.000000
10909.000000
8261.000000
10837.000000
8172.000000
10764.000000
8079.000000
10691.000000
7986.000000
10621.000000
7895.000000
10557.000000
11551155
8484.000000
11054.000000
8430.000000
10992.000000
8361.000000
10924.000000
8282.000000
10853.000000
8195.000000
10779.000000
8104.000000
10706.000000
8011.000000
10636.000000
7921.000000
10571.000000
11551155
8484.000000
11054.000000
8430.000000
10992.000000
8361.000000
10924.000000
8282.000000
10853.000000
8195.000000
10779.000000
8104.000000
10706.000000
8011.000000
10636.000000
7921.000000
10571.000000
11551155
8484.000000
11054.000000
8430.000000
10992.000000
8361.000000
10924.000000
8282.000000
10853.000000
8195.000000
10779.000000
8104.000000
10706.000000
8011.000000
10636.000000
7921.000000
10571.000000
11551155
8565.000000
11105.000000
8508.000000
11049.000000
8441.000000
10985.000000
8364.000000
10916.000000
8279.000000
10845.000000
8189.000000
10772.000000
8096.000000
10700.000000
8003.000000
10632.000000
11551155
8565.000000
11105.000000
8508.000000
11049.000000
8441.000000
10985.000000
8364.000000
10916.000000
8279.000000
10845.000000
8189.000000
10772.000000
8096.000000
10700.000000
8003.000000
10632.000000
11551155
8527.000000
11055.000000
8457.000000
10991.000000
8378.000000
10922.000000
8292.000000
10850.000000
8200.000000
10778.000000
8106.000000
10707.000000
8012.000000
10639.000000
7922.000000
10577.000000
11551155
8527.000000
11055.000000
8457.000000
10991.000000
8378.000000
10922.000000
8292.000000
10850.000000
8200.000000
10778.000000
8106.000000
10707.000000
8012.000000
10639.000000
7922.000000
10577.000000
11551155
8527.000000
11055.000000
8457.000000
10991.000000
8378.000000
10922.000000
8292.000000
10850.000000
8200.000000
10778.000000
8106.000000
10707.000000
8012.000000
10639.000000
7922.000000
10577.000000
11551155
8584.000000
11107.000000
8526.000000
11048.000000
8456.000000
10983.000000
8377.000000
10913.000000
8290.000000
10840.000000
8198.000000
10768.000000
8104.000000
10697.000000
8011.000000
10631.000000
11551155
8584.000000
11107.000000
8526.000000
11048.000000
8456.000000
10983.000000
8377.000000
10913.000000
8290.000000
10840.000000
8198.000000
10768.000000
8104.000000
10697.000000
8011.000000
10631.000000
11551155
8664.000000
11172.000000
8616.000000
11121.000000
8556.000000
11064.000000
8486.000000
10999.000000
8407.000000
10931.000000
8321.000000
10859.000000
8230.000000
10788.000000
8137.000000
10718.000000
11551155
8664.000000
11172.000000
8616.000000
11121.000000
8556.000000
11064.000000
8486.000000
10999.000000
8407.000000
10931.000000
8321.000000
10859.000000
8230.000000
10788.000000
8137.000000
10718.000000
11551155
8664.000000
11172.000000
8616.000000
11121.000000
8556.000000
11064.000000
8486.000000
10999.000000
8407.000000
10931.000000
8321.000000
10859.000000
8230.000000
10788.000000
8137.000000
10718.000000
11551155
8627.000000
11119.000000
8565.000000
11060.000000
8492.000000
10994.000000
8411.000000
10924.000000
8323.000000
10851.000000
8230.000000
10779.000000
8136.000000
10708.000000
8043.000000
10642.000000
11551155
8627.000000
11119.000000
8565.000000
11060.000000
8492.000000
10994.000000
8411.000000
10924.000000
8323.000000
10851.000000
8230.000000
10779.000000
8136.000000
10708.000000
8043.000000
10642.000000
11551155
8566.000000
11057.000000
8495.000000
10992.000000
8414.000000
10923.000000
8326.000000
10851.000000
8234.000000
10780.000000
8140.000000
10710.000000
8047.000000
10643.000000
7958.000000
10583.000000
11551155
8566.000000
11057.000000
8495.000000
10992.000000
8414.000000
10923.000000
8326.000000
10851.000000
8234.000000
10780.000000
8140.000000
10710.000000
8047.000000
10643.000000
7958.000000
10583.000000
11551155
8566.000000
11057.000000
8495.000000
10992.000000
8414.000000
10923.000000
8326.000000
10851.000000
8234.000000
10780.000000
8140.000000
10710.000000
8047.000000
10643.000000
7958.000000
10583.000000
11551155
8730.000000
11196.000000
8684.000000
11147.000000
8626.000000
11091.000000
8558.000000
11027.000000
8480.000000
10959.000000
8394.000000
10887.000000
8303.000000
10815.000000
8209.000000
10744.000000
11551155
8730.000000
11196.000000
8684.000000
11147.000000
8626.000000
11091.000000
8558.000000
11027.000000
8480.000000
10959.000000
8394.000000
10887.000000
8303.000000
10815.000000
8209.000000
10744.000000
11551155
8727.000000
11186.000000
8675.000000
11134.000000
8612.000000
11075.000000
8539.000000
11009.000000
8457.000000
10939.000000
8368.000000
10867.000000
8276.000000
10796.000000
8182.000000
10726.000000
11551155
8727.000000
11186.000000
8675.000000
11134.000000
8612.000000
11075.000000
8539.000000
11009.000000
8457.000000
10939.000000
8368.000000
10867.000000
8276.000000
10796.000000
8182.000000
10726.000000
11551155
8727.000000
11186.000000
8675.000000
11134.000000
8612.000000
11075.000000
8539.000000
11009.000000
8457.000000
10939.000000
8368.000000
10867.000000
8276.000000
10796.000000
8182.000000
10726.000000
11551155
8717.000000
11162.000000
8659.000000
11106.000000
8591.000000
11043.000000
8513.000000
10976.000000
8428.000000
10905.000000
8338.000000
10834.000000
8246.000000
10765.000000
8154.000000
10699.000000
11551155
8717.000000
11162.000000
8659.000000
11106.000000
8591.000000
11043.000000
8513.000000
10976.000000
8428.000000
10905.000000
8338.000000
10834.000000
8246.000000
10765.000000
8154.000000
10699.000000
11551155
8830.000000
11260.000000
8788.000000
11216.000000
8735.000000
11165.000000
8672.000000
11106.000000
8599.000000
11041.000000
8518.000000
10973.000000
8432.000000
10902.000000
8342.000000
10833.000000
11551155
8830.000000
11260.000000
8788.000000
11216.000000
8735.000000
11165.000000
8672.000000
11106.000000
8599.000000
11041.000000
8518.000000
10973.000000
8432.000000
10902.000000
8342.000000
10833.000000
11551155
8830.000000
11260.000000
8788.000000
11216.000000
8735.000000
11165.000000
8672.000000
11106.000000
8599.000000
11041.000000
8518.000000
10973.000000
8432.000000
10902.000000
8342.000000
10833.000000
11551155
8834.000000
11238.000000
8785.000000
11189.000000
8726.000000
11133.000000
8657.000000
11071.000000
8579.000000
11005.000000
8495.000000
10936.000000
8407.000000
10868.000000
8317.000000
10802.000000
11551155
8834.000000
11238.000000
8785.000000
11189.000000
8726.000000
11133.000000
8657.000000
11071.000000
8579.000000
11005.000000
8495.000000
10936.000000
8407.000000
10868.000000
8317.000000
10802.000000
11551155
8787.000000
11178.000000
8724.000000
11121.000000
8652.000000
11057.000000
8572.000000
10990.000000
8486.000000
10922.000000
8397.000000
10854.000000
8307.000000
10788.000000
8219.000000
10727.000000
11551155
8787.000000
11178.000000
8724.000000
11121.000000
8652.000000
11057.000000
8572.000000
10990.000000
8486.000000
10922.000000
8397.000000
10854.000000
8307.000000
10788.000000
8219.000000
10727.000000
11551155
8787.000000
11178.000000
8724.000000
11121.000000
8652.000000
11057.000000
8572.000000
10990.000000
8486.000000
10922.000000
8397.000000
10854.000000
8307.000000
10788.000000
8219.000000
10727.000000
11551155
8846.000000
11227.000000
8791.000000
11173.000000
8726.000000
11113.000000
8651.000000
11048.000000
8569.000000
10980.000000
8482.000000
10910.000000
8392.000000
10842.000000
8302.000000
10777.000000
11551155
8846.000000
11227.000000
8791.000000
11173.000000
8726.000000
11113.000000
8651.000000
11048.000000
8569.000000
10980.000000
8482.000000
10910.000000
8392.000000
10842.000000
8302.000000
10777.000000
11551155
8852.000000
11218.000000
8796.000000
11164.000000
8730.000000
11104.000000
8655.000000
11038.000000
8572.000000
10969.000000
8484.000000
10899.000000
8393.000000
10830.000000
8302.000000
10765.000000
11551155
8852.000000
11218.000000
8796.000000
11164.000000
8730.000000
11104.000000
8655.000000
11038.000000
8572.000000
10969.000000
8484.000000
10899.000000
8393.000000
10830.000000
8302.000000
10765.000000
11551155
8852.000000
11218.000000
8796.000000
11164.000000
8730.000000
11104.000000
8655.000000
11038.000000
8572.000000
10969.000000
8484.000000
10899.000000
8393.000000
10830.000000
8302.000000
10765.000000
11551155
8793.000000
11156.000000
8727.000000
11094.000000
8651.000000
11028.000000
8568.000000
10958.000000
8479.000000
10887.000000
8388.000000
10818.000000
8296.000000
10752.000000
8207.000000
10691.000000
11551155
8793.000000
11156.000000
8727.000000
11094.000000
8651.000000
11028.000000
8568.000000
10958.000000
8479.000000
10887.000000
8388.000000
10818.000000
8296.000000
10752.000000
8207.000000
10691.000000
11551155
8900.000000
11251.000000
8852.000000
11203.000000
8793.000000
11147.000000
8724.000000
11085.000000
8647.000000
11019.000000
8562.000000
10950.000000
8473.000000
10881.000000
8382.000000
10814.000000
11551155
8900.000000
11251.000000
8852.000000
11203.000000
8793.000000
11147.000000
8724.000000
11085.000000
8647.000000
11019.000000
8562.000000
10950.000000
8473.000000
10881.000000
8382.000000
10814.000000
11551155
8900.000000
11251.000000
8852.000000
11203.000000
8793.000000
11147.000000
8724.000000
11085.000000
8647.000000
11019.000000
8562.000000
10950.000000
8473.000000
10881.000000
8382.000000
10814.000000
11551155
8914.000000
11241.000000
8861.000000
11189.000000
8798.000000
11131.000000
8725.000000
11067.000000
8645.000000
11000.000000
8559.000000
10933.000000
8470.000000
10865.000000
8380.000000
10801.000000
11551155
8914.000000
11241.000000
8861.000000
11189.000000
8798.000000
11131.000000
8725.000000
11067.000000
8645.000000
11000.000000
8559.000000
10933.000000
8470.000000
10865.000000
8380.000000
10801.000000
11551155
8855.000000
11174.000000
8787.000000
11114.000000
8711.000000
11049.000000
8628.000000
10982.000000
8540.000000
10914.000000
8450.000000
10849.000000
8361.000000
10786.000000
8275.000000
10729.000000
11551155
8855.000000
11174.000000
8787.000000
11114.000000
8711.000000
11049.000000
8628.000000
10982.000000
8540.000000
10914.000000
8450.000000
10849.000000
8361.000000
10786.000000
8275.000000
10729.000000
11551155
8855.000000
11174.000000
8787.000000
11114.000000
8711.000000
11049.000000
8628.000000
10982.000000
8540.000000
10914.000000
8450.000000
10849.000000
8361.000000
10786.000000
8275.000000
10729.000000
11551155
8958.000000
11255.000000
8904.000000
11203.000000
8840.000000
11145.000000
8767.000000
11081.000000
8687.000000
11015.000000
8601.000000
10947.000000
8512.000000
10881.000000
8423.000000
10817.000000
11551155
8958.000000
11255.000000
8904.000000
11203.000000
8840.000000
11145.000000
8767.000000
11081.000000
8687.000000
11015.000000
8601.000000
10947.000000
8512.000000
10881.000000
8423.000000
10817.000000
11551155
8918.000000
11206.000000
8856.000000
11148.000000
8784.000000
11085.000000
8704.000000
11018.000000
8619.000000
10951.000000
8530.000000
10883.000000
8441.000000
10819.000000
8353.000000
10759.000000
11551155
8918.000000
11206.000000
8856.000000
11148.000000
8784.000000
11085.000000
8704.000000
11018.000000
8619.000000
10951.000000
8530.000000
10883.000000
8441.000000
10819.000000
8353.000000
10759.000000
11551155
8918.000000
11206.000000
8856.000000
11148.000000
8784.000000
11085.000000
8704.000000
11018.000000
8619.000000
10951.000000
8530.000000
10883.000000
8441.000000
10819.000000
8353.000000
10759.000000
11551155
8893.000000
11218.000000
8823.000000
11162.000000
8783.000000
11100.000000
8720.000000
11034.000000
8643.000000
10965.000000
8558.000000
10896.000000
8470.000000
10829.000000
8381.000000
10766.000000
11551155
8893.000000
11218.000000
8823.000000
11162.000000
8783.000000
11100.000000
8720.000000
11034.000000
8643.000000
10965.000000
8558.000000
10896.000000
8470.000000
10829.000000
8381.000000
10766.000000
11551155
8921.000000
11191.000000
8859.000000
11133.000000
8788.000000
11069.000000
8708.000000
11002.000000
8621.000000
10932.000000
8530.000000
10863.000000
8438.000000
10796.000000
8348.000000
10733.000000
11551155
8921.000000
11191.000000
8859.000000
11133.000000
8788.000000
11069.000000
8708.000000
11002.000000
8621.000000
10932.000000
8530.000000
10863.000000
8438.000000
10796.000000
8348.000000
10733.000000
11551155
8921.000000
11191.000000
8859.000000
11133.000000
8788.000000
11069.000000
8708.000000
11002.000000
8621.000000
10932.000000
8530.000000
10863.000000
8438.000000
10796.000000
8348.000000
10733.000000
11551155
8835.000000
11105.000000
8761.000000
11039.000000
8679.000000
10969.000000
8591.000000
10899.000000
8499.000000
10828.000000
8405.000000
10761.000000
8313.000000
10698.000000
8226.000000
10641.000000
11551155
8835.000000
11105.000000
8761.000000
11039.000000
8679.000000
10969.000000
8591.000000
10899.000000
8499.000000
10828.000000
8405.000000
10761.000000
8313.000000
10698.000000
8226.000000
10641.000000
11551155
8861.000000
11129.000000
8794.000000
11067.000000
8717.000000
10999.000000
8631.000000
10927.000000
8540.000000
10854.000000
8445.000000
10782.000000
8349.000000
10713.000000
8256.000000
10649.000000
11551155
8861.000000
11129.000000
8794.000000
11067.000000
8717.000000
10999.000000
8631.000000
10927.000000
8540.000000
10854.000000
8445.000000
10782.000000
8349.000000
10713.000000
8256.000000
10649.000000
11551155
8861.000000
11129.000000
8794.000000
11067.000000
8717.000000
10999.000000
8631.000000
10927.000000
8540.000000
10854.000000
8445.000000
10782.000000
8349.000000
10713.000000
8256.000000
10649.000000
11551155
8768.000000
11047.000000
8694.000000
10980.000000
8611.000000
10909.000000
8521.000000
10836.000000
8426.000000
10763.000000
8330.000000
10691.000000
8235.000000
10625.000000
8144.000000
10563.000000
11551155
8768.000000
11047.000000
8694.000000
10980.000000
8611.000000
10909.000000
8521.000000
10836.000000
8426.000000
10763.000000
8330.000000
10691.000000
8235.000000
10625.000000
8144.000000
10563.000000
11551155
8624.000000
10917.000000
8540.000000
10845.000000
8449.000000
10772.000000
8354.000000
10699.000000
8258.000000
10629.000000
8164.000000
10563.000000
8075.000000
10504.000000
7993.000000
10453.000000
11551155
8624.000000
10917.000000
8540.000000
10845.000000
8449.000000
10772.000000
8354.000000
10699.000000
8258.000000
10629.000000
8164.000000
10563.000000
8075.000000
10504.000000
7993.000000
10453.000000
11551155
8713.000000
10991.000000
8641.000000
10925.000000
8558.000000
10853.000000
8468.000000
10779.000000
8372.000000
10703.000000
8274.000000
10630.000000
8176.000000
10560.000000
8082.000000
10495.000000
11551155
8713.000000
10991.000000
8641.000000
10925.000000
8558.000000
10853.000000
8468.000000
10779.000000
8372.000000
10703.000000
8274.000000
10630.000000
8176.000000
10560.000000
8082.000000
10495.000000
11551155
8713.000000
10991.000000
8641.000000
10925.000000
8558.000000
10853.000000
8468.000000
10779.000000
8372.000000
10703.000000
8274.000000
10630.000000
8176.000000
10560.000000
8082.000000
10495.000000
11551155
8521.000000
10813.000000
8431.000000
10739.000000
8336.000000
10663.000000
8238.000000
10588.000000
8140.000000
10518.000000
8045.000000
10452.000000
7955.000000
10394.000000
7874.000000
10343.000000
11551155
8521.000000
10813.000000
8431.000000
10739.000000
8336.000000
10663.000000
8238.000000
10588.000000
8140.000000
10518.000000
8045.000000
10452.000000
7955.000000
10394.000000
7874.000000
10343.000000
11551155
8634.000000
10908.000000
8560.000000
10841.000000
8476.000000
10768.000000
8385.000000
10693.000000
8288.000000
10617.000000
8092.000000
10544.000000
7996.000000
10474.000000
7951.000000
10411.000000
11551155
8634.000000
10908.000000
8560.000000
10841.000000
8476.000000
10768.000000
8385.000000
10693.000000
8288.000000
10617.000000
8092.000000
10544.000000
7996.000000
10474.000000
7951.000000
10411.000000
11551155
8634.000000
10908.000000
8560.000000
10841.000000
8476.000000
10768.000000
8385.000000
10693.000000
8288.000000
10617.000000
8092.000000
10544.000000
7996.000000
10474.000000
7951.000000
10411.000000
11551155
8581.000000
10847.000000
8500.000000
10775.000000
8410.000000
10700.000000
8314.000000
10624.000000
8215.000000
10549.000000
8115.000000
10478.000000
8019.000000
10412.000000
7928.000000
10353.000000
11551155
8581.000000
10847.000000
8500.000000
10775.000000
8410.000000
10700.000000
8314.000000
10624.000000
8215.000000
10549.000000
8115.000000
10478.000000
8019.000000
10412.000000
7928.000000
10353.000000
11551155
8519.000000
10783.000000
8431.000000
10709.000000
8336.000000
10633.000000
8237.000000
10558.000000
8137.000000
10486.000000
8038.000000
10419.000000
7945.000000
10358.000000
7858.000000
10305.000000
11551155
8519.000000
10783.000000
8431.000000
10709.000000
8336.000000
10633.000000
8237.000000
10558.000000
8137.000000
10486.000000
8038.000000
10419.000000
7945.000000
10358.000000
7858.000000
10305.000000
11551155
8519.000000
10783.000000
8431.000000
10709.000000
8336.000000
10633.000000
8237.000000
10558.000000
8137.000000
10486.000000
8038.000000
10419.000000
7945.000000
10358.000000
7858.000000
10305.000000
11551155
8663.000000
10899.000000
8589.000000
10832.000000
8505.000000
10760.000000
8412.000000
10683.000000
8314.000000
10606.000000
8213.000000
10531.000000
8112.000000
10459.000000
8015.000000
10394.000000
11551155
8663.000000
10899.000000
8589.000000
10832.000000
8505.000000
10760.000000
8412.000000
10683.000000
8314.000000
10606.000000
8213.000000
10531.000000
8112.000000
10459.000000
8015.000000
10394.000000
11551155
8637.000000
10869.000000
8560.000000
10800.000000
8473.000000
10727.000000
8379.000000
10650.000000
8280.000000
10574.000000
8179.000000
10500.000000
8079.000000
10430.000000
7984.000000
10367.000000
11551155
8637.000000
10869.000000
8560.000000
10800.000000
8473.000000
10727.000000
8379.000000
10650.000000
8280.000000
10574.000000
8179.000000
10500.000000
8079.000000
10430.000000
7984.000000
10367.000000
11551155
8637.000000
10869.000000
8560.000000
10800.000000
8473.000000
10727.000000
8379.000000
10650.000000
8280.000000
10574.000000
8179.000000
10500.000000
8079.000000
10430.000000
7984.000000
10367.000000
11551155
8612.000000
10830.000000
8530.000000
10758.000000
8439.000000
10682.000000
8341.000000
10605.000000
8240.000000
10529.000000
8139.000000
10456.000000
8041.000000
10389.000000
7949.000000
10330.000000
11551155
8612.000000
10830.000000
8530.000000
10758.000000
8439.000000
10682.000000
8341.000000
10605.000000
8240.000000
10529.000000
8139.000000
10456.000000
8041.000000
10389.000000
7949.000000
10330.000000
11551155
8710.000000
10902.000000
8637.000000
10836.000000
8554.000000
10763.000000
8462.000000
10687.000000
8364.000000
10610.000000
8263.000000
10534.000000
8162.000000
10462.000000
8065.000000
10396.000000
11551155
8710.000000
10902.000000
8637.000000
10836.000000
8554.000000
10763.000000
8462.000000
10687.000000
8364.000000
10610.000000
8263.000000
10534.000000
8162.000000
10462.000000
8065.000000
10396.000000
11551155
8710.000000
10902.000000
8637.000000
10836.000000
8554.000000
10763.000000
8462.000000
10687.000000
8364.000000
10610.000000
8263.000000
10534.000000
8162.000000
10462.000000
8065.000000
10396.000000
11551155
8704.000000
10884.000000
8625.000000
10813.000000
8537.000000
10739.000000
8442.000000
10663.000000
8342.000000
10587.000000
8241.000000
10513.000000
8142.000000
10445.000000
8048.000000
10383.000000
11551155
8704.000000
10884.000000
8625.000000
10813.000000
8537.000000
10739.000000
8442.000000
10663.000000
8342.000000
10587.000000
8241.000000
10513.000000
8142.000000
10445.000000
8048.000000
10383.000000
11551155
8759.000000
10968.000000
8675.000000
10903.000000
8628.000000
10831.000000
8555.000000
10755.000000
8466.000000
10678.000000
8369.000000
10602.000000
8269.000000
10529.000000
8171.000000
10461.000000
11551155
8759.000000
10968.000000
8675.000000
10903.000000
8628.000000
10831.000000
8555.000000
10755.000000
8466.000000
10678.000000
8369.000000
10602.000000
8269.000000
10529.000000
8171.000000
10461.000000
11551155
8759.000000
10968.000000
8675.000000
10903.000000
8628.000000
10831.000000
8555.000000
10755.000000
8466.000000
10678.000000
8369.000000
10602.000000
8269.000000
10529.000000
8171.000000
10461.000000
11551155
8898.000000
11032.000000
8830.000000
10969.000000
8751.000000
10898.000000
8662.000000
10824.000000
8566.000000
10747.000000
8465.000000
10670.000000
8363.000000
10596.000000
8263.000000
10527.000000
11551155
8898.000000
11032.000000
8830.000000
10969.000000
8751.000000
10898.000000
8662.000000
10824.000000
8566.000000
10747.000000
8465.000000
10670.000000
8363.000000
10596.000000
8263.000000
10527.000000
11551155
8908.000000
11028.000000
8831.000000
10959.000000
8744.000000
10885.000000
8650.000000
10808.000000
8550.000000
10731.000000
8449.000000
10656.000000
8349.000000
10586.000000
8253.000000
10522.000000
11551155
8908.000000
11028.000000
8831.000000
10959.000000
8744.000000
10885.000000
8650.000000
10808.000000
8550.000000
10731.000000
8449.000000
10656.000000
8349.000000
10586.000000
8253.000000
10522.000000
11551155
8908.000000
11028.000000
8831.000000
10959.000000
8744.000000
10885.000000
8650.000000
10808.000000
8550.000000
10731.000000
8449.000000
10656.000000
8349.000000
10586.000000
8253.000000
10522.000000
11551155
9014.000000
11114.000000
8945.000000
11051.000000
8786.000000
10980.000000
8686.000000
10906.000000
8634.000000
10828.000000
8555.000000
10752.000000
8464.000000
10678.000000
8369.000000
10608.000000
11551155
9014.000000
11114.000000
8945.000000
11051.000000
8786.000000
10980.000000
8686.000000
10906.000000
8634.000000
10828.000000
8555.000000
10752.000000
8464.000000
10678.000000
8369.000000
10608.000000
11551155
9110.000000
11195.000000
9054.000000
11140.000000
8986.000000
11077.000000
8907.000000
11007.000000
8819.000000
10933.000000
8724.000000
10857.000000
8624.000000
10780.000000
8522.000000
10707.000000
11551155
9110.000000
11195.000000
9054.000000
11140.000000
8986.000000
11077.000000
8907.000000
11007.000000
8819.000000
10933.000000
8724.000000
10857.000000
8624.000000
10780.000000
8522.000000
10707.000000
11551155
9110.000000
11195.000000
9054.000000
11140.000000
8986.000000
11077.000000
8907.000000
11007.000000
8819.000000
10933.000000
8724.000000
10857.000000
8624.000000
10780.000000
8522.000000
10707.000000
11551155
9052.000000
11122.000000
8979.000000
11055.000000
8895.000000
10984.000000
8804.000000
10909.000000
8706.000000
10833.000000
8606.000000
10759.000000
8506.000000
10689.000000
8409.000000
10624.000000
11551155
9052.000000
11122.000000
8979.000000
11055.000000
8895.000000
10984.000000
8804.000000
10909.000000
8706.000000
10833.000000
8606.000000
10759.000000
8506.000000
10689.000000
8409.000000
10624.000000
11551155
9131.000000
11180.000000
9068.000000
11121.000000
8993.000000
11055.000000
8824.000000
10984.000000
8724.000000
10910.000000
8672.000000
10835.000000
8595.000000
10763.000000
8507.000000
10694.000000
11551155
9131.000000
11180.000000
9068.000000
11121.000000
8993.000000
11055.000000
8824.000000
10984.000000
8724.000000
10910.000000
8672.000000
10835.000000
8595.000000
10763.000000
8507.000000
10694.000000
11551155
9131.000000
11180.000000
9068.000000
11121.000000
8993.000000
11055.000000
8824.000000
10984.000000
8724.000000
10910.000000
8672.000000
10835.000000
8595.000000
10763.000000
8507.000000
10694.000000
11551155
9189.000000
11232.000000
9136.000000
11180.000000
9071.000000
11120.000000
8994.000000
11053.000000
8908.000000
10982.000000
8815.000000
10908.000000
8717.000000
10834.000000
8617.000000
10762.000000
11551155
9189.000000
11232.000000
9136.000000
11180.000000
9071.000000
11120.000000
8994.000000
11053.000000
8908.000000
10982.000000
8815.000000
10908.000000
8717.000000
10834.000000
8617.000000
10762.000000
11551155
9107.000000
11143.000000
9035.000000
11079.000000
8953.000000
11009.000000
8863.000000
10937.000000
8767.000000
10863.000000
8668.000000
10791.000000
8569.000000
10723.000000
8473.000000
10659.000000
11551155
9107.000000
11143.000000
9035.000000
11079.000000
8953.000000
11009.000000
8863.000000
10937.000000
8767.000000
10863.000000
8668.000000
10791.000000
8569.000000
10723.000000
8473.000000
10659.000000
11551155
9107.000000
11143.000000
9035.000000
11079.000000
8953.000000
11009.000000
8863.000000
10937.000000
8767.000000
10863.000000
8668.000000
10791.000000
8569.000000
10723.000000
8473.000000
10659.000000
11551155
9189.000000
11212.000000
9132.000000
11157.000000
9063.000000
11094.000000
8983.000000
11025.000000
8894.000000
10952.000000
8799.000000
10878.000000
8600.000000
10804.000000
8499.000000
10732.000000
11551155
9189.000000
11212.000000
9132.000000
11157.000000
9063.000000
11094.000000
8983.000000
11025.000000
8894.000000
10952.000000
8799.000000
10878.000000
8600.000000
10804.000000
8499.000000
10732.000000
11551155
9177.000000
11199.000000
9118.000000
11142.000000
9048.000000
11079.000000
8967.000000
11009.000000
8877.000000
10936.000000
8780.000000
10862.000000
8680.000000
10788.000000
8580.000000
10718.000000
11551155
9177.000000
11199.000000
9118.000000
11142.000000
9048.000000
11079.000000
8967.000000
11009.000000
8877.000000
10936.000000
8780.000000
10862.000000
8680.000000
10788.000000
8580.000000
10718.000000
11551155
9177.000000
11199.000000
9118.000000
11142.000000
9048.000000
11079.000000
8967.000000
11009.000000
8877.000000
10936.000000
8780.000000
10862.000000
8680.000000
10788.000000
8580.000000
10718.000000
11551155
9099.000000
11114.000000
9025.000000
11049.000000
8941.000000
10979.000000
8849.000000
10906.000000
8752.000000
10832.000000
8652.000000
10760.000000
8553.000000
10692.000000
8457.000000
10629.000000
11551155
9099.000000
11114.000000
9025.000000
11049.000000
8941.000000
10979.000000
8849.000000
10906.000000
8752.000000
10832.000000
8652.000000
10760.000000
8553.000000
10692.000000
8457.000000
10629.000000
11551155
9167.000000
11165.000000
9106.000000
11107.000000
9034.000000
11042.000000
8951.000000
10972.000000
8860.000000
10899.000000
8763.000000
10825.000000
8663.000000
10753.000000
8562.000000
10683.000000
11551155
9167.000000
11165.000000
9106.000000
11107.000000
9034.000000
11042.000000
8951.000000
10972.000000
8860.000000
10899.000000
8763.000000
10825.000000
8663.000000
10753.000000
8562.000000
10683.000000
11551155
9167.000000
11165.000000
9106.000000
11107.000000
9034.000000
11042.000000
8951.000000
10972.000000
8860.000000
10899.000000
8763.000000
10825.000000
8663.000000
10753.000000
8562.000000
10683.000000
11551155
9135.000000
11131.000000
9068.000000
11070.000000
8989.000000
11002.000000
8901.000000
10930.000000
8806.000000
10856.000000
8706.000000
10782.000000
8605.000000
10710.000000
8506.000000
10643.000000
11551155
9135.000000
11131.000000
9068.000000
11070.000000
8989.000000
11002.000000
8901.000000
10930.000000
8806.000000
10856.000000
8706.000000
10782.000000
8605.000000
10710.000000
8506.000000
10643.000000
11551155
9123.000000
11110.000000
9053.000000
11048.000000
8973.000000
10979.000000
8884.000000
10907.000000
8788.000000
10833.000000
8689.000000
10760.000000
8589.000000
10690.000000
8492.000000
10625.000000
11551155
9123.000000
11110.000000
9053.000000
11048.000000
8973.000000
10979.000000
8884.000000
10907.000000
8788.000000
10833.000000
8689.000000
10760.000000
8589.000000
10690.000000
8492.000000
10625.000000
11551155
9123.000000
11110.000000
9053.000000
11048.000000
8973.000000
10979.000000
8884.000000
10907.000000
8788.000000
10833.000000
8689.000000
10760.000000
8589.000000
10690.000000
8492.000000
10625.000000
11551155
9138.000000
11120.000000
9070.000000
11058.000000
8991.000000
10990.000000
8903.000000
10918.000000
8808.000000
10843.000000
8708.000000
10769.000000
8607.000000
10697.000000
8508.000000
10629.000000
11551155
9138.000000
11120.000000
9070.000000
11058.000000
8991.000000
10990.000000
8903.000000
10918.000000
8808.000000
10843.000000
8708.000000
10769.000000
8607.000000
10697.000000
8508.000000
10629.000000
11551155
9148.000000
11128.000000
9085.000000
11069.000000
9010.000000
11004.000000
8925.000000
10933.000000
8832.000000
10860.000000
8734.000000
10786.000000
8634.000000
10713.000000
8535.000000
10645.000000
11551155
9148.000000
11128.000000
9085.000000
11069.000000
9010.000000
11004.000000
8925.000000
10933.000000
8832.000000
10860.000000
8734.000000
10786.000000
8634.000000
10713.000000
8535.000000
10645.000000
11551155
9148.000000
11128.000000
9085.000000
11069.000000
9010.000000
11004.000000
8925.000000
10933.000000
8832.000000
10860.000000
8734.000000
10786.000000
8634.000000
10713.000000
8535.000000
10645.000000
11551155
9118.000000
11081.000000
9045.000000
11018.000000
8963.000000
10949.000000
8873.000000
10877.000000
8777.000000
10805.000000
8678.000000
10734.000000
8579.000000
10666.000000
8483.000000
10604.000000
11551155
9118.000000
11081.000000
9045.000000
11018.000000
8963.000000
10949.000000
8873.000000
10877.000000
8777.000000
10805.000000
8678.000000
10734.000000
8579.000000
10666.000000
8483.000000
10604.000000
11551155
9229.000000
11178.000000
9176.000000
11126.000000
9111.000000
11068.000000
9036.000000
11003.000000
8951.000000
10934.000000
8858.000000
10862.000000
8761.000000
10790.000000
8662.000000
10721.000000
11551155
9229.000000
11178.000000
9176.000000
11126.000000
9111.000000
11068.000000
9036.000000
11003.000000
8951.000000
10934.000000
8858.000000
10862.000000
8761.000000
10790.000000
8662.000000
10721.000000
11551155
9229.000000
11178.000000
9176.000000
11126.000000
9111.000000
11068.000000
9036.000000
11003.000000
8951.000000
10934.000000
8858.000000
10862.000000
8761.000000
10790.000000
8662.000000
10721.000000
11551155
9157.000000
11106.000000
9086.000000
11043.000000
9005.000000
10974.000000
8915.000000
10902.000000
8820.000000
10828.000000
8721.000000
10756.000000
8622.000000
10687.000000
8526.000000
10623.000000
11551155
9157.000000
11106.000000
9086.000000
11043.000000
9005.000000
10974.000000
8915.000000
10902.000000
8820.000000
10828.000000
8721.000000
10756.000000
8622.000000


