11551155
3100.000000
4967.000000
3078.000000
4941.000000
3055.000000
4914.000000
3030.000000
4888.000000
3005.000000
4862.000000
2981.000000
4839.000000
2958.000000
4818.000000
2937.000000
4799.000000
11551155
3100.000000
4967.000000
3078.000000
4941.000000
3055.000000
4914.000000
3030.000000
4888.000000
3005.000000
4862.000000
2981.000000
4839.000000
2958.000000
4818.000000
2937.000000
4799.000000
11551155
3100.000000
4967.000000
3078.000000
4941.000000
3055.000000
4914.000000
3030.000000
4888.000000
3005.000000
4862.000000
2981.000000
4839.000000
2958.000000
4818.000000
2937.000000
4799.000000
11551155
3130.000000
4982.000000
3110.000000
4957.000000
3088.000000
4930.000000
3064.000000
4903.000000
3040.000000
4877.000000
3016.000000
4853.000000
2992.000000
4831.000000
2970.000000
4812.000000
11551155
3130.000000
4982.000000
3110.000000
4957.000000
3088.000000
4930.000000
3064.000000
4903.000000
3040.000000
4877.000000
3016.000000
4853.000000
2992.000000
4831.000000
2970.000000
4812.000000
11551155
3172.000000
5019.000000
3153.000000
4995.000000
3132.000000
4970.000000
3110.000000
4944.000000
3086.000000
4918.000000
3062.000000
4894.000000
3038.000000
4871.000000
3015.000000
4850.000000
11551155
3172.000000
5019.000000
3153.000000
4995.000000
3132.000000
4970.000000
3110.000000
4944.000000
3086.000000
4918.000000
3062.000000
4894.000000
3038.000000
4871.000000
3015.000000
4850.000000
11551155
3172.000000
5019.000000
3153.000000
4995.000000
3132.000000
4970.000000
3110.000000
4944.000000
3086.000000
4918.000000
3062.000000
4894.000000
3038.000000
4871.000000
3015.000000
4850.000000
11551155
3197.000000
5034.000000
3178.000000
5010.000000
3157.000000
4985.000000
3134.000000
4959.000000
3109.000000
4933.000000
3085.000000
4909.000000
3061.000000
4886.000000
3038.000000
4865.000000
11551155
3197.000000
5034.000000
3178.000000
5010.000000
3157.000000
4985.000000
3134.000000
4959.000000
3109.000000
4933.000000
3085.000000
4909.000000
3061.000000
4886.000000
3038.000000
4865.000000
11551155
3228.000000
5062.000000
3213.000000
5040.000000
3195.000000
5016.000000
3174.000000
4991.000000
3151.000000
4966.000000
3128.000000
4942.000000
3104.000000
4919.000000
3081.000000
4899.000000
11551155
3228.000000
5062.000000
3213.000000
5040.000000
3195.000000
5016.000000
3174.000000
4991.000000
3151.000000
4966.000000
3128.000000
4942.000000
3104.000000
4919.000000
3081.000000
4899.000000
11551155
3264.000000
5093.000000
3249.000000
5073.000000
3231.000000
5050.000000
3210.000000
5026.000000
3188.000000
5002.000000
3165.000000
4977.000000
3141.000000
4953.000000
3118.000000
4931.000000
11551155
3264.000000
5093.000000
3249.000000
5073.000000
3231.000000
5050.000000
3210.000000
5026.000000
3188.000000
5002.000000
3165.000000
4977.000000
3141.000000
4953.000000
3118.000000
4931.000000
11551155
3264.000000
5093.000000
3249.000000
5073.000000
3231.000000
5050.000000
3210.000000
5026.000000
3188.000000
5002.000000
3165.000000
4977.000000
3141.000000
4953.000000
3118.000000
4931.000000
11551155
3239.000000
5048.000000
3219.000000
5024.000000
3197.000000
4999.000000
3174.000000
4974.000000
3151.000000
4950.000000
3128.000000
4928.000000
3106.000000
4908.000000
3086.000000
4891.000000
11551155
3239.000000
5048.000000
3219.000000
5024.000000
3197.000000
4999.000000
3174.000000
4974.000000
3151.000000
4950.000000
3128.000000
4928.000000
3106.000000
4908.000000
3086.000000
4891.000000
11551155
3264.000000
5070.000000
3245.000000
5047.000000
3224.000000
5023.000000
3202.000000
4998.000000
3179.000000
4974.000000
3156.000000
4952.000000
3134.000000
4932.000000
3114.000000
4914.000000
11551155
3264.000000
5070.000000
3245.000000
5047.000000
3224.000000
5023.000000
3202.000000
4998.000000
3179.000000
4974.000000
3156.000000
4952.000000
3134.000000
4932.000000
3114.000000
4914.000000
11551155
3264.000000
5070.000000
3245.000000
5047.000000
3224.000000
5023.000000
3202.000000
4998.000000
3179.000000
4974.000000
3156.000000
4952.000000
3134.000000
4932.000000
3114.000000
4914.000000
11551155
3278.000000
5078.000000
3259.000000
5055.000000
3238.000000
5031.000000
3215.000000
5007.000000
3192.000000
4983.000000
3169.000000
4960.000000
3146.000000
4940.000000
3125.000000
4921.000000
11551155
3278.000000
5078.000000
3259.000000
5055.000000
3238.000000
5031.000000
3215.000000
5007.000000
3192.000000
4983.000000
3169.000000
4960.000000
3146.000000
4940.000000
3125.000000
4921.000000
11551155
3237.000000
5034.000000
3217.000000
5009.000000
3196.000000
4984.000000
3173.000000
4958.000000
3150.000000
4934.000000
3127.000000
4911.000000
3105.000000
4889.000000
3084.000000
4871.000000
11551155
3237.000000
5034.000000
3217.000000
5009.000000
3196.000000
4984.000000
3173.000000
4958.000000
3150.000000
4934.000000
3127.000000
4911.000000
3105.000000
4889.000000
3084.000000
4871.000000
11551155
3214.000000
5004.000000
3193.000000
4979.000000
3170.000000
4954.000000
3146.000000
4928.000000
3122.000000
4903.000000
3098.000000
4880.000000
3074.000000
4859.000000
3052.000000
4840.000000
11551155
3214.000000
5004.000000
3193.000000
4979.000000
3170.000000
4954.000000
3146.000000
4928.000000
3122.000000
4903.000000
3098.000000
4880.000000
3074.000000
4859.000000
3052.000000
4840.000000
11551155
3214.000000
5004.000000
3193.000000
4979.000000
3170.000000
4954.000000
3146.000000
4928.000000
3122.000000
4903.000000
3098.000000
4880.000000
3074.000000
4859.000000
3052.000000
4840.000000
11551155
3197.000000
4991.000000
3179.000000
4968.000000
3158.000000
4943.000000
3135.000000
4918.000000
3111.000000
4892.000000
3087.000000
4867.000000
3063.000000
4844.000000
3040.000000
4823.000000
11551155
3197.000000
4991.000000
3179.000000
4968.000000
3158.000000
4943.000000
3135.000000
4918.000000
3111.000000
4892.000000
3087.000000
4867.000000
3063.000000
4844.000000
3040.000000
4823.000000
11551155
3149.000000
4930.000000
3129.000000
4906.000000
3106.000000
4881.000000
3082.000000
4855.000000
3058.000000
4831.000000
3034.000000
4808.000000
3011.000000
4787.000000
2989.000000
4768.000000
11551155
3149.000000
4930.000000
3129.000000
4906.000000
3106.000000
4881.000000
3082.000000
4855.000000
3058.000000
4831.000000
3034.000000
4808.000000
3011.000000
4787.000000
2989.000000
4768.000000
11551155
3149.000000
4930.000000
3129.000000
4906.000000
3106.000000
4881.000000
3082.000000
4855.000000
3058.000000
4831.000000
3034.000000
4808.000000
3011.000000
4787.000000
2989.000000
4768.000000
11551155
3115.000000
4890.000000
3095.000000
4866.000000
3072.000000
4841.000000
3048.000000
4815.000000
3023.000000
4790.000000
2998.000000
4766.000000
2974.000000
4744.000000
2951.000000
4724.000000
11551155
3115.000000
4890.000000
3095.000000
4866.000000
3072.000000
4841.000000
3048.000000
4815.000000
3023.000000
4790.000000
2998.000000
4766.000000
2974.000000
4744.000000
2951.000000
4724.000000
11551155
3052.000000
4824.000000
3032.000000
4800.000000
3010.000000
4775.000000
2987.000000
4750.000000
2963.000000
4726.000000
2939.000000
4703.000000
2916.000000
4682.000000
2895.000000
4664.000000
11551155
3052.000000
4824.000000
3032.000000
4800.000000
3010.000000
4775.000000
2987.000000
4750.000000
2963.000000
4726.000000
2939.000000
4703.000000
2916.000000
4682.000000
2895.000000
4664.000000
11551155
3079.000000
4855.000000
3062.000000
4833.000000
3043.000000
4810.000000
3021.000000
4786.000000
2976.000000
4761.000000
2953.000000
4737.000000
2941.000000
4714.000000
2924.000000
4694.000000
11551155
3079.000000
4855.000000
3062.000000
4833.000000
3043.000000
4810.000000
3021.000000
4786.000000
2976.000000
4761.000000
2953.000000
4737.000000
2941.000000
4714.000000
2924.000000
4694.000000
11551155
3079.000000
4855.000000
3062.000000
4833.000000
3043.000000
4810.000000
3021.000000
4786.000000
2976.000000
4761.000000
2953.000000
4737.000000
2941.000000
4714.000000
2924.000000
4694.000000
11551155
3061.000000
4833.000000
3043.000000
4810.000000
3023.000000
4786.000000
3001.000000
4762.000000
2978.000000
4737.000000
2954.000000
4713.000000
2931.000000
4691.000000
2908.000000
4670.000000
11551155
3061.000000
4833.000000
3043.000000
4810.000000
3023.000000
4786.000000
3001.000000
4762.000000
2978.000000
4737.000000
2954.000000
4713.000000
2931.000000
4691.000000
2908.000000
4670.000000
11551155
3027.000000
4787.000000
3007.000000
4763.000000
2985.000000
4739.000000
2962.000000
4714.000000
2939.000000
4690.000000
2916.000000
4668.000000
2893.000000
4648.000000
2872.000000
4631.000000
11551155
3027.000000
4787.000000
3007.000000
4763.000000
2985.000000
4739.000000
2962.000000
4714.000000
2939.000000
4690.000000
2916.000000
4668.000000
2893.000000
4648.000000
2872.000000
4631.000000
11551155
3027.000000
4787.000000
3007.000000
4763.000000
2985.000000
4739.000000
2962.000000
4714.000000
2939.000000
4690.000000
2916.000000
4668.000000
2893.000000
4648.000000
2872.000000
4631.000000
11551155
3049.000000
4818.000000
3033.000000
4797.000000
3014.000000
4774.000000
2994.000000
4750.000000
2972.000000
4726.000000
2949.000000
4702.000000
2926.000000
4679.000000
2904.000000
4658.000000
11551155
3049.000000
4818.000000
3033.000000
4797.000000
3014.000000
4774.000000
2994.000000
4750.000000
2972.000000
4726.000000
2949.000000
4702.000000
2926.000000
4679.000000
2904.000000
4658.000000
11551155
3056.000000
4811.000000
3036.000000
4787.000000
3015.000000
4763.000000
2992.000000
4738.000000
2969.000000
4714.000000
2945.000000
4691.000000
2922.000000
4670.000000
2901.000000
4652.000000
11551155
3056.000000
4811.000000
3036.000000
4787.000000
3015.000000
4763.000000
2992.000000
4738.000000
2969.000000
4714.000000
2945.000000
4691.000000
2922.000000
4670.000000
2901.000000
4652.000000
11551155
3056.000000
4811.000000
3036.000000
4787.000000
3015.000000
4763.000000
2992.000000
4738.000000
2969.000000
4714.000000
2945.000000
4691.000000
2922.000000
4670.000000
2901.000000
4652.000000
11551155
3075.000000
4828.000000
3056.000000
4806.000000
3035.000000
4782.000000
3012.000000
4758.000000
2988.000000
4734.000000
2964.000000
4712.000000
2941.000000
4691.000000
2920.000000
4673.000000
11551155
3075.000000
4828.000000
3056.000000
4806.000000
3035.000000
4782.000000
3012.000000
4758.000000
2988.000000
4734.000000
2964.000000
4712.000000
2941.000000
4691.000000
2920.000000
4673.000000
11551155
3112.000000
4861.000000
3093.000000
4838.000000
3072.000000
4814.000000
3050.000000
4790.000000
3027.000000
4766.000000
3003.000000
4744.000000
2981.000000
4723.000000
2960.000000
4705.000000
11551155
3112.000000
4861.000000
3093.000000
4838.000000
3072.000000
4814.000000
3050.000000
4790.000000
3027.000000
4766.000000
3003.000000
4744.000000
2981.000000
4723.000000
2960.000000
4705.000000
11551155
3112.000000
4861.000000
3093.000000
4838.000000
3072.000000
4814.000000
3050.000000
4790.000000
3027.000000
4766.000000
3003.000000
4744.000000
2981.000000
4723.000000
2960.000000
4705.000000
11551155
3149.000000
4914.000000
3128.000000
4891.000000
3116.000000
4867.000000
3098.000000
4843.000000
3077.000000
4818.000000
3054.000000
4795.000000
3031.000000
4773.000000
3009.000000
4753.000000
11551155
3149.000000
4914.000000
3128.000000
4891.000000
3116.000000
4867.000000
3098.000000
4843.000000
3077.000000
4818.000000
3054.000000
4795.000000
3031.000000
4773.000000
3009.000000
4753.000000
11551155
3220.000000
4968.000000
3202.000000
4945.000000
3181.000000
4921.000000
3158.000000
4896.000000
3135.000000
4871.000000
3111.000000
4847.000000
3087.000000
4824.000000
3064.000000
4803.000000
11551155
3220.000000
4968.000000
3202.000000
4945.000000
3181.000000
4921.000000
3158.000000
4896.000000
3135.000000
4871.000000
3111.000000
4847.000000
3087.000000
4824.000000
3064.000000
4803.000000
11551155
3220.000000
4968.000000
3202.000000
4945.000000
3181.000000
4921.000000
3158.000000
4896.000000
3135.000000
4871.000000
3111.000000
4847.000000
3087.000000
4824.000000
3064.000000
4803.000000
11551155
3223.000000
4963.000000
3203.000000
4939.000000
3181.000000
4914.000000
3158.000000
4889.000000
3134.000000
4864.000000
3110.000000
4840.000000
3086.000000
4819.000000
3064.000000
4799.000000
11551155
3223.000000
4963.000000
3203.000000
4939.000000
3181.000000
4914.000000
3158.000000
4889.000000
3134.000000
4864.000000
3110.000000
4840.000000
3086.000000
4819.000000
3064.000000
4799.000000
11551155
3243.000000
4982.000000
3224.000000
4959.000000
3203.000000
4934.000000
3180.000000
4909.000000
3155.000000
4883.000000
3130.000000
4858.000000
3105.000000
4834.000000
3081.000000
4812.000000
11551155
3243.000000
4982.000000
3224.000000
4959.000000
3203.000000
4934.000000
3180.000000
4909.000000
3155.000000
4883.000000
3130.000000
4858.000000
3105.000000
4834.000000
3081.000000
4812.000000
11551155
3243.000000
4982.000000
3224.000000
4959.000000
3203.000000
4934.000000
3180.000000
4909.000000
3155.000000
4883.000000
3130.000000
4858.000000
3105.000000
4834.000000
3081.000000
4812.000000
11551155
3206.000000
4939.000000
3186.000000
4915.000000
3164.000000
4889.000000
3140.000000
4862.000000
3116.000000
4836.000000
3091.000000
4811.000000
3067.000000
4788.000000
3044.000000
4767.000000
11551155
3206.000000
4939.000000
3186.000000
4915.000000
3164.000000
4889.000000
3140.000000
4862.000000
3116.000000
4836.000000
3091.000000
4811.000000
3067.000000
4788.000000
3044.000000
4767.000000
11551155
3147.000000
4894.000000
3126.000000
4871.000000
3114.000000
4847.000000
3095.000000
4821.000000
3072.000000
4795.000000
3047.000000
4769.000000
3022.000000
4744.000000
2997.000000
4720.000000
11551155
3147.000000
4894.000000
3126.000000
4871.000000
3114.000000
4847.000000
3095.000000
4821.000000
3072.000000
4795.000000
3047.000000
4769.000000
3022.000000
4744.000000
2997.000000
4720.000000
11551155
3147.000000
4894.000000
3126.000000
4871.000000
3114.000000
4847.000000
3095.000000
4821.000000
3072.000000
4795.000000
3047.000000
4769.000000
3022.000000
4744.000000
2997.000000
4720.000000
11551155
3075.000000
4808.000000
3058.000000
4786.000000
3039.000000
4762.000000
3017.000000
4737.000000
2994.000000
4711.000000
2969.000000
4686.000000
2945.000000
4661.000000
2921.000000
4638.000000
11551155
3075.000000
4808.000000
3058.000000
4786.000000
3039.000000
4762.000000
3017.000000
4737.000000
2994.000000
4711.000000
2969.000000
4686.000000
2945.000000
4661.000000
2921.000000
4638.000000
11551155
3033.000000
4749.000000
3012.000000
4724.000000
2989.000000
4699.000000
2965.000000
4674.000000
2940.000000
4649.000000
2915.000000
4626.000000
2891.000000
4605.000000
2868.000000
4586.000000
11551155
3033.000000
4749.000000
3012.000000
4724.000000
2989.000000
4699.000000
2965.000000
4674.000000
2940.000000
4649.000000
2915.000000
4626.000000
2891.000000
4605.000000
2868.000000
4586.000000
11551155
3033.000000
4749.000000
3012.000000
4724.000000
2989.000000
4699.000000
2965.000000
4674.000000
2940.000000
4649.000000
2915.000000
4626.000000
2891.000000
4605.000000
2868.000000
4586.000000
11551155
3047.000000
4764.000000
3029.000000
4741.000000
3008.000000
4717.000000
2985.000000
4692.000000
2961.000000
4667.000000
2913.000000
4642.000000
2888.000000
4619.000000
2876.000000
4598.000000
11551155
3047.000000
4764.000000
3029.000000
4741.000000
3008.000000
4717.000000
2985.000000
4692.000000
2961.000000
4667.000000
2913.000000
4642.000000
2888.000000
4619.000000
2876.000000
4598.000000
11551155
3047.000000
4764.000000
3029.000000
4741.000000
3008.000000
4717.000000
2985.000000
4692.000000
2961.000000
4667.000000
2913.000000
4642.000000
2888.000000
4619.000000
2876.000000
4598.000000
11551155
3050.000000
4768.000000
3034.000000
4747.000000
3015.000000
4724.000000
2994.000000
4700.000000
2972.000000
4676.000000
2949.000000
4652.000000
2926.000000
4629.000000
2904.000000
4608.000000
11551155
3050.000000
4768.000000
3034.000000
4747.000000
3015.000000
4724.000000
2994.000000
4700.000000
2972.000000
4676.000000
2949.000000
4652.000000
2926.000000
4629.000000
2904.000000
4608.000000
11551155
3041.000000
4749.000000
3023.000000
4727.000000
3003.000000
4703.000000
2981.000000
4678.000000
2958.000000
4653.000000
2934.000000
4628.000000
2910.000000
4605.000000
2887.000000
4584.000000
11551155
3041.000000
4749.000000
3023.000000
4727.000000
3003.000000
4703.000000
2981.000000
4678.000000
2958.000000
4653.000000
2934.000000
4628.000000
2910.000000
4605.000000
2887.000000
4584.000000
11551155
3041.000000
4749.000000
3023.000000
4727.000000
3003.000000
4703.000000
2981.000000
4678.000000
2958.000000
4653.000000
2934.000000
4628.000000
2910.000000
4605.000000
2887.000000
4584.000000
11551155
3047.000000
4758.000000
3032.000000
4738.000000
3014.000000
4716.000000
2994.000000
4693.000000
2972.000000
4668.000000
2949.000000
4644.000000
2925.000000
4620.000000
2901.000000
4598.000000
11551155
3047.000000
4758.000000
3032.000000
4738.000000
3014.000000
4716.000000
2994.000000
4693.000000
2972.000000
4668.000000
2949.000000
4644.000000
2925.000000
4620.000000
2901.000000
4598.000000
11551155
3056.000000
4760.000000
3040.000000
4740.000000
3021.000000
4718.000000
3001.000000
4695.000000
2979.000000
4671.000000
2957.000000
4648.000000
2934.000000
4627.000000
2912.000000
4607.000000
11551155
3056.000000
4760.000000
3040.000000
4740.000000
3021.000000
4718.000000
3001.000000
4695.000000
2979.000000
4671.000000
2957.000000
4648.000000
2934.000000
4627.000000
2912.000000
4607.000000
11551155
3056.000000
4760.000000
3040.000000
4740.000000
3021.000000
4718.000000
3001.000000
4695.000000
2979.000000
4671.000000
2957.000000
4648.000000
2934.000000
4627.000000
2912.000000
4607.000000
11551155
3065.000000
4763.000000
3046.000000
4740.000000
3025.000000
4717.000000
3003.000000
4692.000000
2980.000000
4669.000000
2957.000000
4646.000000
2935.000000
4625.000000
2914.000000
4606.000000
11551155
3065.000000
4763.000000
3046.000000
4740.000000
3025.000000
4717.000000
3003.000000
4692.000000
2980.000000
4669.000000
2957.000000
4646.000000
2935.000000
4625.000000
2914.000000
4606.000000
11551155
3112.000000
4811.000000
3098.000000
4792.000000
3082.000000
4771.000000
3063.000000
4749.000000
3042.000000
4725.000000
3020.000000
4701.000000
2997.000000
4678.000000
2974.000000
4656.000000
11551155
3112.000000
4811.000000
3098.000000
4792.000000
3082.000000
4771.000000
3063.000000
4749.000000
3042.000000
4725.000000
3020.000000
4701.000000
2997.000000
4678.000000
2974.000000
4656.000000
11551155
3112.000000
4811.000000
3098.000000
4792.000000
3082.000000
4771.000000
3063.000000
4749.000000
3042.000000
4725.000000
3020.000000
4701.000000
2997.000000
4678.000000
2974.000000
4656.000000
11551155
3120.000000
4805.000000
3104.000000
4785.000000
3085.000000
4764.000000
3064.000000
4741.000000
3042.000000
4718.000000
3019.000000
4695.000000
2996.000000
4674.000000
2974.000000
4654.000000
11551155
3120.000000
4805.000000
3104.000000
4785.000000
3085.000000
4764.000000
3064.000000
4741.000000
3042.000000
4718.000000
3019.000000
4695.000000
2996.000000
4674.000000
2974.000000
4654.000000
11551155
3120.000000
4805.000000
3104.000000
4785.000000
3085.000000
4764.000000
3064.000000
4741.000000
3042.000000
4718.000000
3019.000000
4695.000000
2996.000000
4674.000000
2974.000000
4654.000000
11551155
3130.000000
4809.000000
3113.000000
4788.000000
3093.000000
4765.000000
3071.000000
4742.000000
3048.000000
4718.000000
3025.000000
4695.000000
3002.000000
4673.000000
2980.000000
4653.000000
11551155
3130.000000
4809.000000
3113.000000
4788.000000
3093.000000
4765.000000
3071.000000
4742.000000
3048.000000
4718.000000
3025.000000
4695.000000
3002.000000
4673.000000
2980.000000
4653.000000
11551155
3138.000000
4813.000000
3121.000000
4793.000000
3101.000000
4771.000000
3080.000000
4747.000000
3057.000000
4724.000000
3033.000000
4701.000000
3009.000000
4679.000000
2986.000000
4658.000000
11551155
3138.000000
4813.000000
3121.000000
4793.000000
3101.000000
4771.000000
3080.000000
4747.000000
3057.000000
4724.000000
3033.000000
4701.000000
3009.000000
4679.000000
2986.000000
4658.000000
11551155
3138.000000
4813.000000
3121.000000
4793.000000
3101.000000
4771.000000
3080.000000
4747.000000
3057.000000
4724.000000
3033.000000
4701.000000
3009.000000
4679.000000
2986.000000
4658.000000
11551155
3134.000000
4808.000000
3116.000000
4787.000000
3096.000000
4764.000000
3074.000000
4741.000000
3051.000000
4717.000000
3028.000000
4694.000000
3005.000000
4673.000000
2983.000000
4653.000000
11551155
3134.000000
4808.000000
3116.000000
4787.000000
3096.000000
4764.000000
3074.000000
4741.000000
3051.000000
4717.000000
3028.000000
4694.000000
3005.000000
4673.000000
2983.000000
4653.000000
11551155
3140.000000
4807.000000
3122.000000
4785.000000
3102.000000
4762.000000
3058.000000
4738.000000
3034.000000
4714.000000
3021.000000
4690.000000
3003.000000
4668.000000
2983.000000
4648.000000
11551155
3140.000000
4807.000000
3122.000000
4785.000000
3102.000000
4762.000000
3058.000000
4738.000000
3034.000000
4714.000000
3021.000000
4690.000000
3003.000000
4668.000000
2983.000000
4648.000000
11551155
3140.000000
4807.000000
3122.000000
4785.000000
3102.000000
4762.000000
3058.000000
4738.000000
3034.000000
4714.000000
3021.000000
4690.000000
3003.000000
4668.000000
2983.000000
4648.000000
11551155
3126.000000
4792.000000
3108.000000
4769.000000
3087.000000
4745.000000
3064.000000
4721.000000
3040.000000
4696.000000
3016.000000
4672.000000
2992.000000
4650.000000
2969.000000
4630.000000
11551155
3126.000000
4792.000000
3108.000000
4769.000000
3087.000000
4745.000000
3064.000000
4721.000000
3040.000000
4696.000000
3016.000000
4672.000000
2992.000000
4650.000000
2969.000000
4630.000000
11551155
3111.000000
4772.000000
3092.000000
4750.000000
3071.000000
4725.000000
3048.000000
4701.000000
3024.000000
4676.000000
2999.000000
4653.000000
2975.000000
4631.000000
2952.000000
4611.000000
11551155
3111.000000
4772.000000
3092.000000
4750.000000
3071.000000
4725.000000
3048.000000
4701.000000
3024.000000
4676.000000
2999.000000
4653.000000
2975.000000
4631.000000
2952.000000
4611.000000
11551155
3111.000000
4772.000000
3092.000000
4750.000000
3071.000000
4725.000000
3048.000000
4701.000000
3024.000000
4676.000000
2999.000000
4653.000000
2975.000000
4631.000000
2952.000000
4611.000000
11551155
3122.000000
4777.000000
3104.000000
4756.000000
3083.000000
4732.000000
3060.000000
4708.000000
3036.000000
4683.000000
3011.000000
4659.000000
2986.000000
4635.000000
2961.000000
4614.000000
11551155
3122.000000
4777.000000
3104.000000
4756.000000
3083.000000
4732.000000
3060.000000
4708.000000
3036.000000
4683.000000
3011.000000
4659.000000
2986.000000
4635.000000
2961.000000
4614.000000
11551155
3102.000000
4755.000000
3082.000000
4732.000000
3060.000000
4707.000000
3037.000000
4682.000000
3013.000000
4658.000000
2989.000000
4634.000000
2965.000000
4612.000000
2942.000000
4592.000000
11551155
3102.000000
4755.000000
3082.000000
4732.000000
3060.000000
4707.000000
3037.000000
4682.000000
3013.000000
4658.000000
2989.000000
4634.000000
2965.000000
4612.000000
2942.000000
4592.000000
11551155
3102.000000
4755.000000
3082.000000
4732.000000
3060.000000
4707.000000
3037.000000
4682.000000
3013.000000
4658.000000
2989.000000
4634.000000
2965.000000
4612.000000
2942.000000
4592.000000
11551155
3116.000000
4768.000000
3101.000000
4747.000000
3082.000000
4724.000000
3060.000000
4700.000000
3037.000000
4676.000000
3013.000000
4653.000000
2989.000000
4632.000000
2967.000000
4612.000000
11551155
3116.000000
4768.000000
3101.000000
4747.000000
3082.000000
4724.000000
3060.000000
4700.000000
3037.000000
4676.000000
3013.000000
4653.000000
2989.000000
4632.000000
2967.000000
4612.000000
11551155
3148.000000
4796.000000
3132.000000
4775.000000
3113.000000
4753.000000
3092.000000
4729.000000
3070.000000
4705.000000
3046.000000
4681.000000
3022.000000
4658.000000
2999.000000
4637.000000
11551155
3148.000000
4796.000000
3132.000000
4775.000000
3113.000000
4753.000000
3092.000000
4729.000000
3070.000000
4705.000000
3046.000000
4681.000000
3022.000000
4658.000000
2999.000000
4637.000000
11551155
3148.000000
4796.000000
3132.000000
4775.000000
3113.000000
4753.000000
3092.000000
4729.000000
3070.000000
4705.000000
3046.000000
4681.000000
3022.000000
4658.000000
2999.000000
4637.000000
11551155
3138.000000
4781.000000
3119.000000
4759.000000
3098.000000
4736.000000
3076.000000
4712.000000
3053.000000
4689.000000
3030.000000
4667.000000
3007.000000
4646.000000
2985.000000
4628.000000
11551155
3138.000000
4781.000000
3119.000000
4759.000000
3098.000000
4736.000000
3076.000000
4712.000000
3053.000000
4689.000000
3030.000000
4667.000000
3007.000000
4646.000000
2985.000000
4628.000000
11551155
3174.000000
4818.000000
3160.000000
4800.000000
3143.000000
4779.000000
3124.000000
4757.000000
3103.000000
4735.000000
3081.000000
4712.000000
3037.000000
4691.000000
3015.000000
4670.000000
11551155
3174.000000
4818.000000
3160.000000
4800.000000
3143.000000
4779.000000
3124.000000
4757.000000
3103.000000
4735.000000
3081.000000
4712.000000
3037.000000
4691.000000
3015.000000
4670.000000
11551155
3174.000000
4818.000000
3160.000000
4800.000000
3143.000000
4779.000000
3124.000000
4757.000000
3103.000000
4735.000000
3081.000000
4712.000000
3037.000000
4691.000000
3015.000000
4670.000000
11551155
3175.000000
4816.000000
3159.000000
4796.000000
3140.000000
4774.000000
3120.000000
4751.000000
3098.000000
4727.000000
3075.000000
4704.000000
3051.000000
4681.000000
3028.000000
4660.000000
11551155
3175.000000
4816.000000
3159.000000
4796.000000
3140.000000
4774.000000
3120.000000
4751.000000
3098.000000
4727.000000
3075.000000
4704.000000
3051.000000
4681.000000
3028.000000
4660.000000
11551155
3138.000000
4766.000000
3117.000000
4742.000000
3094.000000
4718.000000
3070.000000
4693.000000
3046.000000
4669.000000
3022.000000
4647.000000
2999.000000
4626.000000
2977.000000
4608.000000
11551155
3138.000000
4766.000000
3117.000000
4742.000000
3094.000000
4718.000000
3070.000000
4693.000000
3046.000000
4669.000000
3022.000000
4647.000000
2999.000000
4626.000000
2977.000000
4608.000000
11551155
3138.000000
4766.000000
3117.000000
4742.000000
3094.000000
4718.000000
3070.000000
4693.000000
3046.000000
4669.000000
3022.000000
4647.000000
2999.000000
4626.000000
2977.000000
4608.000000
11551155
3152.000000
4782.000000
3135.000000
4760.000000
3115.000000
4737.000000
3093.000000
4712.000000
3069.000000
4686.000000
3045.000000
4662.000000
3020.000000
4638.000000
2996.000000
4616.000000
11551155
3152.000000
4782.000000
3135.000000
4760.000000
3115.000000
4737.000000
3093.000000
4712.000000
3069.000000
4686.000000
3045.000000
4662.000000
3020.000000
4638.000000
2996.000000
4616.000000
11551155
3129.000000
4739.000000
3108.000000
4715.000000
3085.000000
4690.000000
3060.000000
4665.000000
3035.000000
4640.000000
3010.000000
4616.000000
2985.000000
4594.000000
2962.000000
4575.000000
11551155
3129.000000
4739.000000
3108.000000
4715.000000
3085.000000
4690.000000
3060.000000
4665.000000
3035.000000
4640.000000
3010.000000
4616.000000
2985.000000
4594.000000
2962.000000
4575.000000
11551155
3129.000000
4739.000000
3108.000000
4715.000000
3085.000000
4690.000000
3060.000000
4665.000000
3035.000000
4640.000000
3010.000000
4616.000000
2985.000000
4594.000000
2962.000000
4575.000000
11551155
3128.000000
4738.000000
3108.000000
4715.000000
3086.000000
4690.000000
3062.000000
4665.000000
3037.000000
4640.000000
3011.000000
4615.000000
2961.000000
4592.000000
2938.000000
4571.000000
11551155
3128.000000
4738.000000
3108.000000
4715.000000
3086.000000
4690.000000
3062.000000
4665.000000
3037.000000
4640.000000
3011.000000
4615.000000
2961.000000
4592.000000
2938.000000
4571.000000
11551155
3137.000000
4748.000000
3119.000000
4726.000000
3099.000000
4703.000000
3077.000000
4678.000000
3053.000000
4653.000000
3029.000000
4628.000000
3004.000000
4604.000000
2980.000000
4582.000000
11551155
3137.000000
4748.000000
3119.000000
4726.000000
3099.000000
4703.000000
3077.000000
4678.000000
3053.000000
4653.000000
3029.000000
4628.000000
3004.000000
4604.000000
2980.000000
4582.000000
11551155
3137.000000
4748.000000
3119.000000
4726.000000
3099.000000
4703.000000
3077.000000
4678.000000
3053.000000
4653.000000
3029.000000
4628.000000
3004.000000
4604.000000
2980.000000
4582.000000
11551155
3132.000000
4735.000000
3113.000000
4711.000000
3091.000000
4686.000000
3067.000000
4660.000000
3043.000000
4635.000000
3018.000000
4610.000000
2993.000000
4587.000000
2970.000000
4566.000000
11551155
3132.000000
4735.000000
3113.000000
4711.000000
3091.000000
4686.000000
3067.000000
4660.000000
3043.000000
4635.000000
3018.000000
4610.000000
2993.000000
4587.000000
2970.000000
4566.000000
11551155
3130.000000
4721.000000
3111.000000
4698.000000
3089.000000
4673.000000
3065.000000
4648.000000
3040.000000
4623.000000
3014.000000
4599.000000
2989.000000
4577.000000
2965.000000
4556.000000
11551155
3130.000000
4721.000000
3111.000000
4698.000000
3089.000000
4673.000000
3065.000000
4648.000000
3040.000000
4623.000000
3014.000000
4599.000000
2989.000000
4577.000000
2965.000000
4556.000000
11551155
3130.000000
4721.000000
3111.000000
4698.000000
3089.000000
4673.000000
3065.000000
4648.000000
3040.000000
4623.000000
3014.000000
4599.000000
2989.000000
4577.000000
2965.000000
4556.000000
11551155
3113.000000
4705.000000
3092.000000
4681.000000
3070.000000
4657.000000
3046.000000
4631.000000
3022.000000
4607.000000
2997.000000
4583.000000
2973.000000
4561.000000
2951.000000
4541.000000
11551155
3113.000000
4705.000000
3092.000000
4681.000000
3070.000000
4657.000000
3046.000000
4631.000000
3022.000000
4607.000000
2997.000000
4583.000000
2973.000000
4561.000000
2951.000000
4541.000000
11551155
3114.000000
4702.000000
3094.000000
4678.000000
3071.000000
4654.000000
3047.000000
4629.000000
3022.000000
4604.000000
2998.000000
4581.000000
2974.000000
4559.000000
2951.000000
4540.000000
11551155
3114.000000
4702.000000
3094.000000
4678.000000
3071.000000
4654.000000
3047.000000
4629.000000
3022.000000
4604.000000
2998.000000
4581.000000
2974.000000
4559.000000
2951.000000
4540.000000
11551155
3114.000000
4702.000000
3094.000000
4678.000000
3071.000000
4654.000000
3047.000000
4629.000000
3022.000000
4604.000000
2998.000000
4581.000000
2974.000000
4559.000000
2951.000000
4540.000000
11551155
3093.000000
4675.000000
3072.000000
4651.000000
3049.000000
4626.000000
3024.000000
4601.000000
2999.000000
4576.000000
2975.000000
4553.000000
2952.000000
4532.000000
2930.000000
4514.000000
11551155
3093.000000
4675.000000
3072.000000
4651.000000
3049.000000
4626.000000
3024.000000
4601.000000
2999.000000
4576.000000
2975.000000
4553.000000
2952.000000
4532.000000
2930.000000
4514.000000
11551155
3096.000000
4673.000000
3054.000000
4649.000000
3029.000000
4624.000000
3016.000000
4599.000000
2996.000000
4574.000000
2974.000000
4551.000000
2951.000000
4529.000000
2929.000000
4510.000000
11551155
3096.000000
4673.000000
3054.000000
4649.000000
3029.000000
4624.000000
3016.000000
4599.000000
2996.000000
4574.000000
2974.000000
4551.000000
2951.000000
4529.000000
2929.000000
4510.000000
11551155
3096.000000
4673.000000
3054.000000
4649.000000
3029.000000
4624.000000
3016.000000
4599.000000
2996.000000
4574.000000
2974.000000
4551.000000
2951.000000
4529.000000
2929.000000
4510.000000
11551155
3104.000000
4685.000000
3085.000000
4662.000000
3063.000000
4637.000000
3039.000000
4611.000000
3014.000000
4586.000000
2989.000000
4561.000000
2964.000000
4537.000000
2940.000000
4515.000000
11551155
3104.000000
4685.000000
3085.000000
4662.000000
3063.000000
4637.000000
3039.000000
4611.0000

