11551155
6238.000000
9050.000000
6191.000000
9004.000000
6140.000000
8958.000000
6088.000000
8913.000000
6036.000000
8869.000000
5986.000000
8829.000000
5939.000000
8793.000000
5896.000000
8762.000000
11551155
6343.000000
9142.000000
6293.000000
9094.000000
6240.000000
9045.000000
6186.000000
8998.000000
6132.000000
8953.000000
6080.000000
8912.000000
6031.000000
8875.000000
5986.000000
8844.000000
11551155
6343.000000
9142.000000
6293.000000
9094.000000
6240.000000
9045.000000
6186.000000
8998.000000
6132.000000
8953.000000
6080.000000
8912.000000
6031.000000
8875.000000
5986.000000
8844.000000
11551155
6343.000000
9142.000000
6293.000000
9094.000000
6240.000000
9045.000000
6186.000000
8998.000000
6132.000000
8953.000000
6080.000000
8912.000000
6031.000000
8875.000000
5986.000000
8844.000000
11551155
6477.000000
9258.000000
6424.000000
9208.000000
6368.000000
9158.000000
6310.000000
9110.000000
6253.000000
9065.000000
6199.000000
9023.000000
6149.000000
8987.000000
6103.000000
8956.000000
11551155
6477.000000
9258.000000
6424.000000
9208.000000
6368.000000
9158.000000
6310.000000
9110.000000
6253.000000
9065.000000
6199.000000
9023.000000
6149.000000
8987.000000
6103.000000
8956.000000
11551155
6621.000000
9399.000000
6570.000000
9349.000000
6515.000000
9297.000000
6457.000000
9246.000000
6398.000000
9196.000000
6340.000000
9150.000000
6285.000000
9109.000000
6234.000000
9072.000000
11551155
6621.000000
9399.000000
6570.000000
9349.000000
6515.000000
9297.000000
6457.000000
9246.000000
6398.000000
9196.000000
6340.000000
9150.000000
6285.000000
9109.000000
6234.000000
9072.000000
11551155
6621.000000
9399.000000
6570.000000
9349.000000
6515.000000
9297.000000
6457.000000
9246.000000
6398.000000
9196.000000
6340.000000
9150.000000
6285.000000
9109.000000
6234.000000
9072.000000
11551155
6605.000000
9376.000000
6547.000000
9322.000000
6487.000000
9269.000000
6426.000000
9217.000000
6366.000000
9169.000000
6308.000000
9125.000000
6254.000000
9086.000000
6206.000000
9053.000000
11551155
6605.000000
9376.000000
6547.000000
9322.000000
6487.000000
9269.000000
6426.000000
9217.000000
6366.000000
9169.000000
6308.000000
9125.000000
6254.000000
9086.000000
6206.000000
9053.000000
11551155
6585.000000
9392.000000
6541.000000
9340.000000
6488.000000
9288.000000
6431.000000
9236.000000
6372.000000
9187.000000
6315.000000
9142.000000
6261.000000
9102.000000
6211.000000
9067.000000
11551155
6585.000000
9392.000000
6541.000000
9340.000000
6488.000000
9288.000000
6431.000000
9236.000000
6372.000000
9187.000000
6315.000000
9142.000000
6261.000000
9102.000000
6211.000000
9067.000000
11551155
6585.000000
9392.000000
6541.000000
9340.000000
6488.000000
9288.000000
6431.000000
9236.000000
6372.000000
9187.000000
6315.000000
9142.000000
6261.000000
9102.000000
6211.000000
9067.000000
11551155
6513.000000
9322.000000
6459.000000
9273.000000
6403.000000
9223.000000
6346.000000
9175.000000
6289.000000
9130.000000
6235.000000
9089.000000
6185.000000
9053.000000
6139.000000
9021.000000
11551155
6513.000000
9322.000000
6459.000000
9273.000000
6403.000000
9223.000000
6346.000000
9175.000000
6289.000000
9130.000000
6235.000000
9089.000000
6185.000000
9053.000000
6139.000000
9021.000000
11551155
6465.000000
9280.000000
6408.000000
9228.000000
6350.000000
9178.000000
6292.000000
9130.000000
6235.000000
9085.000000
6182.000000
9045.000000
6133.000000
9010.000000
6089.000000
8980.000000
11551155
6465.000000
9280.000000
6408.000000
9228.000000
6350.000000
9178.000000
6292.000000
9130.000000
6235.000000
9085.000000
6182.000000
9045.000000
6133.000000
9010.000000
6089.000000
8980.000000
11551155
6465.000000
9280.000000
6408.000000
9228.000000
6350.000000
9178.000000
6292.000000
9130.000000
6235.000000
9085.000000
6182.000000
9045.000000
6133.000000
9010.000000
6089.000000
8980.000000
11551155
6450.000000
9274.000000
6393.000000
9222.000000
6334.000000
9169.000000
6274.000000
9119.000000
6215.000000
9072.000000
6159.000000
9029.000000
6107.000000
8991.000000
6060.000000
8959.000000
11551155
6450.000000
9274.000000
6393.000000
9222.000000
6334.000000
9169.000000
6274.000000
9119.000000
6215.000000
9072.000000
6159.000000
9029.000000
6107.000000
8991.000000
6060.000000
8959.000000
11551155
6405.000000
9238.000000
6352.000000
9188.000000
6296.000000
9137.000000
6239.000000
9088.000000
6182.000000
9042.000000
6127.000000
8999.000000
6076.000000
8961.000000
6029.000000
8928.000000
11551155
6405.000000
9238.000000
6352.000000
9188.000000
6296.000000
9137.000000
6239.000000
9088.000000
6182.000000
9042.000000
6127.000000
8999.000000
6076.000000
8961.000000
6029.000000
8928.000000
11551155
6405.000000
9238.000000
6352.000000
9188.000000
6296.000000
9137.000000
6239.000000
9088.000000
6182.000000
9042.000000
6127.000000
8999.000000
6076.000000
8961.000000
6029.000000
8928.000000
11551155
6364.000000
9195.000000
6305.000000
9141.000000
6244.000000
9088.000000
6184.000000
9038.000000
6126.000000
8993.000000
6071.000000
8952.000000
6021.000000
8916.000000
5977.000000
8886.000000
11551155
6364.000000
9195.000000
6305.000000
9141.000000
6244.000000
9088.000000
6184.000000
9038.000000
6126.000000
8993.000000
6071.000000
8952.000000
6021.000000
8916.000000
5977.000000
8886.000000
11551155
6391.000000
9211.000000
6331.000000
9156.000000
6270.000000
9102.000000
6208.000000
9050.000000
6148.000000
9002.000000
6091.000000
8958.000000
6039.000000
8920.000000
5992.000000
8888.000000
11551155
6391.000000
9211.000000
6331.000000
9156.000000
6270.000000
9102.000000
6208.000000
9050.000000
6148.000000
9002.000000
6091.000000
8958.000000
6039.000000
8920.000000
5992.000000
8888.000000
11551155
6391.000000
9211.000000
6331.000000
9156.000000
6270.000000
9102.000000
6208.000000
9050.000000
6148.000000
9002.000000
6091.000000
8958.000000
6039.000000
8920.000000
5992.000000
8888.000000
11551155
6392.000000
9208.000000
6333.000000
9154.000000
6272.000000
9101.000000
6211.000000
9050.000000
6151.000000
9003.000000
6095.000000
8961.000000
6044.000000
8925.000000
5998.000000
8894.000000
11551155
6392.000000
9208.000000
6333.000000
9154.000000
6272.000000
9101.000000
6211.000000
9050.000000
6151.000000
9003.000000
6095.000000
8961.000000
6044.000000
8925.000000
5998.000000
8894.000000
11551155
6480.000000
9281.000000
6419.000000
9224.000000
6355.000000
9166.000000
6290.000000
9111.000000
6162.000000
9058.000000
6103.000000
9010.000000
6076.000000
8967.000000
6039.000000
8930.000000
11551155
6480.000000
9281.000000
6419.000000
9224.000000
6355.000000
9166.000000
6290.000000
9111.000000
6162.000000
9058.000000
6103.000000
9010.000000
6076.000000
8967.000000
6039.000000
8930.000000
11551155
6480.000000
9281.000000
6419.000000
9224.000000
6355.000000
9166.000000
6290.000000
9111.000000
6162.000000
9058.000000
6103.000000
9010.000000
6076.000000
8967.000000
6039.000000
8930.000000
11551155
6472.000000
9270.000000
6408.000000
9211.000000
6342.000000
9153.000000
6276.000000
9098.000000
6211.000000
9047.000000
6150.000000
9001.000000
6095.000000
8961.000000
6046.000000
8927.000000
11551155
6472.000000
9270.000000
6408.000000
9211.000000
6342.000000
9153.000000
6276.000000
9098.000000
6211.000000
9047.000000
6150.000000
9001.000000
6095.000000
8961.000000
6046.000000
8927.000000
11551155
6448.000000
9236.000000
6385.000000
9178.000000
6320.000000
9120.000000
6254.000000
9064.000000
6190.000000
9012.000000
6129.000000
8965.000000
6072.000000
8923.000000
6021.000000
8888.000000
11551155
6448.000000
9236.000000
6385.000000
9178.000000
6320.000000
9120.000000
6254.000000
9064.000000
6190.000000
9012.000000
6129.000000
8965.000000
6072.000000
8923.000000
6021.000000
8888.000000
11551155
6448.000000
9236.000000
6385.000000
9178.000000
6320.000000
9120.000000
6254.000000
9064.000000
6190.000000
9012.000000
6129.000000
8965.000000
6072.000000
8923.000000
6021.000000
8888.000000
11551155
6470.000000
9251.000000
6409.000000
9192.000000
6345.000000
9134.000000
6280.000000
9076.000000
6215.000000
9022.000000
6152.000000
8972.000000
6094.000000
8928.000000
6040.000000
8889.000000
11551155
6470.000000
9251.000000
6409.000000
9192.000000
6345.000000
9134.000000
6280.000000
9076.000000
6215.000000
9022.000000
6152.000000
8972.000000
6094.000000
8928.000000
6040.000000
8889.000000
11551155
6425.000000
9199.000000
6360.000000
9140.000000
6293.000000
9081.000000
6227.000000
9026.000000
6163.000000
8975.000000
6103.000000
8930.000000
6048.000000
8891.000000
6000.000000
8858.000000
11551155
6425.000000
9199.000000
6360.000000
9140.000000
6293.000000
9081.000000
6227.000000
9026.000000
6163.000000
8975.000000
6103.000000
8930.000000
6048.000000
8891.000000
6000.000000
8858.000000
11551155
6425.000000
9199.000000
6360.000000
9140.000000
6293.000000
9081.000000
6227.000000
9026.000000
6163.000000
8975.000000
6103.000000
8930.000000
6048.000000
8891.000000
6000.000000
8858.000000
11551155
6498.000000
9252.000000
6433.000000
9190.000000
6365.000000
9128.000000
6296.000000
9069.000000
6227.000000
9012.000000
6096.000000
8961.000000
6040.000000
8916.000000
6015.000000
8877.000000
11551155
6498.000000
9252.000000
6433.000000
9190.000000
6365.000000
9128.000000
6296.000000
9069.000000
6227.000000
9012.000000
6096.000000
8961.000000
6040.000000
8916.000000
6015.000000
8877.000000
11551155
6452.000000
9207.000000
6390.000000
9149.000000
6325.000000
9090.000000
6259.000000
9033.000000
6194.000000
8980.000000
6132.000000
8931.000000
6074.000000
8888.000000
6022.000000
8851.000000
11551155
6452.000000
9207.000000
6390.000000
9149.000000
6325.000000
9090.000000
6259.000000
9033.000000
6194.000000
8980.000000
6132.000000
8931.000000
6074.000000
8888.000000
6022.000000
8851.000000
11551155
6452.000000
9207.000000
6390.000000
9149.000000
6325.000000
9090.000000
6259.000000
9033.000000
6194.000000
8980.000000
6132.000000
8931.000000
6074.000000
8888.000000
6022.000000
8851.000000
11551155
6391.000000
9144.000000
6325.000000
9084.000000
6258.000000
9026.000000
6192.000000
8973.000000
6129.000000
8924.000000
6071.000000
8881.000000
6018.000000
8844.000000
5972.000000
8814.000000
11551155
6391.000000
9144.000000
6325.000000
9084.000000
6258.000000
9026.000000
6192.000000
8973.000000
6129.000000
8924.000000
6071.000000
8881.000000
6018.000000
8844.000000
5972.000000
8814.000000
11551155
6543.000000
9268.000000
6478.000000
9207.000000
6409.000000
9144.000000
6339.000000
9084.000000
6269.000000
9026.000000
6202.000000
8973.000000
6139.000000
8926.000000
6081.000000
8885.000000
11551155
6543.000000
9268.000000
6478.000000
9207.000000
6409.000000
9144.000000
6339.000000
9084.000000
6269.000000
9026.000000
6202.000000
8973.000000
6139.000000
8926.000000
6081.000000
8885.000000
11551155
6543.000000
9268.000000
6478.000000
9207.000000
6409.000000
9144.000000
6339.000000
9084.000000
6269.000000
9026.000000
6202.000000
8973.000000
6139.000000
8926.000000
6081.000000
8885.000000
11551155
6512.000000
9233.000000
6444.000000
9171.000000
6374.000000
9109.000000
6305.000000
9051.000000
6238.000000
8998.000000
6174.000000
8949.000000
6116.000000
8908.000000
6064.000000
8873.000000
11551155
6512.000000
9233.000000
6444.000000
9171.000000
6374.000000
9109.000000
6305.000000
9051.000000
6238.000000
8998.000000
6174.000000
8949.000000
6116.000000
8908.000000
6064.000000
8873.000000
11551155
6594.000000
9292.000000
6526.000000
9228.000000
6455.000000
9163.000000
6381.000000
9100.000000
6236.000000
9040.000000
6169.000000
8985.000000
6138.000000
8936.000000
6096.000000
8894.000000
11551155
6594.000000
9292.000000
6526.000000
9228.000000
6455.000000
9163.000000
6381.000000
9100.000000
6236.000000
9040.000000
6169.000000
8985.000000
6138.000000
8936.000000
6096.000000
8894.000000
11551155
6594.000000
9292.000000
6526.000000
9228.000000
6455.000000
9163.000000
6381.000000
9100.000000
6236.000000
9040.000000
6169.000000
8985.000000
6138.000000
8936.000000
6096.000000
8894.000000
11551155
6613.000000
9297.000000
6546.000000
9233.000000
6474.000000
9168.000000
6400.000000
9104.000000
6327.000000
9043.000000
6255.000000
8987.000000
6188.000000
8937.000000
6126.000000
8893.000000
11551155
6613.000000
9297.000000
6546.000000
9233.000000
6474.000000
9168.000000
6400.000000
9104.000000
6327.000000
9043.000000
6255.000000
8987.000000
6188.000000
8937.000000
6126.000000
8893.000000
11551155
6550.000000
9230.000000
6478.000000
9165.000000
6404.000000
9102.000000
6331.000000
9042.000000
6261.000000
8987.000000
6195.000000
8939.000000
6136.000000
8898.000000
6084.000000
8863.000000
11551155
6550.000000
9230.000000
6478.000000
9165.000000
6404.000000
9102.000000
6331.000000
9042.000000
6261.000000
8987.000000
6195.000000
8939.000000
6136.000000
8898.000000
6084.000000
8863.000000
11551155
6550.000000
9230.000000
6478.000000
9165.000000
6404.000000
9102.000000
6331.000000
9042.000000
6261.000000
8987.000000
6195.000000
8939.000000
6136.000000
8898.000000
6084.000000
8863.000000
11551155
6623.000000
9292.000000
6555.000000
9227.000000
6482.000000
9162.000000
6407.000000
9097.000000
6333.000000
9036.000000
6261.000000
8979.000000
6193.000000
8929.000000
6131.000000
8885.000000
11551155
6623.000000
9292.000000
6555.000000
9227.000000
6482.000000
9162.000000
6407.000000
9097.000000
6333.000000
9036.000000
6261.000000
8979.000000
6193.000000
8929.000000
6131.000000
8885.000000
11551155
6480.000000
9166.000000
6410.000000
9102.000000
6338.000000
9040.000000
6266.000000
8982.000000
6197.000000
8928.000000
6133.000000
8880.000000
6075.000000
8839.000000
6023.000000
8804.000000
11551155
6480.000000
9166.000000
6410.000000
9102.000000
6338.000000
9040.000000
6266.000000
8982.000000
6197.000000
8928.000000
6133.000000
8880.000000
6075.000000
8839.000000
6023.000000
8804.000000
11551155
6480.000000
9166.000000
6410.000000
9102.000000
6338.000000
9040.000000
6266.000000
8982.000000
6197.000000
8928.000000
6133.000000
8880.000000
6075.000000
8839.000000
6023.000000
8804.000000
11551155
6436.000000
9130.000000
6373.000000
9071.000000
6307.000000
9012.000000
6240.000000
8954.000000
6173.000000
8900.000000
6109.000000
8850.000000
6050.000000
8806.000000
5996.000000
8769.000000
11551155
6436.000000
9130.000000
6373.000000
9071.000000
6307.000000
9012.000000
6240.000000
8954.000000
6173.000000
8900.000000
6109.000000
8850.000000
6050.000000
8806.000000
5996.000000
8769.000000
11551155
6283.000000
8990.000000
6225.000000
8937.000000
6166.000000
8885.000000
6106.000000
8835.000000
6048.000000
8788.000000
5993.000000
8747.000000
5943.000000
8710.000000
5898.000000
8679.000000
11551155
6283.000000
8990.000000
6225.000000
8937.000000
6166.000000
8885.000000
6106.000000
8835.000000
6048.000000
8788.000000
5993.000000
8747.000000
5943.000000
8710.000000
5898.000000
8679.000000
11551155
6283.000000
8990.000000
6225.000000
8937.000000
6166.000000
8885.000000
6106.000000
8835.000000
6048.000000
8788.000000
5993.000000
8747.000000
5943.000000
8710.000000
5898.000000
8679.000000
11551155
6282.000000
8963.000000
6225.000000
8910.000000
6165.000000
8856.000000
6044.000000
8804.000000
5986.000000
8756.000000
5958.000000
8712.000000
5920.000000
8673.000000
5880.000000
8640.000000
11551155
6282.000000
8963.000000
6225.000000
8910.000000
6165.000000
8856.000000
6044.000000
8804.000000
5986.000000
8756.000000
5958.000000
8712.000000
5920.000000
8673.000000
5880.000000
8640.000000
11551155
6341.000000
8987.000000
6283.000000
8931.000000
6221.000000
8875.000000
6157.000000
8819.000000
6092.000000
8765.000000
6030.000000
8716.000000
5971.000000
8671.000000
5918.000000
8633.000000
11551155
6341.000000
8987.000000
6283.000000
8931.000000
6221.000000
8875.000000
6157.000000
8819.000000
6092.000000
8765.000000
6030.000000
8716.000000
5971.000000
8671.000000
5918.000000
8633.000000
11551155
6341.000000
8987.000000
6283.000000
8931.000000
6221.000000
8875.000000
6157.000000
8819.000000
6092.000000
8765.000000
6030.000000
8716.000000
5971.000000
8671.000000
5918.000000
8633.000000
11551155
6246.000000
8877.000000
6184.000000
8822.000000
6121.000000
8768.000000
6059.000000
8718.000000
5999.000000
8672.000000
5944.000000
8632.000000
5895.000000
8597.000000
5852.000000
8569.000000
11551155
6246.000000
8877.000000
6184.000000
8822.000000
6121.000000
8768.000000
6059.000000
8718.000000
5999.000000
8672.000000
5944.000000
8632.000000
5895.000000
8597.000000
5852.000000
8569.000000
11551155
6389.000000
8975.000000
6326.000000
8916.000000
6259.000000
8856.000000
6190.000000
8798.000000
6122.000000
8743.000000
6057.000000
8693.000000
5996.000000
8648.000000
5940.000000
8609.000000
11551155
6389.000000
8975.000000
6326.000000
8916.000000
6259.000000
8856.000000
6190.000000
8798.000000
6122.000000
8743.000000
6057.000000
8693.000000
5996.000000
8648.000000
5940.000000
8609.000000
11551155
6389.000000
8975.000000
6326.000000
8916.000000
6259.000000
8856.000000
6190.000000
8798.000000
6122.000000
8743.000000
6057.000000
8693.000000
5996.000000
8648.000000
5940.000000
8609.000000
11551155
6394.000000
8956.000000
6324.000000
8893.000000
6252.000000
8831.000000
6179.000000
8772.000000
6109.000000
8717.000000
6043.000000
8669.000000
5982.000000
8627.000000
5928.000000
8591.000000
11551155
6394.000000
8956.000000
6324.000000
8893.000000
6252.000000
8831.000000
6179.000000
8772.000000
6109.000000
8717.000000
6043.000000
8669.000000
5982.000000
8627.000000
5928.000000
8591.000000
11551155
6413.000000
8979.000000
6353.000000
8918.000000
6287.000000
8857.000000
6218.000000
8799.000000
6150.000000
8744.000000
6085.000000
8695.000000
6024.000000
8652.000000
5970.000000
8615.000000
11551155
6413.000000
8979.000000
6353.000000
8918.000000
6287.000000
8857.000000
6218.000000
8799.000000
6150.000000
8744.000000
6085.000000
8695.000000
6024.000000
8652.000000
5970.000000
8615.000000
11551155
6413.000000
8979.000000
6353.000000
8918.000000
6287.000000
8857.000000
6218.000000
8799.000000
6150.000000
8744.000000
6085.000000
8695.000000
6024.000000
8652.000000
5970.000000
8615.000000
11551155
6533.000000
9065.000000
6468.000000
9003.000000
6398.000000
8940.000000
6325.000000
8877.000000
6252.000000
8816.000000
6180.000000
8760.000000
6112.000000
8710.000000
6050.000000
8665.000000
11551155
6533.000000
9065.000000
6468.000000
9003.000000
6398.000000
8940.000000
6325.000000
8877.000000
6252.000000
8816.000000
6180.000000
8760.000000
6112.000000
8710.000000
6050.000000
8665.000000
11551155
6535.000000
9064.000000
6467.000000
9000.000000
6395.000000
8937.000000
6321.000000
8874.000000
6248.000000
8814.000000
6177.000000
8760.000000
6110.000000
8711.000000
6049.000000
8669.000000
11551155
6535.000000
9064.000000
6467.000000
9000.000000
6395.000000
8937.000000
6321.000000
8874.000000
6248.000000
8814.000000
6177.000000
8760.000000
6110.000000
8711.000000
6049.000000
8669.000000
11551155
6535.000000
9064.000000
6467.000000
9000.000000
6395.000000
8937.000000
6321.000000
8874.000000
6248.000000
8814.000000
6177.000000
8760.000000
6110.000000
8711.000000
6049.000000
8669.000000
11551155
6594.000000
9115.000000
6529.000000
9053.000000
6389.000000
8988.000000
6313.000000
8924.000000
6275.000000
8863.000000
6220.000000
8805.000000
6160.000000
8753.000000
6100.000000
8707.000000
11551155
6594.000000
9115.000000
6529.000000
9053.000000
6389.000000
8988.000000
6313.000000
8924.000000
6275.000000
8863.000000
6220.000000
8805.000000
6160.000000
8753.000000
6100.000000
8707.000000
11551155
6591.000000
9115.000000
6525.000000
9052.000000
6454.000000
8989.000000
6381.000000
8925.000000
6307.000000
8864.000000
6235.000000
8807.000000
6166.000000
8756.000000
6103.000000
8711.000000
11551155
6591.000000
9115.000000
6525.000000
9052.000000
6454.000000
8989.000000
6381.000000
8925.000000
6307.000000
8864.000000
6235.000000
8807.000000
6166.000000
8756.000000
6103.000000
8711.000000
11551155
6591.000000
9115.000000
6525.000000
9052.000000
6454.000000
8989.000000
6381.000000
8925.000000
6307.000000
8864.000000
6235.000000
8807.000000
6166.000000
8756.000000
6103.000000
8711.000000
11551155
6524.000000
9052.000000
6452.000000
8987.000000
6378.000000
8924.000000
6304.000000
8863.000000
6231.000000
8806.000000
6163.000000
8755.000000
6100.000000
8711.000000
6044.000000
8673.000000
11551155
6524.000000
9052.000000
6452.000000
8987.000000
6378.000000
8924.000000
6304.000000
8863.000000
6231.000000
8806.000000
6163.000000
8755.000000
6100.000000
8711.000000
6044.000000
8673.000000
11551155
6671.000000
9185.000000
6605.000000
9121.000000
6533.000000
9055.000000
6457.000000
8989.000000
6380.000000
8925.000000
6304.000000
8865.000000
6231.000000
8809.000000
6163.000000
8761.000000
11551155
6671.000000
9185.000000
6605.000000
9121.000000
6533.000000
9055.000000
6457.000000
8989.000000
6380.000000
8925.000000
6304.000000
8865.000000
6231.000000
8809.000000
6163.000000
8761.000000
11551155
6671.000000
9185.000000
6605.000000
9121.000000
6533.000000
9055.000000
6457.000000
8989.000000
6380.000000
8925.000000
6304.000000
8865.000000
6231.000000
8809.000000
6163.000000
8761.000000
11551155
6563.000000
9088.000000
6493.000000
9024.000000
6419.000000
8961.000000
6345.000000
8900.000000
6272.000000
8843.000000
6203.000000
8792.000000
6139.000000
8746.000000
6081.000000
8708.000000
11551155
6563.000000
9088.000000
6493.000000
9024.000000
6419.000000
8961.000000
6345.000000
8900.000000
6272.000000
8843.000000
6203.000000
8792.000000
6139.000000
8746.000000
6081.000000
8708.000000
11551155
6579.000000
9106.000000
6508.000000
9041.000000
6434.000000
8977.000000
6359.000000
8915.000000
6285.000000
8858.000000
6214.000000
8805.000000
6148.000000
8759.000000
6089.000000
8719.000000
11551155
6579.000000
9106.000000
6508.000000
9041.000000
6434.000000
8977.000000
6359.000000
8915.000000
6285.000000
8858.000000
6214.000000
8805.000000
6148.000000
8759.000000
6089.000000
8719.000000
11551155
6579.000000
9106.000000
6508.000000
9041.000000
6434.000000
8977.000000
6359.000000
8915.000000
6285.000000
8858.000000
6214.000000
8805.000000
6148.000000
8759.000000
6089.000000
8719.000000
11551155
6658.000000
9179.000000
6592.000000
9117.000000
6520.000000
9053.000000
6445.000000
8988.000000
6369.000000
8926.000000
6294.000000
8867.000000
6222.000000
8814.000000
6155.000000
8766.000000
11551155
6658.000000
9179.000000
6592.000000
9117.000000
6520.000000
9053.000000
6445.000000
8988.000000
6369.000000
8926.000000
6294.000000
8867.000000
6222.000000
8814.000000
6155.000000
8766.000000
11551155
6572.000000
9115.000000
6506.000000
9054.000000
6436.000000
8992.000000
6364.000000
8932.000000
6292.000000
8875.000000
6223.000000
8822.000000
6158.000000
8775.000000
6099.000000
8734.000000
11551155
6572.000000
9115.000000
6506.000000
9054.000000
6436.000000
8992.000000
6364.000000
8932.000000
6292.000000
8875.000000
6223.000000
8822.000000
6158.000000
8775.000000
6099.000000
8734.000000
11551155
6572.000000
9115.000000
6506.000000
9054.000000
6436.000000
8992.000000
6364.000000
8932.000000
6292.000000
8875.000000
6223.000000
8822.000000
6158.000000
8775.000000
6099.000000
8734.000000
11551155
6584.000000
9124.000000
6516.000000
9061.000000
6444.000000
8997.000000
6370.000000
8936.000000
6224.000000
8878.000000
6156.000000
8824.000000
6125.000000
8776.000000
6082.000000
8735.000000
11551155
6584.000000
9124.000000
6516.000000
9061.000000
6444.000000
8997.000000
6370.000000
8936.000000
6224.000000
8878.000000
6156.000000
8824.000000
6125.000000
8776.000000
6082.000000
8735.000000
11551155
6608.000000
9139.000000
6539.000000
9076.000000
6465.000000
9012.000000
6390.000000
8950.000000
6315.000000
8891.000000
6243.000000
8837.000000
6176.000000
8789.000000
6114.000000
8747.000000
11551155
6608.000000
9139.000000
6539.000000
9076.000000
6465.000000
9012.000000
6390.000000
8950.000000
6315.000000
8891.000000
6243.000000
8837.000000
6176.000000
8789.000000
6114.000000
8747.000000
11551155
6608.000000
9139.000000
6539.000000
9076.000000
6465.000000
9012.000000
6390.000000
8950.000000
6315.000000
8891.000000
6243.000000
8837.000000
6176.000000
8789.000000
6114.000000
8747.000000
11551155
6685.000000
9208.000000
6615.000000
9144.000000
6541.000000
9078.000000
6464.000000
9013.000000
6387.000000
8951.000000
6312.000000
8892.000000
6241.000000
8840.000000
6175.000000
8794.000000
11551155
6685.000000
9208.000000
6615.000000
9144.000000
6541.000000
9078.000000
6464.000000
9013.000000
6387.000000
8951.000000
6312.000000
8892.000000
6241.000000
8840.000000
6175.000000
8794.000000
11551155
6685.000000
9208.000000
6615.000000
9144.000000
6541.000000
9078.000000
6464.000000
9013.000000
6387.000000
8951.000000
6312.000000
8892.000000
6241.000000
8840.000000
6175.000000
8794.000000
11551155
6728.000000
9243.000000
6660.000000
9179.000000
6586.000000
9114.000000
6510.000000
9049.000000
6433.000000
8986.000000
6357.000000
8927.000000
6285.000000
8874.000000
6218.000000
8827.000000
11551155
6728.000000
9243.000000
6660.000000
9179.000000
6586.000000
9114.000000
6510.000000
9049.000000
6433.000000
8986.000000
6357.000000
8927.000000
6285.000000
8874.000000
6218.000000
8827.000000
11551155
6817.000000
9314.000000
6752.000000
9251.000000
6680.000000
9185.000000
6604.000000
9118.000000
6525.000000
9052.000000
6447.000000
8989.000000
6371.000000
8931.000000
6299.000000
8879.000000
11551155
6817.000000
9314.000000
6752.000000
9251.000000
6680.000000
9185.000000
6604.000000
9118.000000
6525.000000
9052.000000
6447.000000
8989.000000
6371.000000
8931.000000
6299.000000
8879.000000
11551155
6817.000000
9314.000000
6752.000000
9251.000000
6680.000000
9185.000000
6604.000000
9118.000000
6525.000000
9052.000000
6447.000000
8989.000000
6371.000000
8931.000000
6299.000000
8879.000000
11551155
6814.000000
9299.000000
6742.000000
9233.000000
6665.000000
9166.000000
6586.000000
9100.000000
6506.000000
9036.000000
6427.000000
8976.000000
6352.000000
8922.000000
6283.000000
8874.000000
11551155
6814.000000
9299.000000
6742.000000
9233.000000
6665.000000
9166.000000
6586.000000
9100.000000
6506.000000
9036.000000
6427.000000
8976.000000
6352.000000
8922.000000
6283.000000
8874.000000
11551155
6802.000000
9293.000000
6734.000000
9230.000000
6661.000000
9165.000000
6585.000000
9101.000000
6508.000000
9038.000000
6433.000000
8980.000000
6361.000000
8927.000000
6294.000000
8880.000000
11551155
6802.000000
9293.000000
6734.000000
9230.000000
6661.000000
9165.000000
6585.000000
9101.000000
6508.000000
9038.000000
6433.000000
8980.000000
6361.000000
8927.000000
6294.000000
8880.000000
11551155
6802.000000
9293.000000
6734.000000
9230.000000
6661.000000
9165.000000
6585.000000
9101.000000
6508.000000
9038.000000
6433.000000
8980.000000
6361.000000
8927.000000
6294.000000
8880.000000
11551155
6826.000000
9305.000000
6756.000000
9240.000000
6681.000000
9174.000000
6602.000000
9108.000000
6523.000000
9045.000000
6445.000000
8985.000000
6371.000000
8930.000000
6302.000000
8883.000000
11551155
6826.000000
9305.000000
6756.000000
9240.000000
6681.000000
9174.000000
6602.000000
9108.000000
6523.000000
9045.000000
6445.000000
8985.000000
6371.000000
8930.000000
6302.000000
8883.000000
11551155
6821.000000
9301.000000
6751.000000
9236.000000
6676.000000
9170.000000
6598.000000
9104.000000
6519.000000
9040.000000
6442.000000
8980.000000
6368.000000
8926.000000
6299.000000
8878.000000
11551155
6821.000000
9301.000000
6751.000000
9236.000000
6676.000000
9170.000000
6598.000000
9104.000000
6519.000000
9040.000000
6442.000000
8980.000000
6368.000000
8926.000000
6299.000000
8878.000000
11551155
6821.000000
9301.000000
6751.000000
9236.000000
6676.000000
9170.000000
6598.000000
9104.000000
6519.000000
9040.000000
6442.000000
8980.000000
6368.000000
8926.000000
6299.000000
8878.000000
11551155
6806.000000
9294.000000
6741.000000
9233.000000
6671.000000
9170.000000
6597.000000
9105.000000
6521.000000
9042.000000
6445.000000
8982.000000
6372.000000
8927.000000
6304.000000
8877.000000
11551155
6806.000000
9294.000000
6741.000000
9233.000000
6671.000000
9170.000000
6597.000000
9105.000000
6521.000000
9042.000000
6445.000000
8982.000000
6372.000000
8927.000000
6304.000000
8877.000000
11551155
6732.000000
9215.000000
6660.000000
9150.000000
6585.000000
9085.000000
6508.000000
9021.000000
6432.000000
8960.000000
6358.000000
8904.000000
6289.000000
8854.000000
6225.000000
8810.000000
11551155
6732.000000
9215.000000
6660.000000
9150.000000
6585.000000
9085.000000
6508.000000
9021.000000
6432.000000
8960.000000
6358.000000
8904.000000
6289.000000
8854.000000
6225.000000
8810.000000
11551155
6732.000000
9215.000000
6660.000000
9150.000000
6585.000000
9085.000000
6508.000000
9021.000000
6432.000000
8960.000000
6358.000000
8904.000000
6289.000000
8854.000000
6225.000000
8810.000000
11551155
6643.000000
9196.000000
6604.000000
9132.000000
6545.000000
9066.000000
6475.000000
9002.000000
6402.000000
8941.000000
6330.000000
8885.000000
6261.000000
8834.000000
6198.000000
8790.000000
11551155
6643.000000
9196.000000
6604.000000
9132.000000
6545.000000
9066.000000
6475.000000
9002.000000
6402.000000
8941.000000
6330.000000
8885.000000
6261.000000
8834.000000
6198.000000
8790.000000
11551155
6675.000000
9174.000000
6611.000000
9114.000000
6541.000000
9052.000000
6469.000000
8991.000000
6396.000000
8931.000000
6325.000000
8876.000000
6257.000000
8826.000000
6194.000000
8781.000000
11551155
6675.000000
9174.000000
6611.000000
9114.000000
6541.000000
9052.000000
6469.000000
8991.000000
6396.000000
8931.000000
6325.000000
8876.000000
6257.000000
8826.000000
6194.000000
8781.000000
11551155
6675.000000
9174.000000
6611.000000
9114.000000
6541.000000
9052.000000
6469.000000
8991.000000
6396.000000
8931.000000
6325.000000
8876.000000
6257.000000
8826.000000
6194.000000
8781.000000
11551155
6669.000000
9158.000000
6597.000000
9094.000000
6521.000000
9029.000000
6444.000000
8966.000000
6368.000000
8906.000000
6295.000000
8851.000000
6227.000000
8801.000000
6165.000000
8759.000000
11551155
6669.000000
9158.000000
6597.000000
9094.000000
6521.000000
9029.000000
6444.000000
8966.000000
6368.000000
8906.000000
6295.000000
8851.000000
6227.000000
8801.000000
6165.000000
8759.000000
11551155
6702.000000
9182.000000
6632.000000
9118.000000
6558.000000
9052.000000
6481.000000
8988.000000
6405.000000
8926.000000
6330.000000
8869.000000
6259.000000
8817.000000
6194.000000
8773.000000
11551155
6702.000000
9182.000000
6632.000000
9118.000000
6558.000000
9052.000000
6481.000000
8988.000000
6405.000000
8926.000000
6330.000000
8869.000000
6259.000000
8817.000000
6194.000000
8773.000000
11551155
6702.000000
9182.000000
6632.000000
9118.000000
6558.000000
9052.000000
6481.000000
8988.000000
6405.000000
8926.000000
6330.000000
8869.000000
6259.000000
8817.000000
6194.000000
8773.000000
11551155
6673.000000
9154.000000
6604.000000
9091.000000
6531.000000
9028.000000
6456.000000
8965.000000
6381.000000
8906.000000
6308.000000
8851.000000
6240.000000
8801.000000
6177.000000
8759.000000
11551155
6673.000000
9154.000000
6604.000000
9091.000000
6531.000000
9028.000000
6456.000000
8965.000000
6381.000000
8906.000000
6308.000000
8851.000000
6240.000000
8801.000000
6177.000000
8759.000000
11551155
6582.000000
9126.000000
6502.000000
9060.000000
6461.000000
8994.000000
6402.000000
8932.000000
6335.000000
8874.000000
6267.000000
8821.000000
6203.000000
8776.000000
6145.000000
8737.000000
11551155
6582.000000
9126.000000
6502.000000
9060.000000
6461.000000
8994.000000
6402.000000
8932.000000
6335.000000
8874.000000
6267.000000
8821.000000
6203.000000
8776.000000
6145.000000
8737.000000
11551155
6582.000000
9126.000000
6502.000000
9060.000000
6461.000000
8994.000000
6402.000000
8932.000000
6335.000000
8874.000000
6267.000000
8821.000000
6203.000000
8776.000000
6145.00000

