11551155
8261.000000
10014.000000
8181.000000
9947.000000
8094.000000
9879.000000
8003.000000
9810.000000
7818.000000
9744.000000
7727.000000
9681.000000
7685.000000
9624.000000
7626.000000
9574.000000
11551155
8286.000000
10030.000000
8208.000000
9965.000000
8123.000000
9898.000000
8032.000000
9829.000000
7939.000000
9761.000000
7846.000000
9697.000000
7756.000000
9637.000000
7672.000000
9585.000000
11551155
8286.000000
10030.000000
8208.000000
9965.000000
8123.000000
9898.000000
8032.000000
9829.000000
7939.000000
9761.000000
7846.000000
9697.000000
7756.000000
9637.000000
7672.000000
9585.000000
11551155
8292.000000
10025.000000
8215.000000
9959.000000
8130.000000
9891.000000
8039.000000
9822.000000
7946.000000
9756.000000
7855.000000
9694.000000
7767.000000
9637.000000
7685.000000
9588.000000
11551155
8292.000000
10025.000000
8215.000000
9959.000000
8130.000000
9891.000000
8039.000000
9822.000000
7946.000000
9756.000000
7855.000000
9694.000000
7767.000000
9637.000000
7685.000000
9588.000000
11551155
8431.000000
10127.000000
8363.000000
10065.000000
8285.000000
9998.000000
8198.000000
9928.000000
8105.000000
9857.000000
8009.000000
9786.000000
7913.000000
9720.000000
7819.000000
9658.000000
11551155
8431.000000
10127.000000
8363.000000
10065.000000
8285.000000
9998.000000
8198.000000
9928.000000
8105.000000
9857.000000
8009.000000
9786.000000
7913.000000
9720.000000
7819.000000
9658.000000
11551155
8431.000000
10127.000000
8363.000000
10065.000000
8285.000000
9998.000000
8198.000000
9928.000000
8105.000000
9857.000000
8009.000000
9786.000000
7913.000000
9720.000000
7819.000000
9658.000000
11551155
8324.000000
10028.000000
8241.000000
9959.000000
8150.000000
9887.000000
8054.000000
9815.000000
7955.000000
9745.000000
7858.000000
9680.000000
7765.000000
9620.000000
7679.000000
9568.000000
11551155
8324.000000
10028.000000
8241.000000
9959.000000
8150.000000
9887.000000
8054.000000
9815.000000
7955.000000
9745.000000
7858.000000
9680.000000
7765.000000
9620.000000
7679.000000
9568.000000
11551155
8458.000000
10131.000000
8388.000000
10069.000000
8308.000000
10001.000000
8220.000000
9930.000000
8126.000000
9857.000000
8028.000000
9786.000000
7930.000000
9718.000000
7836.000000
9655.000000
11551155
8458.000000
10131.000000
8388.000000
10069.000000
8308.000000
10001.000000
8220.000000
9930.000000
8126.000000
9857.000000
8028.000000
9786.000000
7930.000000
9718.000000
7836.000000
9655.000000
11551155
8458.000000
10131.000000
8388.000000
10069.000000
8308.000000
10001.000000
8220.000000
9930.000000
8126.000000
9857.000000
8028.000000
9786.000000
7930.000000
9718.000000
7836.000000
9655.000000
11551155
8456.000000
10116.000000
8382.000000
10051.000000
8298.000000
9982.000000
8207.000000
9910.000000
8110.000000
9837.000000
8012.000000
9767.000000
7915.000000
9701.000000
7821.000000
9641.000000
11551155
8456.000000
10116.000000
8382.000000
10051.000000
8298.000000
9982.000000
8207.000000
9910.000000
8110.000000
9837.000000
8012.000000
9767.000000
7915.000000
9701.000000
7821.000000
9641.000000
11551155
8429.000000
10104.000000
8365.000000
10038.000000
8285.000000
9967.000000
8195.000000
9895.000000
8098.000000
9822.000000
7999.000000
9751.000000
7901.000000
9686.000000
7808.000000
9626.000000
11551155
8429.000000
10104.000000
8365.000000
10038.000000
8285.000000
9967.000000
8195.000000
9895.000000
8098.000000
9822.000000
7999.000000
9751.000000
7901.000000
9686.000000
7808.000000
9626.000000
11551155
8429.000000
10104.000000
8365.000000
10038.000000
8285.000000
9967.000000
8195.000000
9895.000000
8098.000000
9822.000000
7999.000000
9751.000000
7901.000000
9686.000000
7808.000000
9626.000000
11551155
8499.000000
10137.000000
8429.000000
10075.000000
8348.000000
10007.000000
8258.000000
9935.000000
8162.000000
9862.000000
8063.000000
9791.000000
7964.000000
9723.000000
7868.000000
9660.000000
11551155
8499.000000
10137.000000
8429.000000
10075.000000
8348.000000
10007.000000
8258.000000
9935.000000
8162.000000
9862.000000
8063.000000
9791.000000
7964.000000
9723.000000
7868.000000
9660.000000
11551155
8503.000000
10127.000000
8429.000000
10062.000000
8344.000000
9992.000000
8251.000000
9919.000000
8154.000000
9846.000000
8054.000000
9775.000000
7955.000000
9709.000000
7860.000000
9648.000000
11551155
8503.000000
10127.000000
8429.000000
10062.000000
8344.000000
9992.000000
8251.000000
9919.000000
8154.000000
9846.000000
8054.000000
9775.000000
7955.000000
9709.000000
7860.000000
9648.000000
11551155
8503.000000
10127.000000
8429.000000
10062.000000
8344.000000
9992.000000
8251.000000
9919.000000
8154.000000
9846.000000
8054.000000
9775.000000
7955.000000
9709.000000
7860.000000
9648.000000
11551155
8545.000000
10164.000000
8476.000000
10100.000000
8395.000000
10031.000000
8305.000000
9957.000000
8208.000000
9881.000000
8107.000000
9806.000000
8005.000000
9734.000000
7905.000000
9667.000000
11551155
8545.000000
10164.000000
8476.000000
10100.000000
8395.000000
10031.000000
8305.000000
9957.000000
8208.000000
9881.000000
8107.000000
9806.000000
8005.000000
9734.000000
7905.000000
9667.000000
11551155
8491.000000
10113.000000
8416.000000
10047.000000
8331.000000
9975.000000
8237.000000
9901.000000
8137.000000
9825.000000
8034.000000
9751.000000
7931.000000
9680.000000
7831.000000
9615.000000
11551155
8491.000000
10113.000000
8416.000000
10047.000000
8331.000000
9975.000000
8237.000000
9901.000000
8137.000000
9825.000000
8034.000000
9751.000000
7931.000000
9680.000000
7831.000000
9615.000000
11551155
8491.000000
10113.000000
8416.000000
10047.000000
8331.000000
9975.000000
8237.000000
9901.000000
8137.000000
9825.000000
8034.000000
9751.000000
7931.000000
9680.000000
7831.000000
9615.000000
11551155
8405.000000
10035.000000
8320.000000
9964.000000
8227.000000
9889.000000
8127.000000
9814.000000
8024.000000
9739.000000
7922.000000
9669.000000
7823.000000
9604.000000
7729.000000
9545.000000
11551155
8405.000000
10035.000000
8320.000000
9964.000000
8227.000000
9889.000000
8127.000000
9814.000000
8024.000000
9739.000000
7922.000000
9669.000000
7823.000000
9604.000000
7729.000000
9545.000000
11551155
8473.000000
10088.000000
8398.000000
10022.000000
8313.000000
9951.000000
8220.000000
9878.000000
8121.000000
9803.000000
8020.000000
9730.000000
7919.000000
9662.000000
7821.000000
9599.000000
11551155
8473.000000
10088.000000
8398.000000
10022.000000
8313.000000
9951.000000
8220.000000
9878.000000
8121.000000
9803.000000
8020.000000
9730.000000
7919.000000
9662.000000
7821.000000
9599.000000
11551155
8473.000000
10088.000000
8398.000000
10022.000000
8313.000000
9951.000000
8220.000000
9878.000000
8121.000000
9803.000000
8020.000000
9730.000000
7919.000000
9662.000000
7821.000000
9599.000000
11551155
8428.000000
10042.000000
8345.000000
9972.000000
8253.000000
9898.000000
8155.000000
9824.000000
8054.000000
9750.000000
7952.000000
9679.000000
7852.000000
9613.000000
7758.000000
9555.000000
11551155
8428.000000
10042.000000
8345.000000
9972.000000
8253.000000
9898.000000
8155.000000
9824.000000
8054.000000
9750.000000
7952.000000
9679.000000
7852.000000
9613.000000
7758.000000
9555.000000
11551155
8457.000000
10116.000000
8415.000000
10053.000000
8348.000000
9985.000000
8265.000000
9913.000000
8172.000000
9839.000000
8074.000000
9768.000000
7975.000000
9699.000000
7878.000000
9636.000000
11551155
8457.000000
10116.000000
8415.000000
10053.000000
8348.000000
9985.000000
8265.000000
9913.000000
8172.000000
9839.000000
8074.000000
9768.000000
7975.000000
9699.000000
7878.000000
9636.000000
11551155
8457.000000
10116.000000
8415.000000
10053.000000
8348.000000
9985.000000
8265.000000
9913.000000
8172.000000
9839.000000
8074.000000
9768.000000
7975.000000
9699.000000
7878.000000
9636.000000
11551155
8619.000000
10193.000000
8557.000000
10137.000000
8484.000000
10074.000000
8401.000000
10006.000000
8310.000000
9935.000000
8213.000000
9863.000000
8113.000000
9793.000000
8014.000000
9725.000000
11551155
8619.000000
10193.000000
8557.000000
10137.000000
8484.000000
10074.000000
8401.000000
10006.000000
8310.000000
9935.000000
8213.000000
9863.000000
8113.000000
9793.000000
8014.000000
9725.000000
11551155
8559.000000
10129.000000
8482.000000
10064.000000
8395.000000
9994.000000
8301.000000
9922.000000
8203.000000
9850.000000
8103.000000
9780.000000
8004.000000
9715.000000
7910.000000
9655.000000
11551155
8559.000000
10129.000000
8482.000000
10064.000000
8395.000000
9994.000000
8301.000000
9922.000000
8203.000000
9850.000000
8103.000000
9780.000000
8004.000000
9715.000000
7910.000000
9655.000000
11551155
8559.000000
10129.000000
8482.000000
10064.000000
8395.000000
9994.000000
8301.000000
9922.000000
8203.000000
9850.000000
8103.000000
9780.000000
8004.000000
9715.000000
7910.000000
9655.000000
11551155
8509.000000
10139.000000
8420.000000
10073.000000
8372.000000
10003.000000
8298.000000
9932.000000
8210.000000
9862.000000
8117.000000
9794.000000
8023.000000
9730.000000
7933.000000
9673.000000
11551155
8509.000000
10139.000000
8420.000000
10073.000000
8372.000000
10003.000000
8298.000000
9932.000000
8210.000000
9862.000000
8117.000000
9794.000000
8023.000000
9730.000000
7933.000000
9673.000000
11551155
8745.000000
10273.000000
8689.000000
10221.000000
8622.000000
10162.000000
8544.000000
10098.000000
8458.000000
10030.000000
8366.000000
9961.000000
8271.000000
9894.000000
8175.000000
9828.000000
11551155
8745.000000
10273.000000
8689.000000
10221.000000
8622.000000
10162.000000
8544.000000
10098.000000
8458.000000
10030.000000
8366.000000
9961.000000
8271.000000
9894.000000
8175.000000
9828.000000
11551155
8745.000000
10273.000000
8689.000000
10221.000000
8622.000000
10162.000000
8544.000000
10098.000000
8458.000000
10030.000000
8366.000000
9961.000000
8271.000000
9894.000000
8175.000000
9828.000000
11551155
8636.000000
10169.000000
8557.000000
10104.000000
8470.000000
10036.000000
8377.000000
9967.000000
8282.000000
9900.000000
8188.000000
9836.000000
8096.000000
9777.000000
8010.000000
9725.000000
11551155
8636.000000
10169.000000
8557.000000
10104.000000
8470.000000
10036.000000
8377.000000
9967.000000
8282.000000
9900.000000
8188.000000
9836.000000
8096.000000
9777.000000
8010.000000
9725.000000
11551155
8735.000000
10243.000000
8666.000000
10182.000000
8508.000000
10117.000000
8413.000000
10048.000000
8364.000000
9979.000000
8291.000000
9911.000000
8207.000000
9846.000000
8120.000000
9786.000000
11551155
8735.000000
10243.000000
8666.000000
10182.000000
8508.000000
10117.000000
8413.000000
10048.000000
8364.000000
9979.000000
8291.000000
9911.000000
8207.000000
9846.000000
8120.000000
9786.000000
11551155
8735.000000
10243.000000
8666.000000
10182.000000
8508.000000
10117.000000
8413.000000
10048.000000
8364.000000
9979.000000
8291.000000
9911.000000
8207.000000
9846.000000
8120.000000
9786.000000
11551155
8783.000000
10276.000000
8718.000000
10218.000000
8643.000000
10154.000000
8559.000000
10087.000000
8468.000000
10018.000000
8372.000000
9949.000000
8276.000000
9883.000000
8181.000000
9821.000000
11551155
8783.000000
10276.000000
8718.000000
10218.000000
8643.000000
10154.000000
8559.000000
10087.000000
8468.000000
10018.000000
8372.000000
9949.000000
8276.000000
9883.000000
8181.000000
9821.000000
11551155
8686.000000
10191.000000
8608.000000
10126.000000
8521.000000
10058.000000
8428.000000
9988.000000
8332.000000
9919.000000
8236.000000
9853.000000
8142.000000
9792.000000
8052.000000
9737.000000
11551155
8686.000000
10191.000000
8608.000000
10126.000000
8521.000000
10058.000000
8428.000000
9988.000000
8332.000000
9919.000000
8236.000000
9853.000000
8142.000000
9792.000000
8052.000000
9737.000000
11551155
8686.000000
10191.000000
8608.000000
10126.000000
8521.000000
10058.000000
8428.000000
9988.000000
8332.000000
9919.000000
8236.000000
9853.000000
8142.000000
9792.000000
8052.000000
9737.000000
11551155
8715.000000
10216.000000
8643.000000
10154.000000
8561.000000
10087.000000
8471.000000
10017.000000
8376.000000
9947.000000
8279.000000
9877.000000
8182.000000
9812.000000
7994.000000
9752.000000
11551155
8715.000000
10216.000000
8643.000000
10154.000000
8561.000000
10087.000000
8471.000000
10017.000000
8376.000000
9947.000000
8279.000000
9877.000000
8182.000000
9812.000000
7994.000000
9752.000000
11551155
8714.000000
10212.000000
8642.000000
10150.000000
8560.000000
10083.000000
8470.000000
10013.000000
8375.000000
9943.000000
8278.000000
9875.000000
8182.000000
9810.000000
8089.000000
9751.000000
11551155
8714.000000
10212.000000
8642.000000
10150.000000
8560.000000
10083.000000
8470.000000
10013.000000
8375.000000
9943.000000
8278.000000
9875.000000
8182.000000
9810.000000
8089.000000
9751.000000
11551155
8714.000000
10212.000000
8642.000000
10150.000000
8560.000000
10083.000000
8470.000000
10013.000000
8375.000000
9943.000000
8278.000000
9875.000000
8182.000000
9810.000000
8089.000000
9751.000000
11551155
8722.000000
10210.000000
8649.000000
10148.000000
8566.000000
10081.000000
8476.000000
10013.000000
8382.000000
9945.000000
8286.000000
9878.000000
8191.000000
9816.000000
8100.000000
9759.000000
11551155
8722.000000
10210.000000
8649.000000
10148.000000
8566.000000
10081.000000
8476.000000
10013.000000
8382.000000
9945.000000
8286.000000
9878.000000
8191.000000
9816.000000
8100.000000
9759.000000
11551155
8776.000000
10253.000000
8709.000000
10194.000000
8632.000000
10130.000000
8546.000000
10063.000000
8454.000000
9993.000000
8358.000000
9924.000000
8262.000000
9858.000000
8168.000000
9796.000000
11551155
8776.000000
10253.000000
8709.000000
10194.000000
8632.000000
10130.000000
8546.000000
10063.000000
8454.000000
9993.000000
8358.000000
9924.000000
8262.000000
9858.000000
8168.000000
9796.000000
11551155
8776.000000
10253.000000
8709.000000
10194.000000
8632.000000
10130.000000
8546.000000
10063.000000
8454.000000
9993.000000
8358.000000
9924.000000
8262.000000
9858.000000
8168.000000
9796.000000
11551155
8786.000000
10258.000000
8721.000000
10201.000000
8645.000000
10138.000000
8561.000000
10071.000000
8470.000000
10002.000000
8374.000000
9934.000000
8278.000000
9868.000000
8183.000000
9805.000000
11551155
8786.000000
10258.000000
8721.000000
10201.000000
8645.000000
10138.000000
8561.000000
10071.000000
8470.000000
10002.000000
8374.000000
9934.000000
8278.000000
9868.000000
8183.000000
9805.000000
11551155
8796.000000
10254.000000
8729.000000
10196.000000
8653.000000
10133.000000
8568.000000
10067.000000
8478.000000
10000.000000
8385.000000
9935.000000
8291.000000
9872.000000
8200.000000
9815.000000
11551155
8796.000000
10254.000000
8729.000000
10196.000000
8653.000000
10133.000000
8568.000000
10067.000000
8478.000000
10000.000000
8385.000000
9935.000000
8291.000000
9872.000000
8200.000000
9815.000000
11551155
8796.000000
10254.000000
8729.000000
10196.000000
8653.000000
10133.000000
8568.000000
10067.000000
8478.000000
10000.000000
8385.000000
9935.000000
8291.000000
9872.000000
8200.000000
9815.000000
11551155
8812.000000
10265.000000
8744.000000
10206.000000
8666.000000
10143.000000
8580.000000
10076.000000
8489.000000
10008.000000
8395.000000
9942.000000
8301.000000
9879.000000
8209.000000
9820.000000
11551155
8812.000000
10265.000000
8744.000000
10206.000000
8666.000000
10143.000000
8580.000000
10076.000000
8489.000000
10008.000000
8395.000000
9942.000000
8301.000000
9879.000000
8209.000000
9820.000000
11551155
8782.000000
10233.000000
8710.000000
10173.000000
8629.000000
10109.000000
8540.000000
10043.000000
8448.000000
9976.000000
8354.000000
9912.000000
8261.000000
9852.000000
8172.000000
9797.000000
11551155
8782.000000
10233.000000
8710.000000
10173.000000
8629.000000
10109.000000
8540.000000
10043.000000
8448.000000
9976.000000
8354.000000
9912.000000
8261.000000
9852.000000
8172.000000
9797.000000
11551155
8782.000000
10233.000000
8710.000000
10173.000000
8629.000000
10109.000000
8540.000000
10043.000000
8448.000000
9976.000000
8354.000000
9912.000000
8261.000000
9852.000000
8172.000000
9797.000000
11551155
8793.000000
10238.000000
8719.000000
10176.000000
8636.000000
10111.000000
8547.000000
10044.000000
8455.000000
9978.000000
8362.000000
9914.000000
8271.000000
9855.000000
8184.000000
9801.000000
11551155
8793.000000
10238.000000
8719.000000
10176.000000
8636.000000
10111.000000
8547.000000
10044.000000
8455.000000
9978.000000
8362.000000
9914.000000
8271.000000
9855.000000
8184.000000
9801.000000
11551155
8861.000000
10290.000000
8796.000000
10234.000000
8721.000000
10171.000000
8638.000000
10106.000000
8549.000000
10039.000000
8456.000000
9972.000000
8362.000000
9909.000000
8269.000000
9849.000000
11551155
8861.000000
10290.000000
8796.000000
10234.000000
8721.000000
10171.000000
8638.000000
10106.000000
8549.000000
10039.000000
8456.000000
9972.000000
8362.000000
9909.000000
8269.000000
9849.000000
11551155
8861.000000
10290.000000
8796.000000
10234.000000
8721.000000
10171.000000
8638.000000
10106.000000
8549.000000
10039.000000
8456.000000
9972.000000
8362.000000
9909.000000
8269.000000
9849.000000
11551155
8778.000000
10215.000000
8701.000000
10151.000000
8615.000000
10084.000000
8523.000000
10016.000000
8427.000000
9947.000000
8331.000000
9882.000000
8237.000000
9820.000000
8147.000000
9765.000000
11551155
8778.000000
10215.000000
8701.000000
10151.000000
8615.000000
10084.000000
8523.000000
10016.000000
8427.000000
9947.000000
8331.000000
9882.000000
8237.000000
9820.000000
8147.000000
9765.000000
11551155
8769.000000
10232.000000
8709.000000
10170.000000
8633.000000
10104.000000
8547.000000
10035.000000
8454.000000
9966.000000
8358.000000
9898.000000
8263.000000
9835.000000
8171.000000
9776.000000
11551155
8769.000000
10232.000000
8709.000000
10170.000000
8633.000000
10104.000000
8547.000000
10035.000000
8454.000000
9966.000000
8358.000000
9898.000000
8263.000000
9835.000000
8171.000000
9776.000000
11551155
8769.000000
10232.000000
8709.000000
10170.000000
8633.000000
10104.000000
8547.000000
10035.000000
8454.000000
9966.000000
8358.000000
9898.000000
8263.000000
9835.000000
8171.000000
9776.000000
11551155
8815.000000
10252.000000
8748.000000
10193.000000
8671.000000
10129.000000
8585.000000
10062.000000
8493.000000
9992.000000
8397.000000
9924.000000
8300.000000
9858.000000
8205.000000
9796.000000
11551155
8815.000000
10252.000000
8748.000000
10193.000000
8671.000000
10129.000000
8585.000000
10062.000000
8493.000000
9992.000000
8397.000000
9924.000000
8300.000000
9858.000000
8205.000000
9796.000000
11551155
8712.000000
10161.000000
8632.000000
10095.000000
8544.000000
10026.000000
8450.000000
9956.000000
8353.000000
9886.000000
8255.000000
9820.000000
8160.000000
9758.000000
8070.000000
9703.000000
11551155
8712.000000
10161.000000
8632.000000
10095.000000
8544.000000
10026.000000
8450.000000
9956.000000
8353.000000
9886.000000
8255.000000
9820.000000
8160.000000
9758.000000
8070.000000
9703.000000
11551155
8712.000000
10161.000000
8632.000000
10095.000000
8544.000000
10026.000000
8450.000000
9956.000000
8353.000000
9886.000000
8255.000000
9820.000000
8160.000000
9758.000000
8070.000000
9703.000000
11551155
8789.000000
10227.000000
8723.000000
10168.000000
8646.000000
10104.000000
8559.000000
10035.000000
8466.000000
9966.000000
8369.000000
9896.000000
8173.000000
9829.000000
8078.000000
9766.000000
11551155
8789.000000
10227.000000
8723.000000
10168.000000
8646.000000
10104.000000
8559.000000
10035.000000
8466.000000
9966.000000
8369.000000
9896.000000
8173.000000
9829.000000
8078.000000
9766.000000
11551155
8775.000000
10212.000000
8707.000000
10153.000000
8629.000000
10089.000000
8542.000000
10021.000000
8449.000000
9952.000000
8353.000000
9884.000000
8257.000000
9818.000000
8163.000000
9758.000000
11551155
8775.000000
10212.000000
8707.000000
10153.000000
8629.000000
10089.000000
8542.000000
10021.000000
8449.000000
9952.000000
8353.000000
9884.000000
8257.000000
9818.000000
8163.000000
9758.000000
11551155
8775.000000
10212.000000
8707.000000
10153.000000
8629.000000
10089.000000
8542.000000
10021.000000
8449.000000
9952.000000
8353.000000
9884.000000
8257.000000
9818.000000
8163.000000
9758.000000
11551155
8752.000000
10185.000000
8677.000000
10122.000000
8593.000000
10054.000000
8502.000000
9984.000000
8405.000000
9913.000000
8307.000000
9845.000000
8210.000000
9781.000000
8116.000000
9722.000000
11551155
8752.000000
10185.000000
8677.000000
10122.000000
8593.000000
10054.000000
8502.000000
9984.000000
8405.000000
9913.000000
8307.000000
9845.000000
8210.000000
9781.000000
8116.000000
9722.000000
11551155
8802.000000
10228.000000
8738.000000
10170.000000
8663.000000
10107.000000
8579.000000
10040.000000
8488.000000
9971.000000
8392.000000
9902.000000
8295.000000
9836.000000
8200.000000
9774.000000
11551155
8802.000000
10228.000000
8738.000000
10170.000000
8663.000000
10107.000000
8579.000000
10040.000000
8488.000000
9971.000000
8392.000000
9902.000000
8295.000000
9836.000000
8200.000000
9774.000000
11551155
8802.000000
10228.000000
8738.000000
10170.000000
8663.000000
10107.000000
8579.000000
10040.000000
8488.000000
9971.000000
8392.000000
9902.000000
8295.000000
9836.000000
8200.000000
9774.000000
11551155
8781.000000
10201.000000
8709.000000
10141.000000
8628.000000
10076.000000
8539.000000
10008.000000
8446.000000
9941.000000
8351.000000
9876.000000
8257.000000
9814.000000
8167.000000
9758.000000
11551155
8781.000000
10201.000000
8709.000000
10141.000000
8628.000000
10076.000000
8539.000000
10008.000000
8446.000000
9941.000000
8351.000000
9876.000000
8257.000000
9814.000000
8167.000000
9758.000000
11551155
8791.000000
10203.000000
8717.000000
10141.000000
8634.000000
10076.000000
8544.000000
10009.000000
8450.000000
9942.000000
8355.000000
9878.000000
8262.000000
9818.000000
8173.000000
9763.000000
11551155
8791.000000
10203.000000
8717.000000
10141.000000
8634.000000
10076.000000
8544.000000
10009.000000
8450.000000
9942.000000
8355.000000
9878.000000
8262.000000
9818.000000
8173.000000
9763.000000
11551155
8791.000000
10203.000000
8717.000000
10141.000000
8634.000000
10076.000000
8544.000000
10009.000000
8450.000000
9942.000000
8355.000000
9878.000000
8262.000000
9818.000000
8173.000000
9763.000000
11551155
8855.000000
10254.000000
8791.000000
10197.000000
8716.000000
10135.000000
8632.000000
10069.000000
8542.000000
10001.000000
8447.000000
9934.000000
8351.000000
9870.000000
8257.000000
9810.000000
11551155
8855.000000
10254.000000
8791.000000
10197.000000
8716.000000
10135.000000
8632.000000
10069.000000
8542.000000
10001.000000
8447.000000
9934.000000
8351.000000
9870.000000
8257.000000
9810.000000
11551155
8776.000000
10183.000000
8697.000000
10119.000000
8611.000000
10052.000000
8519.000000
9983.000000
8424.000000
9916.000000
8328.000000
9851.000000
8236.000000
9792.000000
8149.000000
9738.000000
11551155
8776.000000
10183.000000
8697.000000
10119.000000
8611.000000
10052.000000
8519.000000
9983.000000
8424.000000
9916.000000
8328.000000
9851.000000
8236.000000
9792.000000
8149.000000
9738.000000
11551155
8776.000000
10183.000000
8697.000000
10119.000000
8611.000000
10052.000000
8519.000000
9983.000000
8424.000000
9916.000000
8328.000000
9851.000000
8236.000000
9792.000000
8149.000000
9738.000000
11551155
8832.000000
10230.000000
8761.000000
10169.000000
8681.000000
10105.000000
8505.000000
10037.000000
8407.000000
9969.000000
8357.000000
9902.000000
8285.000000
9839.000000
8204.000000
9781.000000
11551155
8832.000000
10230.000000
8761.000000
10169.000000
8681.000000
10105.000000
8505.000000
10037.000000
8407.000000
9969.000000
8357.000000
9902.000000
8285.000000
9839.000000
8204.000000
9781.000000
11551155
8771.000000
10177.000000
8692.000000
10112.000000
8604.000000
10043.000000
8510.000000
9973.000000
8412.000000
9903.000000
8313.000000
9835.000000
8217.000000
9772.000000
8125.000000
9715.000000
11551155
8771.000000
10177.000000
8692.000000
10112.000000
8604.000000
10043.000000
8510.000000
9973.000000
8412.000000
9903.000000
8313.000000
9835.000000
8217.000000
9772.000000
8125.000000
9715.000000
11551155
8771.000000
10177.000000
8692.000000
10112.000000
8604.000000
10043.000000
8510.000000
9973.000000
8412.000000
9903.000000
8313.000000
9835.000000
8217.000000
9772.000000
8125.000000
9715.000000
11551155
8695.000000
10111.000000
8611.000000
10044.000000
8519.000000
9973.000000
8421.000000
9902.000000
8321.000000
9834.000000
8222.000000
9769.000000
8127.000000
9709.000000
8038.000000
9657.000000
11551155
8695.000000
10111.000000
8611.000000
10044.000000
8519.000000
9973.000000
8421.000000
9902.000000
8321.000000
9834.000000
8222.000000
9769.000000
8127.000000
9709.000000
8038.000000
9657.000000
11551155
8773.000000
10172.000000
8699.000000
10109.000000
8614.000000
10041.000000
8522.000000
9970.000000
8425.000000
9899.000000
8325.000000
9830.000000
8226.000000
9765.000000
8131.000000
9705.000000
11551155
8773.000000
10172.000000
8699.000000
10109.000000
8614.000000
10041.000000
8522.000000
9970.000000
8425.000000
9899.000000
8325.000000
9830.000000
8226.000000
9765.000000
8131.000000
9705.000000
11551155
8773.000000
10172.000000
8699.000000
10109.000000
8614.000000
10041.000000
8522.000000
9970.000000
8425.000000
9899.000000
8325.000000
9830.000000
8226.000000
9765.000000
8131.000000
9705.000000
11551155
8693.000000
10107.000000
8610.000000
10039.000000
8519.000000
9968.000000
8422.000000
9896.000000
8322.000000
9826.000000
8222.000000
9760.000000
8125.000000
9699.000000
8034.000000
9645.000000
11551155
8693.000000
10107.000000
8610.000000
10039.000000
8519.000000
9968.000000
8422.000000
9896.000000
8322.000000
9826.000000
8222.000000
9760.000000
8125.000000
9699.000000
8034.000000
9645.000000
11551155
8653.000000
10125.000000
8565.000000
10059.000000
8516.000000
9990.000000
8441.000000
9918.000000
8352.000000
9846.000000
8256.000000
9777.000000
8159.000000
9712.000000
8065.000000
9653.000000
11551155
8653.000000
10125.000000
8565.000000
10059.000000
8516.000000
9990.000000
8441.000000
9918.000000
8352.000000
9846.000000
8256.000000
9777.000000
8159.000000
9712.000000
8065.000000
9653.000000
11551155
8653.000000
10125.000000
8565.000000
10059.000000
8516.000000
9990.000000
8441.000000
9918.000000
8352.000000
9846.000000
8256.000000
9777.000000
8159.000000
9712.000000
8065.000000
9653.000000
11551155
8770.000000
10161.000000
8700.000000
10100.000000
8619.000000
10034.000000
8528.000000
9963.000000
8430.000000
9891.000000
8329.000000
9819.000000
8227.000000
9750.000000
8127.000000
9686.000000
11551155
8770.000000
10161.000000
8700.000000
10100.000000
8619.000000
10034.000000
8528.000000
9963.000000
8430.000000
9891.000000
8329.000000
9819.000000
8227.000000
9750.000000
8127.000000
9686.000000
11551155
8668.000000
10078.000000
8584.000000
10010.000000
8491.000000
9938.000000
8393.000000
9865.000000
8291.000000
9794.000000
8190.000000
9725.000000
8091.000000
9662.000000
7999.000000
9605.000000
11551155
8668.000000
10078.000000
8584.000000
10010.000000
8491.000000
9938.000000
8393.000000
9865.000000
8291.000000
9794.000000
8190.000000
9725.000000
8091.000000
9662.000000
7999.000000
9605.000000
11551155
8668.000000
10078.000000
8584.000000
10010.000000
8491.000000
9938.000000
8393.000000
9865.000000
8291.000000
9794.000000
8190.000000
9725.000000
8091.000000
9662.000000
7999.000000
9605.000000
11551155
8740.000000
10136.000000
8666.000000
10072.000000
8581.000000
10003.000000
8487.000000
9931.000000
8287.000000
9857.000000
8181.000000
9785.000000
8130.000000
9716.000000
8056.000000
9652.000000
11551155
8740.000000
10136.000000
8666.000000
10072.000000
8581.000000
10003.000000
8487.000000
9931.000000
8287.000000
9857.000000
8181.000000
9785.000000
8130.000000
9716.000000
8056.000000
9652.000000
11551155
8781.000000
10173.000000
8716.000000
10114.000000
8639.000000
10049.000000
8553.000000
9980.000000
8459.000000
9908.000000
8359.000000
9835.000000
8258.000000
9765.000000
8157.000000
9699.000000
11551155
8781.000000
10173.000000
8716.000000
10114.000000
8639.000000
10049.000000
8553.000000
9980.000000
8459.000000
9908.000000
8359.000000
9835.000000
8258.000000
9765.000000
8157.000000
9699.000000
11551155
8781.000000
10173.000000
8716.000000
10114.000000
8639.000000
10049.000000
8553.000000
9980.000000
8459.000000
9908.000000
8359.000000
9835.000000
8258.000000
9765.000000
8157.000000
9699.000000
11551155
8759.000000
10151.000000
8689.000000
10089.000000
8608.000000
10023.000000
8518.000000
9952.000000
8423.000000
9881.000000
8324.000000
9810.000000
8225.000000
9743.000000
8129.000000
9681.000000
11551155
8759.000000
10151.000000
8689.000000
10089.000000
8608.000000
10023.000000
8518.000000
9952.000000
8423.000000
9881.000000
8324.000000
9810.000000
8225.000000
9743.000000
8129.000000
9681.000000
11551155
8816.000000
10188.000000
8751.000000
10131.000000
8675.000000
10067.000000
8589.000000
9999.000000
8403.000000
9929.000000
8301.000000
9859.000000
8250.000000
9790.000000
8176.000000
9726.000000
11551155
8816.000000
10188.000000
8751.000000
10131.000000
8675.000000
10067.000000
8589.000000
9999.000000
8403.000000
9929.000000
8301.000000
9859.000000
8250.000000
9790.000000
8176.000000
9726.000000
11551155
8816.000000
10188.000000
8751.000000
10131.000000
8675.000000
10067.000000
8589.000000
9999.000000
8403.000000
9929.000000
8301.000000
9859.000000
8250.000000
9790.000000
8176.000000
9726.000000
11551155
8819.000000
10182.000000
8752.000000
10124.000000
8673.000000
10060.000000
8586.000000
9992.000000
8492.000000
9922.000000
8393.000000
9853.000000
8294.000000
9786.000000
8197.000000
9724.000000
11551155
8819.000000
10182.000000
8752.000000
10124.000000
8673.000000
10060.000000
8586.000000
9992.000000
8492.000000
9922.000000
8393.000000
9853.000000
8294.000000
9786.000000
8197.000000
9724.000000
11551155
8812.000000
10172.000000
8741.000000
10112.000000
8660.000000
10047.000000
8570.000000
9978.000000
8475.000000
9909.000000
8377.000000
9842.000000
8280.000000
9777.000000
8186.000000
9719.000000
11551155
8812.000000
10172.000000
8741.000000
10112.000000
8660.000000
10047.000000
8570.000000
9978.000000
8475.000000
9909.000000
8377.000000
9842.000000
8280.000000
9777.000000
8186.000000
9719.000000
11551155
8812.000000
10172.000000
8741.000000
10112.000000
8660.000000
10047.000000
8570.000000
9978.000000
8475.000000
9909.000000
8377.000000
9842.000000
8280.000000
9777.000000
8186.000000
9719.000000
11551155
8841.000000
10194.000000
8771.000000
10134.000000
8691.000000
10069.000000
8602.000000
10000.000000
8506.000000
9929.000000
8407.000000
9859.000000
8207.000000
9792.000000
8113.000000
9729.000000
11551155
8841.000000
10194.000000
8771.000000
10134.000000
8691.000000
10069.000000
8602.000000
10000.000000
8506.000000
9929.000000
8407.000000
9859.000000
8207.000000
9792.000000
8113.000000
9729.000000
11551155
8868.000000
10211.000000
8805.000000
10154.000000
8731.000000
10091.000000
8647.000000
10024.000000
8554.000000
9953.000000
8456.000000
9882.000000
8356.000000
9813.000000
8257.000000
9747.000000
11551155
8868.000000
10211.000000
8805.000000
10154.000000
8731.000000
10091.000000
8647.000000
10024.000000
8554.000000
9953.000000
8456.000000
9882.000000
8356.000000
9813.000000
8257.000000
9747.000000
11551155
8868.000000
10211.000000
8805.000000
10154.000000
8731.000000
10091.000000
8647.000000
10024.000000
8554.000000
9953.000000
8456.000000
9882.000000
8356.000000
9813.000000
8257.000000
9747.000000
11551155
8715.000000
10076.000000
8632.000000
10009.000000
8541.000000
9940.000000
8445.000000
9870.000000
8346.000000
9802.000000
8248.000000
9737.000000
8153.000000
9677.000000
8064.000000
9624.000000
11551155
8715.000000
10076.000000
8632.000000
10009.000000
8541.000000
9940.000000
8445.000000
9870.000000
8346.000000
9802.000000
8248.000000
9737.000000
8153.000000
9677.000000
8064.000000
9624.000000
11551155
8749.000000
10097.000000
8677.000000
10036.000000
8595.000000
9969.000000
8504.000000
9899.000000
8407.000000
9828.000000
8307.000000
9759.000000
8206.000000
9692.000000
8108.000000
9630.000000
11551155
8749.000000
10097.000000
8677.000000
10036.000000
8595.000000
9969.000000
8504.000000
9899.000000
8407.000000
9828.000000
8307.000000
9759.000000
8206.000000
9692.000000
8108.000000
9630.000000
11551155
8749.000000
10097.000000
8677.000000
10036.000000
8595.000000
9969.000000


