11551155
8407.000000
10294.000000
8343.000000
10235.000000
8270.000000
10171.000000
8188.000000
10104.000000
8101.000000
10035.000000
8011.000000
9968.000000
7922.000000
9905.000000
7836.000000
9848.000000
11551155
8415.000000
10337.000000
8373.000000
10272.000000
8306.000000
10203.000000
8225.000000
10132.000000
8136.000000
10062.000000
8044.000000
9994.000000
7954.000000
9931.000000
7868.000000
9875.000000
11551155
8415.000000
10337.000000
8373.000000
10272.000000
8306.000000
10203.000000
8225.000000
10132.000000
8136.000000
10062.000000
8044.000000
9994.000000
7954.000000
9931.000000
7868.000000
9875.000000
11551155
8505.000000
10365.000000
8432.000000
10301.000000
8351.000000
10232.000000
8262.000000
10161.000000
8170.000000
10091.000000
8077.000000
10024.000000
7986.000000
9962.000000
7900.000000
9907.000000
11551155
8505.000000
10365.000000
8432.000000
10301.000000
8351.000000
10232.000000
8262.000000
10161.000000
8170.000000
10091.000000
8077.000000
10024.000000
7986.000000
9962.000000
7900.000000
9907.000000
11551155
8505.000000
10365.000000
8432.000000
10301.000000
8351.000000
10232.000000
8262.000000
10161.000000
8170.000000
10091.000000
8077.000000
10024.000000
7986.000000
9962.000000
7900.000000
9907.000000
11551155
8573.000000
10411.000000
8500.000000
10346.000000
8418.000000
10277.000000
8329.000000
10207.000000
8236.000000
10137.000000
8142.000000
10071.000000
8051.000000
10009.000000
7965.000000
9955.000000
11551155
8573.000000
10411.000000
8500.000000
10346.000000
8418.000000
10277.000000
8329.000000
10207.000000
8236.000000
10137.000000
8142.000000
10071.000000
8051.000000
10009.000000
7965.000000
9955.000000
11551155
8682.000000
10498.000000
8617.000000
10438.000000
8542.000000
10373.000000
8458.000000
10304.000000
8368.000000
10234.000000
8275.000000
10165.000000
8181.000000
10100.000000
8090.000000
10040.000000
11551155
8682.000000
10498.000000
8617.000000
10438.000000
8542.000000
10373.000000
8458.000000
10304.000000
8368.000000
10234.000000
8275.000000
10165.000000
8181.000000
10100.000000
8090.000000
10040.000000
11551155
8682.000000
10498.000000
8617.000000
10438.000000
8542.000000
10373.000000
8458.000000
10304.000000
8368.000000
10234.000000
8275.000000
10165.000000
8181.000000
10100.000000
8090.000000
10040.000000
11551155
8643.000000
10457.000000
8567.000000
10391.000000
8482.000000
10320.000000
8390.000000
10248.000000
8295.000000
10178.000000
8200.000000
10110.000000
8107.000000
10049.000000
8020.000000
9994.000000
11551155
8643.000000
10457.000000
8567.000000
10391.000000
8482.000000
10320.000000
8390.000000
10248.000000
8295.000000
10178.000000
8200.000000
10110.000000
8107.000000
10049.000000
8020.000000
9994.000000
11551155
8635.000000
10452.000000
8558.000000
10386.000000
8472.000000
10316.000000
8381.000000
10245.000000
8287.000000
10176.000000
8193.000000
10111.000000
8103.000000
10053.000000
8019.000000
10001.000000
11551155
8635.000000
10452.000000
8558.000000
10386.000000
8472.000000
10316.000000
8381.000000
10245.000000
8287.000000
10176.000000
8193.000000
10111.000000
8103.000000
10053.000000
8019.000000
10001.000000
11551155
8635.000000
10452.000000
8558.000000
10386.000000
8472.000000
10316.000000
8381.000000
10245.000000
8287.000000
10176.000000
8193.000000
10111.000000
8103.000000
10053.000000
8019.000000
10001.000000
11551155
8649.000000
10466.000000
8576.000000
10402.000000
8494.000000
10334.000000
8406.000000
10264.000000
8315.000000
10195.000000
8223.000000
10130.000000
8134.000000
10071.000000
8051.000000
10018.000000
11551155
8649.000000
10466.000000
8576.000000
10402.000000
8494.000000
10334.000000
8406.000000
10264.000000
8315.000000
10195.000000
8223.000000
10130.000000
8134.000000
10071.000000
8051.000000
10018.000000
11551155
8548.000000
10381.000000
8461.000000
10311.000000
8368.000000
10239.000000
8273.000000
10170.000000
8178.000000
10104.000000
8087.000000
10045.000000
8003.000000
9993.000000
7928.000000
9949.000000
11551155
8548.000000
10381.000000
8461.000000
10311.000000
8368.000000
10239.000000
8273.000000
10170.000000
8178.000000
10104.000000
8087.000000
10045.000000
8003.000000
9993.000000
7928.000000
9949.000000
11551155
8531.000000
10380.000000
8448.000000
10312.000000
8359.000000
10242.000000
8266.000000
10174.000000
8173.000000
10109.000000
8083.000000
10049.000000
7999.000000
9996.000000
7923.000000
9950.000000
11551155
8531.000000
10380.000000
8448.000000
10312.000000
8359.000000
10242.000000
8266.000000
10174.000000
8173.000000
10109.000000
8083.000000
10049.000000
7999.000000
9996.000000
7923.000000
9950.000000
11551155
8531.000000
10380.000000
8448.000000
10312.000000
8359.000000
10242.000000
8266.000000
10174.000000
8173.000000
10109.000000
8083.000000
10049.000000
7999.000000
9996.000000
7923.000000
9950.000000
11551155
8547.000000
10388.000000
8464.000000
10320.000000
8375.000000
10250.000000
8282.000000
10181.000000
8189.000000
10116.000000
8099.000000
10057.000000
8015.000000
10005.000000
7939.000000
9960.000000
11551155
8547.000000
10388.000000
8464.000000
10320.000000
8375.000000
10250.000000
8282.000000
10181.000000
8189.000000
10116.000000
8099.000000
10057.000000
8015.000000
10005.000000
7939.000000
9960.000000
11551155
8516.000000
10364.000000
8433.000000
10294.000000
8343.000000
10225.000000
8250.000000
10157.000000
8158.000000
10094.000000
8070.000000
10037.000000
7989.000000
9987.000000
7917.000000
9946.000000
11551155
8516.000000
10364.000000
8433.000000
10294.000000
8343.000000
10225.000000
8250.000000
10157.000000
8158.000000
10094.000000
8070.000000
10037.000000
7989.000000
9987.000000
7917.000000
9946.000000
11551155
8516.000000
10364.000000
8433.000000
10294.000000
8343.000000
10225.000000
8250.000000
10157.000000
8158.000000
10094.000000
8070.000000
10037.000000
7989.000000
9987.000000
7917.000000
9946.000000
11551155
8564.000000
10405.000000
8483.000000
10336.000000
8394.000000
10266.000000
8301.000000
10197.000000
8207.000000
10130.000000
8115.000000
10069.000000
8028.000000
10014.000000
7949.000000
9967.000000
11551155
8564.000000
10405.000000
8483.000000
10336.000000
8394.000000
10266.000000
8301.000000
10197.000000
8207.000000
10130.000000
8115.000000
10069.000000
8028.000000
10014.000000
7949.000000
9967.000000
11551155
8528.000000
10373.000000
8443.000000
10305.000000
8352.000000
10235.000000
8258.000000
10167.000000
8165.000000
10103.000000
8075.000000
10045.000000
7992.000000
9995.000000
7918.000000
9952.000000
11551155
8528.000000
10373.000000
8443.000000
10305.000000
8352.000000
10235.000000
8258.000000
10167.000000
8165.000000
10103.000000
8075.000000
10045.000000
7992.000000
9995.000000
7918.000000
9952.000000
11551155
8528.000000
10373.000000
8443.000000
10305.000000
8352.000000
10235.000000
8258.000000
10167.000000
8165.000000
10103.000000
8075.000000
10045.000000
7992.000000
9995.000000
7918.000000
9952.000000
11551155
8566.000000
10421.000000
8488.000000
10355.000000
8403.000000
10287.000000
8313.000000
10218.000000
8221.000000
10152.000000
8131.000000
10091.000000
8046.000000
10036.000000
7967.000000
9988.000000
11551155
8566.000000
10421.000000
8488.000000
10355.000000
8403.000000
10287.000000
8313.000000
10218.000000
8221.000000
10152.000000
8131.000000
10091.000000
8046.000000
10036.000000
7967.000000
9988.000000
11551155
8552.000000
10400.000000
8468.000000
10331.000000
8378.000000
10261.000000
8284.000000
10191.000000
8190.000000
10125.000000
8099.000000
10065.000000
8013.000000
10012.000000
7936.000000
9967.000000
11551155
8552.000000
10400.000000
8468.000000
10331.000000
8378.000000
10261.000000
8284.000000
10191.000000
8190.000000
10125.000000
8099.000000
10065.000000
8013.000000
10012.000000
7936.000000
9967.000000
11551155
8538.000000
10446.000000
8494.000000
10379.000000
8425.000000
10310.000000
8342.000000
10240.000000
8252.000000
10172.000000
8161.000000
10108.000000
8072.000000
10051.000000
7990.000000
10000.000000
11551155
8538.000000
10446.000000
8494.000000
10379.000000
8425.000000
10310.000000
8342.000000
10240.000000
8252.000000
10172.000000
8161.000000
10108.000000
8072.000000
10051.000000
7990.000000
10000.000000
11551155
8538.000000
10446.000000
8494.000000
10379.000000
8425.000000
10310.000000
8342.000000
10240.000000
8252.000000
10172.000000
8161.000000
10108.000000
8072.000000
10051.000000
7990.000000
10000.000000
11551155
8627.000000
10463.000000
8551.000000
10398.000000
8466.000000
10329.000000
8376.000000
10261.000000
8283.000000
10194.000000
8191.000000
10131.000000
8103.000000
10075.000000
8022.000000
10026.000000
11551155
8627.000000
10463.000000
8551.000000
10398.000000
8466.000000
10329.000000
8376.000000
10261.000000
8283.000000
10194.000000
8191.000000
10131.000000
8103.000000
10075.000000
8022.000000
10026.000000
11551155
8579.000000
10415.000000
8490.000000
10344.000000
8396.000000
10273.000000
8300.000000
10203.000000
8205.000000
10139.000000
8114.000000
10080.000000
8030.000000
10029.000000
7955.000000
9987.000000
11551155
8579.000000
10415.000000
8490.000000
10344.000000
8396.000000
10273.000000
8300.000000
10203.000000
8205.000000
10139.000000
8114.000000
10080.000000
8030.000000
10029.000000
7955.000000
9987.000000
11551155
8579.000000
10415.000000
8490.000000
10344.000000
8396.000000
10273.000000
8300.000000
10203.000000
8205.000000
10139.000000
8114.000000
10080.000000
8030.000000
10029.000000
7955.000000
9987.000000
11551155
8615.000000
10448.000000
8534.000000
10380.000000
8445.000000
10310.000000
8351.000000
10241.000000
8256.000000
10174.000000
8163.000000
10112.000000
8074.000000
10056.000000
7993.000000
10007.000000
11551155
8615.000000
10448.000000
8534.000000
10380.000000
8445.000000
10310.000000
8351.000000
10241.000000
8256.000000
10174.000000
8163.000000
10112.000000
8074.000000
10056.000000
7993.000000
10007.000000
11551155
8598.000000
10433.000000
8514.000000
10365.000000
8424.000000
10296.000000
8331.000000
10228.000000
8238.000000
10163.000000
8148.000000
10104.000000
8064.000000
10052.000000
7988.000000
10008.000000
11551155
8598.000000
10433.000000
8514.000000
10365.000000
8424.000000
10296.000000
8331.000000
10228.000000
8238.000000
10163.000000
8148.000000
10104.000000
8064.000000
10052.000000
7988.000000
10008.000000
11551155
8598.000000
10433.000000
8514.000000
10365.000000
8424.000000
10296.000000
8331.000000
10228.000000
8238.000000
10163.000000
8148.000000
10104.000000
8064.000000
10052.000000
7988.000000
10008.000000
11551155
8578.000000
10414.000000
8491.000000
10344.000000
8398.000000
10274.000000
8303.000000
10207.000000
8210.000000
10144.000000
8120.000000
10086.000000
8037.000000
10037.000000
7963.000000
9995.000000
11551155
8578.000000
10414.000000
8491.000000
10344.000000
8398.000000
10274.000000
8303.000000
10207.000000
8210.000000
10144.000000
8120.000000
10086.000000
8037.000000
10037.000000
7963.000000
9995.000000
11551155
8673.000000
10499.000000
8598.000000
10435.000000
8515.000000
10367.000000
8425.000000
10297.000000
8332.000000
10230.000000
8239.000000
10165.000000
8148.000000
10107.000000
8064.000000
10055.000000
11551155
8673.000000
10499.000000
8598.000000
10435.000000
8515.000000
10367.000000
8425.000000
10297.000000
8332.000000
10230.000000
8239.000000
10165.000000
8148.000000
10107.000000
8064.000000
10055.000000
11551155
8673.000000
10499.000000
8598.000000
10435.000000
8515.000000
10367.000000
8425.000000
10297.000000
8332.000000
10230.000000
8239.000000
10165.000000
8148.000000
10107.000000
8064.000000
10055.000000
11551155
8715.000000
10519.000000
8636.000000
10453.000000
8548.000000
10384.000000
8455.000000
10314.000000
8360.000000
10246.000000
8266.000000
10183.000000
8176.000000
10126.000000
8092.000000
10076.000000
11551155
8715.000000
10519.000000
8636.000000
10453.000000
8548.000000
10384.000000
8455.000000
10314.000000
8360.000000
10246.000000
8266.000000
10183.000000
8176.000000
10126.000000
8092.000000
10076.000000
11551155
8714.000000
10568.000000
8628.000000
10503.000000
8580.000000
10435.000000
8508.000000
10365.000000
8422.000000
10296.000000
8331.000000
10231.000000
8241.000000
10171.000000
8155.000000
10118.000000
11551155
8714.000000
10568.000000
8628.000000
10503.000000
8580.000000
10435.000000
8508.000000
10365.000000
8422.000000
10296.000000
8331.000000
10231.000000
8241.000000
10171.000000
8155.000000
10118.000000
11551155
8714.000000
10568.000000
8628.000000
10503.000000
8580.000000
10435.000000
8508.000000
10365.000000
8422.000000
10296.000000
8331.000000
10231.000000
8241.000000
10171.000000
8155.000000
10118.000000
11551155
8822.000000
10608.000000
8752.000000
10546.000000
8672.000000
10478.000000
8584.000000
10408.000000
8490.000000
10338.000000
8394.000000
10270.000000
8300.000000
10206.000000
8210.000000
10148.000000
11551155
8822.000000
10608.000000
8752.000000
10546.000000
8672.000000
10478.000000
8584.000000
10408.000000
8490.000000
10338.000000
8394.000000
10270.000000
8300.000000
10206.000000
8210.000000
10148.000000
11551155
8762.000000
10552.000000
8682.000000
10484.000000
8594.000000
10414.000000
8501.000000
10344.000000
8405.000000
10276.000000
8311.000000
10213.000000
8221.000000
10156.000000
8138.000000
10107.000000
11551155
8762.000000
10552.000000
8682.000000
10484.000000
8594.000000
10414.000000
8501.000000
10344.000000
8405.000000
10276.000000
8311.000000
10213.000000
8221.000000
10156.000000
8138.000000
10107.000000
11551155
8762.000000
10552.000000
8682.000000
10484.000000
8594.000000
10414.000000
8501.000000
10344.000000
8405.000000
10276.000000
8311.000000
10213.000000
8221.000000
10156.000000
8138.000000
10107.000000
11551155
8772.000000
10568.000000
8698.000000
10504.000000
8615.000000
10436.000000
8525.000000
10367.000000
8432.000000
10299.000000
8339.000000
10234.000000
8160.000000
10174.000000
8080.000000
10122.000000
11551155
8772.000000
10568.000000
8698.000000
10504.000000
8615.000000
10436.000000
8525.000000
10367.000000
8432.000000
10299.000000
8339.000000
10234.000000
8160.000000
10174.000000
8080.000000
10122.000000
11551155
8715.000000
10512.000000
8635.000000
10445.000000
8547.000000
10376.000000
8454.000000
10307.000000
8359.000000
10239.000000
8265.000000
10177.000000
8176.000000
10121.000000
8093.000000
10072.000000
11551155
8715.000000
10512.000000
8635.000000
10445.000000
8547.000000
10376.000000
8454.000000
10307.000000
8359.000000
10239.000000
8265.000000
10177.000000
8176.000000
10121.000000
8093.000000
10072.000000
11551155
8715.000000
10512.000000
8635.000000
10445.000000
8547.000000
10376.000000
8454.000000
10307.000000
8359.000000
10239.000000
8265.000000
10177.000000
8176.000000
10121.000000
8093.000000
10072.000000
11551155
8629.000000
10446.000000
8542.000000
10377.000000
8449.000000
10308.000000
8354.000000
10240.000000
8260.000000
10177.000000
8169.000000
10119.000000
8085.000000
10069.000000
8010.000000
10027.000000
11551155
8629.000000
10446.000000
8542.000000
10377.000000
8449.000000
10308.000000
8354.000000
10240.000000
8260.000000
10177.000000
8169.000000
10119.000000
8085.000000
10069.000000
8010.000000
10027.000000
11551155
8727.000000
10526.000000
8653.000000
10463.000000
8570.000000
10395.000000
8480.000000
10326.000000
8387.000000
10258.000000
8293.000000
10193.000000
8202.000000
10134.000000
8116.000000
10081.000000
11551155
8727.000000
10526.000000
8653.000000
10463.000000
8570.000000
10395.000000
8480.000000
10326.000000
8387.000000
10258.000000
8293.000000
10193.000000
8202.000000
10134.000000
8116.000000
10081.000000
11551155
8727.000000
10526.000000
8653.000000
10463.000000
8570.000000
10395.000000
8480.000000
10326.000000
8387.000000
10258.000000
8293.000000
10193.000000
8202.000000
10134.000000
8116.000000
10081.000000
11551155
8660.000000
10467.000000
8576.000000
10397.000000
8485.000000
10327.000000
8390.000000
10257.000000
8294.000000
10190.000000
8201.000000
10128.000000
8113.000000
10073.000000
8032.000000
10026.000000
11551155
8660.000000
10467.000000
8576.000000
10397.000000
8485.000000
10327.000000
8390.000000
10257.000000
8294.000000
10190.000000
8201.000000
10128.000000
8113.000000
10073.000000
8032.000000
10026.000000
11551155
8678.000000
10476.000000
8595.000000
10408.000000
8505.000000
10338.000000
8410.000000
10268.000000
8314.000000
10201.000000
8220.000000
10140.000000
8131.000000
10085.000000
8050.000000
10038.000000
11551155
8678.000000
10476.000000
8595.000000
10408.000000
8505.000000
10338.000000
8410.000000
10268.000000
8314.000000
10201.000000
8220.000000
10140.000000
8131.000000
10085.000000
8050.000000
10038.000000
11551155
8678.000000
10476.000000
8595.000000
10408.000000
8505.000000
10338.000000
8410.000000
10268.000000
8314.000000
10201.000000
8220.000000
10140.000000
8131.000000
10085.000000
8050.000000
10038.000000
11551155
8740.000000
10523.000000
8662.000000
10458.000000
8576.000000
10389.000000
8485.000000
10320.000000
8391.000000
10253.000000
8297.000000
10190.000000
8118.000000
10133.000000
8041.000000
10082.000000
11551155
8740.000000
10523.000000
8662.000000
10458.000000
8576.000000
10389.000000
8485.000000
10320.000000
8391.000000
10253.000000
8297.000000
10190.000000
8118.000000
10133.000000
8041.000000
10082.000000
11551155
8799.000000
10560.000000
8720.000000
10493.000000
8633.000000
10424.000000
8539.000000
10352.000000
8442.000000
10283.000000
8345.000000
10217.000000
8251.000000
10156.000000
8163.000000
10103.000000
11551155
8799.000000
10560.000000
8720.000000
10493.000000
8633.000000
10424.000000
8539.000000
10352.000000
8442.000000
10283.000000
8345.000000
10217.000000
8251.000000
10156.000000
8163.000000
10103.000000
11551155
8799.000000
10560.000000
8720.000000
10493.000000
8633.000000
10424.000000
8539.000000
10352.000000
8442.000000
10283.000000
8345.000000
10217.000000
8251.000000
10156.000000
8163.000000
10103.000000
11551155
8816.000000
10557.000000
8736.000000
10490.000000
8647.000000
10420.000000
8552.000000
10349.000000
8455.000000
10280.000000
8358.000000
10215.000000
8265.000000
10155.000000
8178.000000
10103.000000
11551155
8816.000000
10557.000000
8736.000000
10490.000000
8647.000000
10420.000000
8552.000000
10349.000000
8455.000000
10280.000000
8358.000000
10215.000000
8265.000000
10155.000000
8178.000000
10103.000000
11551155
8857.000000
10594.000000
8784.000000
10531.000000
8702.000000
10464.000000
8612.000000
10395.000000
8518.000000
10327.000000
8422.000000
10261.000000
8329.000000
10201.000000
8153.000000
10147.000000
11551155
8857.000000
10594.000000
8784.000000
10531.000000
8702.000000
10464.000000
8612.000000
10395.000000
8518.000000
10327.000000
8422.000000
10261.000000
8329.000000
10201.000000
8153.000000
10147.000000
11551155
8857.000000
10594.000000
8784.000000
10531.000000
8702.000000
10464.000000
8612.000000
10395.000000
8518.000000
10327.000000
8422.000000
10261.000000
8329.000000
10201.000000
8153.000000
10147.000000
11551155
8880.000000
10608.000000
8805.000000
10543.000000
8720.000000
10473.000000
8628.000000
10402.000000
8531.000000
10331.000000
8432.000000
10263.000000
8336.000000
10200.000000
8244.000000
10143.000000
11551155
8880.000000
10608.000000
8805.000000
10543.000000
8720.000000
10473.000000
8628.000000
10402.000000
8531.000000
10331.000000
8432.000000
10263.000000
8336.000000
10200.000000
8244.000000
10143.000000
11551155
8742.000000
10493.000000
8655.000000
10424.000000
8562.000000
10353.000000
8465.000000
10284.000000
8367.000000
10218.000000
8272.000000
10157.000000
8183.000000
10104.000000
8103.000000
10059.000000
11551155
8742.000000
10493.000000
8655.000000
10424.000000
8562.000000
10353.000000
8465.000000
10284.000000
8367.000000
10218.000000
8272.000000
10157.000000
8183.000000
10104.000000
8103.000000
10059.000000
11551155
8742.000000
10493.000000
8655.000000
10424.000000
8562.000000
10353.000000
8465.000000
10284.000000
8367.000000
10218.000000
8272.000000
10157.000000
8183.000000
10104.000000
8103.000000
10059.000000
11551155
8780.000000
10530.000000
8704.000000
10466.000000
8619.000000
10398.000000
8528.000000
10329.000000
8435.000000
10262.000000
8341.000000
10198.000000
8251.000000
10140.000000
8167.000000
10089.000000
11551155
8780.000000
10530.000000
8704.000000
10466.000000
8619.000000
10398.000000
8528.000000
10329.000000
8435.000000
10262.000000
8341.000000
10198.000000
8251.000000
10140.000000
8167.000000
10089.000000
11551155
8584.000000
10368.000000
8491.000000
10298.000000
8395.000000
10229.000000
8299.000000
10163.000000
8206.000000
10103.000000
8119.000000
10050.000000
8040.000000
10004.000000
7971.000000
9967.000000
11551155
8584.000000
10368.000000
8491.000000
10298.000000
8395.000000
10229.000000
8299.000000
10163.000000
8206.000000
10103.000000
8119.000000
10050.000000
8040.000000
10004.000000
7971.000000
9967.000000
11551155
8559.000000
10358.000000
8474.000000
10290.000000
8384.000000
10221.000000
8291.000000
10153.000000
8198.000000
10090.000000
8109.000000
10032.000000
8026.000000
9981.000000
7951.000000
9938.000000
11551155
8559.000000
10358.000000
8474.000000
10290.000000
8384.000000
10221.000000
8291.000000
10153.000000
8198.000000
10090.000000
8109.000000
10032.000000
8026.000000
9981.000000
7951.000000
9938.000000
11551155
8559.000000
10358.000000
8474.000000
10290.000000
8384.000000
10221.000000
8291.000000
10153.000000
8198.000000
10090.000000
8109.000000
10032.000000
8026.000000
9981.000000
7951.000000
9938.000000
11551155
8533.000000
10333.000000
8448.000000
10265.000000
8358.000000
10196.000000
8265.000000
10129.000000
8172.000000
10065.000000
8083.000000
10008.000000
8000.000000
9957.000000
7926.000000
9914.000000
11551155
8533.000000
10333.000000
8448.000000
10265.000000
8358.000000
10196.000000
8265.000000
10129.000000
8172.000000
10065.000000
8083.000000
10008.000000
8000.000000
9957.000000
7926.000000
9914.000000
11551155
8416.000000
10241.000000
8328.000000
10172.000000
8236.000000
10104.000000
8143.000000
10039.000000
8053.000000
9980.000000
7969.000000
9928.000000
7893.000000
9884.000000
7827.000000
9848.000000
11551155
8416.000000
10241.000000
8328.000000
10172.000000
8236.000000
10104.000000
8143.000000
10039.000000
8053.000000
9980.000000
7969.000000
9928.000000
7893.000000
9884.000000
7827.000000
9848.000000
11551155
8416.000000
10241.000000
8328.000000
10172.000000
8236.000000
10104.000000
8143.000000
10039.000000
8053.000000
9980.000000
7969.000000
9928.000000
7893.000000
9884.000000
7827.000000
9848.000000
11551155
8439.000000
10249.000000
8353.000000
10180.000000
8262.000000
10112.000000
8169.000000
10045.000000
8077.000000
9983.000000
7990.000000
9927.000000
7909.000000
9879.000000
7837.000000
9838.000000
11551155
8439.000000
10249.000000
8353.000000
10180.000000
8262.000000
10112.000000
8169.000000
10045.000000
8077.000000
9983.000000
7990.000000
9927.000000
7909.000000
9879.000000
7837.000000
9838.000000
11551155
8448.000000
10243.000000
8358.000000
10173.000000
8265.000000
10104.000000
8171.000000
10038.000000
8079.000000
9978.000000
7993.000000
9925.000000
7915.000000
9879.000000
7846.000000
9842.000000
11551155
8448.000000
10243.000000
8358.000000
10173.000000
8265.000000
10104.000000
8171.000000
10038.000000
8079.000000
9978.000000
7993.000000
9925.000000
7915.000000
9879.000000
7846.000000
9842.000000
11551155
8448.000000
10243.000000
8358.000000
10173.000000
8265.000000
10104.000000
8171.000000
10038.000000
8079.000000
9978.000000
7993.000000
9925.000000
7915.000000
9879.000000
7846.000000
9842.000000
11551155
8533.000000
10300.000000
8449.000000
10232.000000
8359.000000
10163.000000
8265.000000
10095.000000
8172.000000
10032.000000
8082.000000
9973.000000
7998.000000
9922.000000
7922.000000
9879.000000
11551155
8533.000000
10300.000000
8449.000000
10232.000000
8359.000000
10163.000000
8265.000000
10095.000000
8172.000000
10032.000000
8082.000000
9973.000000
7998.000000
9922.000000
7922.000000
9879.000000
11551155
8556.000000
10310.000000
8469.000000
10240.000000
8375.000000
10169.000000
8278.000000
10099.000000
8182.000000
10033.000000
8090.000000
9973.000000
8004.000000
9920.000000
7926.000000
9875.000000
11551155
8556.000000
10310.000000
8469.000000
10240.000000
8375.000000
10169.000000
8278.000000
10099.000000
8182.000000
10033.000000
8090.000000
9973.000000
8004.000000
9920.000000
7926.000000
9875.000000
11551155
8556.000000
10310.000000
8469.000000
10240.000000
8375.000000
10169.000000
8278.000000
10099.000000
8182.000000
10033.000000
8090.000000
9973.000000
8004.000000
9920.000000
7926.000000
9875.000000
11551155
8586.000000
10334.000000
8501.000000
10264.000000
8408.000000
10192.000000
8312.000000
10122.000000
8215.000000
10055.000000
8122.000000
9995.000000
8036.000000
9941.000000
7958.000000
9896.000000
11551155
8586.000000
10334.000000
8501.000000
10264.000000
8408.000000
10192.000000
8312.000000
10122.000000
8215.000000
10055.000000
8122.000000
9995.000000
8036.000000
9941.000000
7958.000000
9896.000000
11551155
8870.000000
10540.000000
8807.000000
10482.000000
8732.000000
10417.000000
8647.000000
10347.000000
8554.000000
10275.000000
8457.000000
10204.000000
8358.000000
10136.000000
8262.000000
10073.000000
11551155
8870.000000
10540.000000
8807.000000
10482.000000
8732.000000
10417.000000
8647.000000
10347.000000
8554.000000
10275.000000
8457.000000
10204.000000
8358.000000
10136.000000
8262.000000
10073.000000
11551155
8870.000000
10540.000000
8807.000000
10482.000000
8732.000000
10417.000000
8647.000000
10347.000000
8554.000000
10275.000000
8457.000000
10204.000000
8358.000000
10136.000000
8262.000000
10073.000000
11551155
8859.000000
10511.000000
8780.000000
10444.000000
8691.000000
10373.000000
8595.000000
10300.000000
8495.000000
10227.000000
8394.000000
10158.000000
8295.000000
10094.000000
8202.000000
10037.000000
11551155
8859.000000
10511.000000
8780.000000
10444.000000
8691.000000
10373.000000
8595.000000
10300.000000
8495.000000
10227.000000
8394.000000
10158.000000
8295.000000
10094.000000
8202.000000
10037.000000
11551155
8858.000000
10502.000000
8701.000000
10435.000000
8603.000000
10364.000000
8552.000000
10291.000000
8474.000000
10220.000000
8385.000000
10152.000000
8294.000000
10089.000000
8205.000000
10035.000000
11551155
8858.000000
10502.000000
8701.000000
10435.000000
8603.000000
10364.000000
8552.000000
10291.000000
8474.000000
10220.000000
8385.000000
10152.000000
8294.000000
10089.000000
8205.000000
10035.000000
11551155
8858.000000
10502.000000
8701.000000
10435.000000
8603.000000
10364.000000
8552.000000
10291.000000
8474.000000
10220.000000
8385.000000
10152.000000
8294.000000
10089.000000
8205.000000
10035.000000
11551155
8930.000000
10555.000000
8857.000000
10491.000000
8773.000000
10422.000000
8681.000000
10350.000000
8583.000000
10278.000000
8483.000000
10208.000000
8385.000000
10143.000000
8291.000000
10085.000000
11551155
8930.000000
10555.000000
8857.000000
10491.000000
8773.000000
10422.000000
8681.000000
10350.000000
8583.000000
10278.000000
8483.000000
10208.000000
8385.000000
10143.000000
8291.000000
10085.000000
11551155
8892.000000
10513.000000
8812.000000
10446.000000
8723.000000
10375.000000
8628.000000
10304.000000
8530.000000
10235.000000
8432.000000
10170.000000
8338.000000
10111.000000
8251.000000
10059.000000
11551155
8892.000000
10513.000000
8812.000000
10446.000000
8723.000000
10375.000000
8628.000000
10304.000000
8530.000000
10235.000000
8432.000000
10170.000000
8338.000000
10111.000000
8251.000000
10059.000000
11551155
8892.000000
10513.000000
8812.000000
10446.000000
8723.000000
10375.000000
8628.000000
10304.000000
8530.000000
10235.000000
8432.000000
10170.000000
8338.000000
10111.000000
8251.000000
10059.000000
11551155
8970.000000
10569.000000
8896.000000
10505.000000
8811.000000
10435.000000
8718.000000
10364.000000
8619.000000
10291.000000
8518.000000
10221.000000
8418.000000
10155.000000
8322.000000
10096.000000
11551155
8970.000000
10569.000000
8896.000000
10505.000000
8811.000000
10435.000000
8718.000000
10364.000000
8619.000000
10291.000000
8518.000000
10221.000000
8418.000000
10155.000000
8322.000000
10096.000000
11551155
8843.000000
10467.000000
8757.000000
10397.000000
8663.000000
10325.000000
8564.000000
10254.000000
8465.000000
10186.000000
8368.000000
10123.000000
8276.000000
10068.000000
8193.000000
10020.000000
11551155
8843.000000
10467.000000
8757.000000
10397.000000
8663.000000
10325.000000
8564.000000
10254.000000
8465.000000
10186.000000
8368.000000
10123.000000
8276.000000
10068.000000
8193.000000
10020.000000
11551155
8883.000000
10509.000000
8810.000000
10442.000000
8726.000000
10373.000000
8635.000000
10303.000000
8540.000000
10235.000000
8446.000000
10171.000000
8355.000000
10113.000000
8271.000000
10063.000000
11551155
8883.000000
10509.000000
8810.000000
10442.000000
8726.000000
10373.000000
8635.000000
10303.000000
8540.000000
10235.000000
8446.000000
10171.000000
8355.000000
10113.000000
8271.000000
10063.000000
11551155
8883.000000
10509.000000
8810.000000
10442.000000
8726.000000
10373.000000
8635.000000
10303.000000
8540.000000
10235.000000
8446.000000
10171.000000
8355.000000
10113.000000
8271.000000
10063.000000
11551155
9046.000000
10625.000000
8979.000000
10565.000000
8901.000000
10499.000000
8813.000000
10428.000000
8718.000000
10356.000000
8619.000000
10284.000000
8519.000000
10216.000000
8421.000000
10153.000000
11551155
9046.000000
10625.000000
8979.000000
10565.000000
8901.000000
10499.000000
8813.000000
10428.000000
8718.000000
10356.000000
8619.000000
10284.000000
8519.000000
10216.000000
8421.000000
10153.000000
11551155
8900.000000
10497.000000
8815.000000
10428.000000
8723.000000
10357.000000
8626.000000
10286.000000
8527.000000
10218.000000
8430.000000
10154.000000
8338.000000
10097.000000
8254.000000
10048.000000
11551155
8900.000000
10497.000000
8815.000000
10428.000000
8723.000000
10357.000000
8626.000000
10286.000000
8527.000000
10218.000000
8430.000000
10154.000000
8338.000000
10097.000000
8254.000000
10048.000000
11551155
8900.000000
10497.000000
8815.000000
10428.000000
8723.000000
10357.000000
8626.000000
10286.000000
8527.000000
10218.000000
8430.000000
10154.000000
8338.000000
10097.000000
8254.000000
10048.000000
11551155
9023.000000
10595.000000
8953.000000
10534.000000
8873.000000
10467.000000
8784.000000
10397.000000
8689.000000
10327.000000
8591.000000
10259.000000
8493.000000
10194.000000
8307.000000
10136.000000
11551155
9023.000000
10595.000000
8953.000000
10534.000000
8873.000000
10467.000000
8784.000000
10397.000000
8689.000000
10327.000000
8591.000000
10259.000000
8493.000000
10194.000000
8307.000000
10136.000000
11551155
9046.000000
10606.000000
8976.000000
10546.000000
8896.000000
10480.000000
8807.000000
10411.000000
8712.000000
10341.000000
8615.000000
10273.000000
8518.000000
10208.000000
8425.000000
10150.000000
11551155
9046.000000
10606.000000
8976.000000
10546.000000
8896.000000
10480.000000
8807.000000
10411.000000
8712.000000
10341.000000
8615.000000
10273.000000
8518.000000
10208.000000
8425.000000
10150.000000
11551155
9046.000000
10606.000000
8976.000000
10546.000000
8896.000000
10480.000000
8807.000000
10411.000000
8712.000000
10341

