11551155
8609.000000
10700.000000
8533.000000
10637.000000
8448.000000
10573.000000
8357.000000
10507.000000
8264.000000
10444.000000
8171.000000
10384.000000
8081.000000
10329.000000
7997.000000
10281.000000
11551155
8609.000000
10700.000000
8533.000000
10637.000000
8448.000000
10573.000000
8357.000000
10507.000000
8264.000000
10444.000000
8171.000000
10384.000000
8081.000000
10329.000000
7997.000000
10281.000000
11551155
8609.000000
10700.000000
8533.000000
10637.000000
8448.000000
10573.000000
8357.000000
10507.000000
8264.000000
10444.000000
8171.000000
10384.000000
8081.000000
10329.000000
7997.000000
10281.000000
11551155
8649.000000
10744.000000
8576.000000
10683.000000
8494.000000
10619.000000
8406.000000
10553.000000
8313.000000
10487.000000
8218.000000
10424.000000
8125.000000
10365.000000
8036.000000
10311.000000
11551155
8649.000000
10744.000000
8576.000000
10683.000000
8494.000000
10619.000000
8406.000000
10553.000000
8313.000000
10487.000000
8218.000000
10424.000000
8125.000000
10365.000000
8036.000000
10311.000000
11551155
8595.000000
10704.000000
8514.000000
10641.000000
8426.000000
10576.000000
8334.000000
10511.000000
8240.000000
10448.000000
8147.000000
10389.000000
8058.000000
10336.000000
7975.000000
10289.000000
11551155
8595.000000
10704.000000
8514.000000
10641.000000
8426.000000
10576.000000
8334.000000
10511.000000
8240.000000
10448.000000
8147.000000
10389.000000
8058.000000
10336.000000
7975.000000
10289.000000
11551155
8715.000000
10816.000000
8649.000000
10760.000000
8574.000000
10700.000000
8491.000000
10636.000000
8401.000000
10571.000000
8309.000000
10507.000000
8216.000000
10447.000000
8125.000000
10391.000000
11551155
8715.000000
10816.000000
8649.000000
10760.000000
8574.000000
10700.000000
8491.000000
10636.000000
8401.000000
10571.000000
8309.000000
10507.000000
8216.000000
10447.000000
8125.000000
10391.000000
11551155
8715.000000
10816.000000
8649.000000
10760.000000
8574.000000
10700.000000
8491.000000
10636.000000
8401.000000
10571.000000
8309.000000
10507.000000
8216.000000
10447.000000
8125.000000
10391.000000
11551155
8563.000000
10702.000000
8478.000000
10637.000000
8387.000000
10571.000000
8293.000000
10507.000000
8200.000000
10446.000000
8109.000000
10390.000000
8024.000000
10339.000000
7946.000000
10295.000000
11551155
8563.000000
10702.000000
8478.000000
10637.000000
8387.000000
10571.000000
8293.000000
10507.000000
8200.000000
10446.000000
8109.000000
10390.000000
8024.000000
10339.000000
7946.000000
10295.000000
11551155
8575.000000
10720.000000
8492.000000
10655.000000
8402.000000
10589.000000
8309.000000
10525.000000
8215.000000
10462.000000
8123.000000
10405.000000
8035.000000
10353.000000
7955.000000
10307.000000
11551155
8575.000000
10720.000000
8492.000000
10655.000000
8402.000000
10589.000000
8309.000000
10525.000000
8215.000000
10462.000000
8123.000000
10405.000000
8035.000000
10353.000000
7955.000000
10307.000000
11551155
8484.000000
10661.000000
8394.000000
10595.000000
8302.000000
10531.000000
8209.000000
10469.000000
8119.000000
10413.000000
8034.000000
10362.000000
7956.000000
10318.000000
7886.000000
10281.000000
11551155
8484.000000
10661.000000
8394.000000
10595.000000
8302.000000
10531.000000
8209.000000
10469.000000
8119.000000
10413.000000
8034.000000
10362.000000
7956.000000
10318.000000
7886.000000
10281.000000
11551155
8559.000000
10722.000000
8473.000000
10657.000000
8382.000000
10592.000000
8288.000000
10528.000000
8195.000000
10467.000000
8105.000000
10412.000000
8021.000000
10362.000000
7944.000000
10320.000000
11551155
8559.000000
10722.000000
8473.000000
10657.000000
8382.000000
10592.000000
8288.000000
10528.000000
8195.000000
10467.000000
8105.000000
10412.000000
8021.000000
10362.000000
7944.000000
10320.000000
11551155
8559.000000
10722.000000
8473.000000
10657.000000
8382.000000
10592.000000
8288.000000
10528.000000
8195.000000
10467.000000
8105.000000
10412.000000
8021.000000
10362.000000
7944.000000
10320.000000
11551155
8479.000000
10671.000000
8388.000000
10605.000000
8294.000000
10539.000000
8200.000000
10477.000000
8109.000000
10420.000000
8023.000000
10368.000000
7944.000000
10323.000000
7874.000000
10285.000000
11551155
8479.000000
10671.000000
8388.000000
10605.000000
8294.000000
10539.000000
8200.000000
10477.000000
8109.000000
10420.000000
8023.000000
10368.000000
7944.000000
10323.000000
7874.000000
10285.000000
11551155
8595.000000
10754.000000
8510.000000
10688.000000
8419.000000
10621.000000
8324.000000
10555.000000
8229.000000
10492.000000
8136.000000
10433.000000
8047.000000
10380.000000
7966.000000
10334.000000
11551155
8595.000000
10754.000000
8510.000000
10688.000000
8419.000000
10621.000000
8324.000000
10555.000000
8229.000000
10492.000000
8136.000000
10433.000000
8047.000000
10380.000000
7966.000000
10334.000000
11551155
8543.000000
10713.000000
8455.000000
10647.000000
8363.000000
10581.000000
8269.000000
10517.000000
8176.000000
10457.000000
8087.000000
10403.000000
8004.000000
10355.000000
7929.000000
10314.000000
11551155
8543.000000
10713.000000
8455.000000
10647.000000
8363.000000
10581.000000
8269.000000
10517.000000
8176.000000
10457.000000
8087.000000
10403.000000
8004.000000
10355.000000
7929.000000
10314.000000
11551155
8671.000000
10810.000000
8595.000000
10747.000000
8510.000000
10682.000000
8420.000000
10615.000000
8326.000000
10550.000000
8232.000000
10487.000000
8140.000000
10429.000000
8053.000000
10377.000000
11551155
8671.000000
10810.000000
8595.000000
10747.000000
8510.000000
10682.000000
8420.000000
10615.000000
8326.000000
10550.000000
8232.000000
10487.000000
8140.000000
10429.000000
8053.000000
10377.000000
11551155
8671.000000
10810.000000
8595.000000
10747.000000
8510.000000
10682.000000
8420.000000
10615.000000
8326.000000
10550.000000
8232.000000
10487.000000
8140.000000
10429.000000
8053.000000
10377.000000
11551155
8418.000000
10623.000000
8327.000000
10558.000000
8233.000000
10494.000000
8141.000000
10435.000000
8053.000000
10381.000000
7971.000000
10333.000000
7896.000000
10292.000000
7831.000000
10258.000000
11551155
8418.000000
10623.000000
8327.000000
10558.000000
8233.000000
10494.000000
8141.000000
10435.000000
8053.000000
10381.000000
7971.000000
10333.000000
7896.000000
10292.000000
7831.000000
10258.000000
11551155
8478.000000
10675.000000
8390.000000
10609.000000
8298.000000
10544.000000
8205.000000
10481.000000
8114.000000
10422.000000
8027.000000
10368.000000
7946.000000
10322.000000
7874.000000
10282.000000
11551155
8478.000000
10675.000000
8390.000000
10609.000000
8298.000000
10544.000000
8205.000000
10481.000000
8114.000000
10422.000000
8027.000000
10368.000000
7946.000000
10322.000000
7874.000000
10282.000000
11551155
8468.000000
10668.000000
8380.000000
10601.000000
8288.000000
10535.000000
8195.000000
10472.000000
8104.000000
10413.000000
8017.000000
10360.000000
7856.000000
10313.000000
7792.000000
10273.000000
11551155
8468.000000
10668.000000
8380.000000
10601.000000
8288.000000
10535.000000
8195.000000
10472.000000
8104.000000
10413.000000
8017.000000
10360.000000
7856.000000
10313.000000
7792.000000
10273.000000
11551155
8441.000000
10647.000000
8350.000000
10579.000000
8256.000000
10513.000000
8162.000000
10449.000000
8071.000000
10391.000000
7985.000000
10339.000000
7907.000000
10293.000000
7837.000000
10256.000000
11551155
8441.000000
10647.000000
8350.000000
10579.000000
8256.000000
10513.000000
8162.000000
10449.000000
8071.000000
10391.000000
7985.000000
10339.000000
7907.000000
10293.000000
7837.000000
10256.000000
11551155
8425.000000
10634.000000
8335.000000
10568.000000
8242.000000
10503.000000
8149.000000
10441.000000
8059.000000
10385.000000
7975.000000
10334.000000
7898.000000
10291.000000
7830.000000
10255.000000
11551155
8425.000000
10634.000000
8335.000000
10568.000000
8242.000000
10503.000000
8149.000000
10441.000000
8059.000000
10385.000000
7975.000000
10334.000000
7898.000000
10291.000000
7830.000000
10255.000000
11551155
8326.000000
10561.000000
8230.000000
10495.000000
8135.000000
10433.000000
8043.000000
10376.000000
7956.000000
10324.000000
7877.000000
10281.000000
7807.000000
10243.000000
7747.000000
10214.000000
11551155
8326.000000
10561.000000
8230.000000
10495.000000
8135.000000
10433.000000
8043.000000
10376.000000
7956.000000
10324.000000
7877.000000
10281.000000
7807.000000
10243.000000
7747.000000
10214.000000
11551155
8338.000000
10567.000000
8244.000000
10500.000000
8149.000000
10435.000000
8055.000000
10374.000000
7965.000000
10319.000000
7882.000000
10270.000000
7808.000000
10229.000000
7743.000000
10194.000000
11551155
8338.000000
10567.000000
8244.000000
10500.000000
8149.000000
10435.000000
8055.000000
10374.000000
7965.000000
10319.000000
7882.000000
10270.000000
7808.000000
10229.000000
7743.000000
10194.000000
11551155
8338.000000
10567.000000
8244.000000
10500.000000
8149.000000
10435.000000
8055.000000
10374.000000
7965.000000
10319.000000
7882.000000
10270.000000
7808.000000
10229.000000
7743.000000
10194.000000
11551155
8363.000000
10581.000000
8269.000000
10511.000000
8173.000000
10444.000000
8078.000000
10381.000000
7987.000000
10324.000000
7902.000000
10274.000000
7826.000000
10231.000000
7759.000000
10196.000000
11551155
8363.000000
10581.000000
8269.000000
10511.000000
8173.000000
10444.000000
8078.000000
10381.000000
7987.000000
10324.000000
7902.000000
10274.000000
7826.000000
10231.000000
7759.000000
10196.000000
11551155
8591.000000
10755.000000
8506.000000
10687.000000
8414.000000
10618.000000
8318.000000
10548.000000
8220.000000
10481.000000
8124.000000
10418.000000
8032.000000
10360.000000
7947.000000
10310.000000
11551155
8591.000000
10755.000000
8506.000000
10687.000000
8414.000000
10618.000000
8318.000000
10548.000000
8220.000000
10481.000000
8124.000000
10418.000000
8032.000000
10360.000000
7947.000000
10310.000000
11551155
8531.000000
10704.000000
8440.000000
10635.000000
8344.000000
10566.000000
8247.000000
10499.000000
8152.000000
10437.000000
8061.000000
10381.000000
7977.000000
10331.000000
7902.000000
10289.000000
11551155
8531.000000
10704.000000
8440.000000
10635.000000
8344.000000
10566.000000
8247.000000
10499.000000
8152.000000
10437.000000
8061.000000
10381.000000
7977.000000
10331.000000
7902.000000
10289.000000
11551155
8531.000000
10704.000000
8440.000000
10635.000000
8344.000000
10566.000000
8247.000000
10499.000000
8152.000000
10437.000000
8061.000000
10381.000000
7977.000000
10331.000000
7902.000000
10289.000000
11551155
8636.000000
10782.000000
8551.000000
10713.000000
8459.000000
10644.000000
8363.000000
10574.000000
8265.000000
10506.000000
8169.000000
10443.000000
8077.000000
10385.000000
7991.000000
10335.000000
11551155
8636.000000
10782.000000
8551.000000
10713.000000
8459.000000
10644.000000
8363.000000
10574.000000
8265.000000
10506.000000
8169.000000
10443.000000
8077.000000
10385.000000
7991.000000
10335.000000
11551155
8558.000000
10713.000000
8465.000000
10643.000000
8367.000000
10573.000000
8268.000000
10506.000000
8171.000000
10444.000000
8079.000000
10387.000000
7993.000000
10338.000000
7917.000000
10295.000000
11551155
8558.000000
10713.000000
8465.000000
10643.000000
8367.000000
10573.000000
8268.000000
10506.000000
8171.000000
10444.000000
8079.000000
10387.000000
7993.000000
10338.000000
7917.000000
10295.000000
11551155
8761.000000
10878.000000
8688.000000
10816.000000
8605.000000
10750.000000
8515.000000
10681.000000
8419.000000
10612.000000
8321.000000
10546.000000
8224.000000
10483.000000
8131.000000
10426.000000
11551155
8761.000000
10878.000000
8688.000000
10816.000000
8605.000000
10750.000000
8515.000000
10681.000000
8419.000000
10612.000000
8321.000000
10546.000000
8224.000000
10483.000000
8131.000000
10426.000000
11551155
8761.000000
10878.000000
8688.000000
10816.000000
8605.000000
10750.000000
8515.000000
10681.000000
8419.000000
10612.000000
8321.000000
10546.000000
8224.000000
10483.000000
8131.000000
10426.000000
11551155
8709.000000
10825.000000
8624.000000
10756.000000
8531.000000
10686.000000
8433.000000
10615.000000
8333.000000
10546.000000
8234.000000
10482.000000
8139.000000
10423.000000
8050.000000
10371.000000
11551155
8709.000000
10825.000000
8624.000000
10756.000000
8531.000000
10686.000000
8433.000000
10615.000000
8333.000000
10546.000000
8234.000000
10482.000000
8139.000000
10423.000000
8050.000000
10371.000000
11551155
8690.000000
10815.000000
8604.000000
10746.000000
8510.000000
10676.000000
8412.000000
10605.000000
8312.000000
10536.000000
8213.000000
10472.000000
8118.000000
10413.000000
8030.000000
10361.000000
11551155
8690.000000
10815.000000
8604.000000
10746.000000
8510.000000
10676.000000
8412.000000
10605.000000
8312.000000
10536.000000
8213.000000
10472.000000
8118.000000
10413.000000
8030.000000
10361.000000
11551155
8699.000000
10822.000000
8614.000000
10753.000000
8521.000000
10682.000000
8423.000000
10611.000000
8323.000000
10543.000000
8224.000000
10478.000000
8129.000000
10419.000000
8041.000000
10367.000000
11551155
8699.000000
10822.000000
8614.000000
10753.000000
8521.000000
10682.000000
8423.000000
10611.000000
8323.000000
10543.000000
8224.000000
10478.000000
8129.000000
10419.000000
8041.000000
10367.000000
11551155
8699.000000
10822.000000
8614.000000
10753.000000
8521.000000
10682.000000
8423.000000
10611.000000
8323.000000
10543.000000
8224.000000
10478.000000
8129.000000
10419.000000
8041.000000
10367.000000
11551155
8625.000000
10768.000000
8445.000000
10697.000000
8342.000000
10625.000000
8291.000000
10555.000000
8216.000000
10488.000000
8132.000000
10426.000000
8048.000000
10371.000000
7969.000000
10323.000000
11551155
8625.000000
10768.000000
8445.000000
10697.000000
8342.000000
10625.000000
8291.000000
10555.000000
8216.000000
10488.000000
8132.000000
10426.000000
8048.000000
10371.000000
7969.000000
10323.000000
11551155
8605.000000
10746.000000
8514.000000
10675.000000
8417.000000
10603.000000
8317.000000
10532.000000
8217.000000
10464.000000
8119.000000
10402.000000
8028.000000
10346.000000
7944.000000
10298.000000
11551155
8605.000000
10746.000000
8514.000000
10675.000000
8417.000000
10603.000000
8317.000000
10532.000000
8217.000000
10464.000000
8119.000000
10402.000000
8028.000000
10346.000000
7944.000000
10298.000000
11551155
8528.000000
10685.000000
8434.000000
10612.000000
8335.000000
10540.000000
8234.000000
10471.000000
8135.000000
10406.000000
8041.000000
10348.000000
7954.000000
10296.000000
7876.000000
10252.000000
11551155
8528.000000
10685.000000
8434.000000
10612.000000
8335.000000
10540.000000
8234.000000
10471.000000
8135.000000
10406.000000
8041.000000
10348.000000
7954.000000
10296.000000
7876.000000
10252.000000
11551155
8528.000000
10685.000000
8434.000000
10612.000000
8335.000000
10540.000000
8234.000000
10471.000000
8135.000000
10406.000000
8041.000000
10348.000000
7954.000000
10296.000000
7876.000000
10252.000000
11551155
8635.000000
10767.000000
8550.000000
10698.000000
8457.000000
10627.000000
8360.000000
10557.000000
8261.000000
10488.000000
8163.000000
10423.000000
8069.000000
10364.000000
7981.000000
10312.000000
11551155
8635.000000
10767.000000
8550.000000
10698.000000
8457.000000
10627.000000
8360.000000
10557.000000
8261.000000
10488.000000
8163.000000
10423.000000
8069.000000
10364.000000
7981.000000
10312.000000
11551155
8651.000000
10777.000000
8563.000000
10705.000000
8467.000000
10632.000000
8367.000000
10559.000000
8265.000000
10489.000000
8164.000000
10423.000000
8068.000000
10363.000000
7979.000000
10310.000000
11551155
8651.000000
10777.000000
8563.000000
10705.000000
8467.000000
10632.000000
8367.000000
10559.000000
8265.000000
10489.000000
8164.000000
10423.000000
8068.000000
10363.000000
7979.000000
10310.000000
11551155
8651.000000
10777.000000
8563.000000
10705.000000
8467.000000
10632.000000
8367.000000
10559.000000
8265.000000
10489.000000
8164.000000
10423.000000
8068.000000
10363.000000
7979.000000
10310.000000
11551155
8700.000000
10816.000000
8618.000000
10748.000000
8527.000000
10677.000000
8430.000000
10604.000000
8329.000000
10533.000000
8228.000000
10465.000000
8129.000000
10402.000000
8035.000000
10345.000000
11551155
8700.000000
10816.000000
8618.000000
10748.000000
8527.000000
10677.000000
8430.000000
10604.000000
8329.000000
10533.000000
8228.000000
10465.000000
8129.000000
10402.000000
8035.000000
10345.000000
11551155
8811.000000
10906.000000
8736.000000
10842.000000
8651.000000
10773.000000
8558.000000
10701.000000
8460.000000
10629.000000
8359.000000
10558.000000
8258.000000
10491.000000
8161.000000
10430.000000
11551155
8811.000000
10906.000000
8736.000000
10842.000000
8651.000000
10773.000000
8558.000000
10701.000000
8460.000000
10629.000000
8359.000000
10558.000000
8258.000000
10491.000000
8161.000000
10430.000000
11551155
8811.000000
10906.000000
8736.000000
10842.000000
8651.000000
10773.000000
8558.000000
10701.000000
8460.000000
10629.000000
8359.000000
10558.000000
8258.000000
10491.000000
8161.000000
10430.000000
11551155
8736.000000
10843.000000
8649.000000
10773.000000
8555.000000
10700.000000
8456.000000
10628.000000
8354.000000
10558.000000
8254.000000
10492.000000
8158.000000
10431.000000
8068.000000
10378.000000
11551155
8736.000000
10843.000000
8649.000000
10773.000000
8555.000000
10700.000000
8456.000000
10628.000000
8354.000000
10558.000000
8254.000000
10492.000000
8158.000000
10431.000000
8068.000000
10378.000000
11551155
8819.000000
10909.000000
8740.000000
10843.000000
8652.000000
10772.000000
8556.000000
10698.000000
8455.000000
10625.000000
8352.000000
10555.000000
8251.000000
10488.000000
8154.000000
10428.000000
11551155
8819.000000
10909.000000
8740.000000
10843.000000
8652.000000
10772.000000
8556.000000
10698.000000
8455.000000
10625.000000
8352.000000
10555.000000
8251.000000
10488.000000
8154.000000
10428.000000
11551155
8702.000000
10806.000000
8609.000000
10734.000000
8510.000000
10662.000000
8408.000000
10590.000000
8306.000000
10522.000000
8207.000000
10459.000000
8113.000000
10402.000000
8027.000000
10353.000000
11551155
8702.000000
10806.000000
8609.000000
10734.000000
8510.000000
10662.000000
8408.000000
10590.000000
8306.000000
10522.000000
8207.000000
10459.000000
8113.000000
10402.000000
8027.000000
10353.000000
11551155
8702.000000
10806.000000
8609.000000
10734.000000
8510.000000
10662.000000
8408.000000
10590.000000
8306.000000
10522.000000
8207.000000
10459.000000
8113.000000
10402.000000
8027.000000
10353.000000
11551155
8835.000000
10918.000000
8755.000000
10851.000000
8666.000000
10781.000000
8570.000000
10708.000000
8469.000000
10636.000000
8367.000000
10566.000000
8267.000000
10501.000000
8171.000000
10442.000000
11551155
8835.000000
10918.000000
8755.000000
10851.000000
8666.000000
10781.000000
8570.000000
10708.000000
8469.000000
10636.000000
8367.000000
10566.000000
8267.000000
10501.000000
8171.000000
10442.000000
11551155
8761.000000
10856.000000
8673.000000
10786.000000
8577.000000
10715.000000
8477.000000
10643.000000
8375.000000
10575.000000
8275.000000
10511.000000
8180.000000
10453.000000
8091.000000
10402.000000
11551155
8761.000000
10856.000000
8673.000000
10786.000000
8577.000000
10715.000000
8477.000000
10643.000000
8375.000000
10575.000000
8275.000000
10511.000000
8180.000000
10453.000000
8091.000000
10402.000000
11551155
8761.000000
10856.000000
8673.000000
10786.000000
8577.000000
10715.000000
8477.000000
10643.000000
8375.000000
10575.000000
8275.000000
10511.000000
8180.000000
10453.000000
8091.000000
10402.000000
11551155
8707.000000
10819.000000
8522.000000
10747.000000
8417.000000
10674.000000
8365.000000
10603.000000
8288.000000
10535.000000
8202.000000
10472.000000
8115.000000
10416.000000
8034.000000
10367.000000
11551155
8707.000000
10819.000000
8522.000000
10747.000000
8417.000000
10674.000000
8365.000000
10603.000000
8288.000000
10535.000000
8202.000000
10472.000000
8115.000000
10416.000000
8034.000000
10367.000000
11551155
8778.000000
10874.000000
8692.000000
10804.000000
8598.000000
10732.000000
8498.000000
10659.000000
8396.000000
10588.000000
8294.000000
10521.000000
8196.000000
10459.000000
8103.000000
10403.000000
11551155
8778.000000
10874.000000
8692.000000
10804.000000
8598.000000
10732.000000
8498.000000
10659.000000
8396.000000
10588.000000
8294.000000
10521.000000
8196.000000
10459.000000
8103.000000
10403.000000
11551155
8655.000000
10778.000000
8562.000000
10707.000000
8464.000000
10636.000000
8364.000000
10566.000000
8265.000000
10502.000000
8169.000000
10443.000000
8080.000000
10390.000000
8000.000000
10346.000000
11551155
8655.000000
10778.000000
8562.000000
10707.000000
8464.000000
10636.000000
8364.000000
10566.000000
8265.000000
10502.000000
8169.000000
10443.000000
8080.000000
10390.000000
8000.000000
10346.000000
11551155
8655.000000
10778.000000
8562.000000
10707.000000
8464.000000
10636.000000
8364.000000
10566.000000
8265.000000
10502.000000
8169.000000
10443.000000
8080.000000
10390.000000
8000.000000
10346.000000
11551155
8753.000000
10854.000000
8665.000000
10783.000000
8569.000000
10710.000000
8469.000000
10637.000000
8366.000000
10567.000000
8265.000000
10501.000000
8168.000000
10440.000000
8078.000000
10387.000000
11551155
8753.000000
10854.000000
8665.000000
10783.000000
8569.000000
10710.000000
8469.000000
10637.000000
8366.000000
10567.000000
8265.000000
10501.000000
8168.000000
10440.000000
8078.000000
10387.000000
11551155
8649.000000
10775.000000
8554.000000
10704.000000
8455.000000
10631.000000
8353.000000
10561.000000
8252.000000
10495.000000
8154.000000
10434.000000
8063.000000
10380.000000
7981.000000
10334.000000
11551155
8649.000000
10775.000000
8554.000000
10704.000000
8455.000000
10631.000000
8353.000000
10561.000000
8252.000000
10495.000000
8154.000000
10434.000000
8063.000000
10380.000000
7981.000000
10334.000000
11551155
8759.000000
10862.000000
8673.000000
10793.000000
8579.000000
10721.000000
8479.000000
10648.000000
8376.000000
10577.000000
8273.000000
10510.000000
8174.000000
10448.000000
8081.000000
10393.000000
11551155
8759.000000
10862.000000
8673.000000
10793.000000
8579.000000
10721.000000
8479.000000
10648.000000
8376.000000
10577.000000
8273.000000
10510.000000
8174.000000
10448.000000
8081.000000
10393.000000
11551155
8759.000000
10862.000000
8673.000000
10793.000000
8579.000000
10721.000000
8479.000000
10648.000000
8376.000000
10577.000000
8273.000000
10510.000000
8174.000000
10448.000000
8081.000000
10393.000000
11551155
8713.000000
10825.000000
8623.000000
10755.000000
8526.000000
10683.000000
8425.000000
10612.000000
8324.000000
10544.000000
8225.000000
10480.000000
8131.000000
10423.000000
8045.000000
10373.000000
11551155
8713.000000
10825.000000
8623.000000
10755.000000
8526.000000
10683.000000
8425.000000
10612.000000
8324.000000
10544.000000
8225.000000
10480.000000
8131.000000
10423.000000
8045.000000
10373.000000
11551155
8827.000000
10918.000000
8746.000000
10851.000000
8656.000000
10780.000000
8559.000000
10707.000000
8355.000000
10634.000000
8251.000000
10564.000000
8201.000000
10499.000000
8130.000000
10440.000000
11551155
8827.000000
10918.000000
8746.000000
10851.000000
8656.000000
10780.000000
8559.000000
10707.000000
8355.000000
10634.000000
8251.000000
10564.000000
8201.000000
10499.000000
8130.000000
10440.000000
11551155
8827.000000
10918.000000
8746.000000
10851.000000
8656.000000
10780.000000
8559.000000
10707.000000
8355.000000
10634.000000
8251.000000
10564.000000
8201.000000
10499.000000
8130.000000
10440.000000
11551155
8836.000000
10927.000000
8756.000000
10861.000000
8667.000000
10790.000000
8570.000000
10717.000000
8468.000000
10645.000000
8365.000000
10575.000000
8264.000000
10509.000000
8168.000000
10450.000000
11551155
8836.000000
10927.000000
8756.000000
10861.000000
8667.000000
10790.000000
8570.000000
10717.000000
8468.000000
10645.000000
8365.000000
10575.000000
8264.000000
10509.000000
8168.000000
10450.000000
11551155
8854.000000
10940.000000
8773.000000
10874.000000
8683.000000
10803.000000
8586.000000
10731.000000
8485.000000
10659.000000
8383.000000
10591.000000
8283.000000
10527.000000
8188.000000
10468.000000
11551155
8854.000000
10940.000000
8773.000000
10874.000000
8683.000000
10803.000000
8586.000000
10731.000000
8485.000000
10659.000000
8383.000000
10591.000000
8283.000000
10527.000000
8188.000000
10468.000000
11551155
8928.000000
10998.000000
8852.000000
10933.000000
8766.000000
10864.000000
8672.000000
10792.000000
8572.000000
10719.000000
8470.000000
10648.000000
8368.000000
10581.000000
8269.000000
10519.000000
11551155
8928.000000
10998.000000
8852.000000
10933.000000
8766.000000
10864.000000
8672.000000
10792.000000
8572.000000
10719.000000
8470.000000
10648.000000
8368.000000
10581.000000
8269.000000
10519.000000
11551155
8928.000000
10998.000000
8852.000000
10933.000000
8766.000000
10864.000000
8672.000000
10792.000000
8572.000000
10719.000000
8470.000000
10648.000000
8368.000000
10581.000000
8269.000000
10519.000000
11551155
8820.000000
10913.000000
8731.000000
10842.000000
8634.000000
10769.000000
8533.000000
10697.000000
8430.000000
10627.000000
8329.000000
10561.000000
8232.000000
10501.000000
8142.000000
10449.000000
11551155
8820.000000
10913.000000
8731.000000
10842.000000
8634.000000
10769.000000
8533.000000
10697.000000
8430.000000
10627.000000
8329.000000
10561.000000
8232.000000
10501.000000
8142.000000
10449.000000
11551155
8965.000000
11031.000000
8894.000000
10969.000000
8812.000000
10901.000000
8721.000000
10831.000000
8623.000000
10758.000000
8521.000000
10687.000000
8418.000000
10618.000000
8218.000000
10554.000000
11551155
8965.000000
11031.000000
8894.000000
10969.000000
8812.000000
10901.000000
8721.000000
10831.000000
8623.000000
10758.000000
8521.000000
10687.000000
8418.000000
10618.000000
8218.000000
10554.000000
11551155
8965.000000
11031.000000
8894.000000
10969.000000
8812.000000
10901.000000
8721.000000
10831.000000
8623.000000
10758.000000
8521.000000
10687.000000
8418.000000
10618.000000
8218.000000
10554.000000
11551155
8862.000000
10951.000000
8778.000000
10884.000000
8685.000000
10813.000000
8587.000000
10742.000000
8486.000000
10673.000000
8386.000000
10606.000000
8289.000000
10546.000000
8197.000000
10491.000000
11551155
8862.000000
10951.000000
8778.000000
10884.000000
8685.000000
10813.000000
8587.000000
10742.000000
8486.000000
10673.000000
8386.000000
10606.000000
8289.000000
10546.000000
8197.000000
10491.000000
11551155
8828.000000
10951.000000
8757.000000
10882.000000
8671.000000
10810.000000
8575.000000
10738.000000
8474.000000
10666.000000
8373.000000
10599.000000
8275.000000
10537.000000
8182.000000
10482.000000
11551155
8828.000000
10951.000000
8757.000000
10882.000000
8671.000000
10810.000000
8575.000000
10738.000000
8474.000000
10666.000000
8373.000000
10599.000000
8275.000000
10537.000000
8182.000000
10482.000000
11551155
8881.000000
10972.000000
8801.000000
10905.000000
8711.000000
10835.000000
8614.000000
10762.000000
8512.000000
10690.000000
8409.000000
10621.000000
8308.000000
10556.000000
8211.000000
10497.000000
11551155
8881.000000
10972.000000
8801.000000
10905.000000
8711.000000
10835.000000
8614.000000
10762.000000
8512.000000
10690.000000
8409.000000
10621.000000
8308.000000
10556.000000
8211.000000
10497.000000
11551155
8881.000000
10972.000000
8801.000000
10905.000000
8711.000000
10835.000000
8614.000000
10762.000000
8512.000000
10690.000000
8409.000000
10621.000000
8308.000000
10556.000000
8211.000000
10497.000000
11551155
8762.000000
10879.000000
8671.000000
10808.000000
8573.000000
10736.000000
8472.000000
10664.000000
8370.000000
10596.000000
8271.000000
10533.000000
8177.000000
10476.000000
8091.000000
10427.000000
11551155
8762.000000
10879.000000
8671.000000
10808.000000
8573.000000
10736.000000
8472.000000
10664.000000
8370.000000
10596.000000
8271.000000
10533.000000
8177.000000
10476.000000
8091.000000
10427.000000
11551155
8801.000000
10907.000000
8713.000000
10838.000000
8618.000000
10766.000000
8517.000000
10694.000000
8415.000000
10625.000000
8314.000000
10559.000000
8217.000000
10500.000000
8126.000000
10447.000000
11551155
8801.000000
10907.000000
8713.000000
10838.000000
8618.000000
10766.000000
8517.000000
10694.000000
8415.000000
10625.000000
8314.000000
10559.000000
8217.000000
10500.000000
8126.000000
10447.000000
11551155
8801.000000
10907.000000
8713.000000
10838.000000
8618.000000
10766.000000
8517.000000
10694.000000
8415.000000
10625.000000
8314.000000
10559.000000
8217.000000
10500.000000
8126.000000
10447.000000
11551155
8659.000000
10805.000000
8563.000000
10733.000000
8463.000000
10661.000000
8362.000000
10593.000000
8262.000000
10529.000000
8168.000000
10471.000000
8080.000000
10420.000000
8001.000000
10377.000000
11551155
8659.000000
10805.000000
8563.000000
10733.000000
8463.000000
10661.000000
8362.000000
10593.000000
8262.000000
10529.000000
8168.000000
10471.000000
8080.000000
10420.000000
8001.000000
10377.000000
11551155
8786.000000
10905.000000
8699.000000
10836.000000
8604.000000
10764.000000
8504.000000
10692.000000
8402.000000
10623.000000
8301.000000
10557.000000
8204.000000
10497.000000
8023.000000
10444.000000
11551155
8786.000000
10905.000000
8699.000000
10836.000000
8604.000000
10764.000000
8504.000000
10692.000000
8402.000000
10623.000000
8301.000000
10557.000000
8204.000000
10497.000000
8023.000000
10444.000000
11551155
8757.000000
10888.000000
8669.000000
10819.000000
8575.000000
10748.000000
8476.000000
10678.000000
8376.000000
10610.000000
8278.000000
10546.000000
8184.000000
10488.000000
8097.000000
10437.000000
11551155
8757.000000
10888.000000
8669.000000
10819.000000
8575.000000
10748.000000
8476.000000
10678.000000
8376.000000
10610.000000
8278.000000
10546.000000
8184.000000
10488.000000
8097.000000
10437.000000
11551155
8757.000000
10888.000000
8669.000000
10819.000000
8575.000000
10748.000000
8476.000000
10678.000000
8376.000000
10610.000000
8278.000000
10546.000000
8184.000000
10488.000000
8097.000000
10437.000000
11551155
8624.000000
10850.000000
8522.000000
10778.000000
8469.000000
10705.000000
8390.000000
10634.000000
8300.000000
10567.000000
8208.000000
10505.000000
8119.000000
10450.000000
8037.000000
10402.000000
11551155
8624.000000
10850.000000
8522.000000
10778.000000
8469.000000
10705.000000
8390.000000
10634.000000
8300.000000
10567.000000
8208.000000
10505.000000
8119.000000
10450.000000
8037.000000
10402.000000
11551155
8755.000000
10888.000000
8667.000000
10818.000000
8571.000000
10746.000000
8471.000000
10673.000000
8369.000000
10603.000000
8268.000000
10537.000000
8171.000000
10478.000000
8082.000000
10424.000000
11551155
8755.000000
10888.000000
8667.000000
10818.000000
8571.000000
10746.000000
8471.000000
10673.000000
8369.000000
10603.000000
8268.000000
10537.000000
8171.000000
10478.000000
8082.000000
10424.000000
11551155
8673.000000
10818.000000
8579.000000
10747.000000
8481.000000
10676.000000
8380.000000
10607.000000
8280.000000
10542.000000
8184.000000
10482.000000
8095.000000
10429.000000
8014.000000
10384.000000
11551155
8673.000000
10818.000000
8579.000000
10747.000000
8481.000000
10676.000000
8380.000000
10607.000000
8280.000000
10542.000000
8184.000000
10482.000000
8095.000000
10429.000000
8014.000000

