11551155
7439.000000
9421.000000
7359.000000
9359.000000
7317.000000
9295.000000
7253.000000
9231.000000
7180.000000
9170.000000
7103.000000
9113.000000
7028.000000
9061.000000
6958.000000
9016.000000
11551155
7631.000000
9533.000000
7568.000000
9475.000000
7497.000000
9413.000000
7419.000000
9348.000000
7337.000000
9284.000000
7254.000000
9221.000000
7172.000000
9163.000000
7093.000000
9109.000000
11551155
7631.000000
9533.000000
7568.000000
9475.000000
7497.000000
9413.000000
7419.000000
9348.000000
7337.000000
9284.000000
7254.000000
9221.000000
7172.000000
9163.000000
7093.000000
9109.000000
11551155
7591.000000
9493.000000
7519.000000
9431.000000
7441.000000
9367.000000
7360.000000
9304.000000
7278.000000
9243.000000
7197.000000
9186.000000
7120.000000
9134.000000
7049.000000
9089.000000
11551155
7591.000000
9493.000000
7519.000000
9431.000000
7441.000000
9367.000000
7360.000000
9304.000000
7278.000000
9243.000000
7197.000000
9186.000000
7120.000000
9134.000000
7049.000000
9089.000000
11551155
7591.000000
9493.000000
7519.000000
9431.000000
7441.000000
9367.000000
7360.000000
9304.000000
7278.000000
9243.000000
7197.000000
9186.000000
7120.000000
9134.000000
7049.000000
9089.000000
11551155
7734.000000
9610.000000
7672.000000
9553.000000
7602.000000
9492.000000
7525.000000
9428.000000
7443.000000
9364.000000
7359.000000
9301.000000
7276.000000
9242.000000
7195.000000
9187.000000
11551155
7734.000000
9610.000000
7672.000000
9553.000000
7602.000000
9492.000000
7525.000000
9428.000000
7443.000000
9364.000000
7359.000000
9301.000000
7276.000000
9242.000000
7195.000000
9187.000000
11551155
7760.000000
9633.000000
7697.000000
9576.000000
7626.000000
9514.000000
7549.000000
9451.000000
7467.000000
9386.000000
7383.000000
9323.000000
7300.000000
9264.000000
7219.000000
9209.000000
11551155
7760.000000
9633.000000
7697.000000
9576.000000
7626.000000
9514.000000
7549.000000
9451.000000
7467.000000
9386.000000
7383.000000
9323.000000
7300.000000
9264.000000
7219.000000
9209.000000
11551155
7760.000000
9633.000000
7697.000000
9576.000000
7626.000000
9514.000000
7549.000000
9451.000000
7467.000000
9386.000000
7383.000000
9323.000000
7300.000000
9264.000000
7219.000000
9209.000000
11551155
7664.000000
9602.000000
7586.000000
9542.000000
7544.000000
9478.000000
7480.000000
9415.000000
7405.000000
9352.000000
7326.000000
9293.000000
7247.000000
9238.000000
7172.000000
9189.000000
11551155
7664.000000
9602.000000
7586.000000
9542.000000
7544.000000
9478.000000
7480.000000
9415.000000
7405.000000
9352.000000
7326.000000
9293.000000
7247.000000
9238.000000
7172.000000
9189.000000
11551155
7806.000000
9671.000000
7743.000000
9614.000000
7672.000000
9552.000000
7594.000000
9488.000000
7511.000000
9423.000000
7427.000000
9359.000000
7343.000000
9298.000000
7261.000000
9242.000000
11551155
7806.000000
9671.000000
7743.000000
9614.000000
7672.000000
9552.000000
7594.000000
9488.000000
7511.000000
9423.000000
7427.000000
9359.000000
7343.000000
9298.000000
7261.000000
9242.000000
11551155
7806.000000
9671.000000
7743.000000
9614.000000
7672.000000
9552.000000
7594.000000
9488.000000
7511.000000
9423.000000
7427.000000
9359.000000
7343.000000
9298.000000
7261.000000
9242.000000
11551155
7659.000000
9544.000000
7581.000000
9480.000000
7499.000000
9415.000000
7414.000000
9352.000000
7329.000000
9291.000000
7247.000000
9235.000000
7170.000000
9185.000000
7099.000000
9141.000000
11551155
7659.000000
9544.000000
7581.000000
9480.000000
7499.000000
9415.000000
7414.000000
9352.000000
7329.000000
9291.000000
7247.000000
9235.000000
7170.000000
9185.000000
7099.000000
9141.000000
11551155
7768.000000
9636.000000
7701.000000
9576.000000
7626.000000
9514.000000
7545.000000
9450.000000
7461.000000
9386.000000
7376.000000
9325.000000
7293.000000
9268.000000
7213.000000
9217.000000
11551155
7768.000000
9636.000000
7701.000000
9576.000000
7626.000000
9514.000000
7545.000000
9450.000000
7461.000000
9386.000000
7376.000000
9325.000000
7293.000000
9268.000000
7213.000000
9217.000000
11551155
7768.000000
9636.000000
7701.000000
9576.000000
7626.000000
9514.000000
7545.000000
9450.000000
7461.000000
9386.000000
7376.000000
9325.000000
7293.000000
9268.000000
7213.000000
9217.000000
11551155
7686.000000
9561.000000
7609.000000
9498.000000
7527.000000
9434.000000
7442.000000
9371.000000
7357.000000
9311.000000
7275.000000
9256.000000
7197.000000
9206.000000
7126.000000
9162.000000
11551155
7686.000000
9561.000000
7609.000000
9498.000000
7527.000000
9434.000000
7442.000000
9371.000000
7357.000000
9311.000000
7275.000000
9256.000000
7197.000000
9206.000000
7126.000000
9162.000000
11551155
7743.000000
9605.000000
7671.000000
9543.000000
7592.000000
9479.000000
7508.000000
9415.000000
7423.000000
9352.000000
7338.000000
9293.000000
7256.000000
9238.000000
7179.000000
9189.000000
11551155
7743.000000
9605.000000
7671.000000
9543.000000
7592.000000
9479.000000
7508.000000
9415.000000
7423.000000
9352.000000
7338.000000
9293.000000
7256.000000
9238.000000
7179.000000
9189.000000
11551155
7743.000000
9605.000000
7671.000000
9543.000000
7592.000000
9479.000000
7508.000000
9415.000000
7423.000000
9352.000000
7338.000000
9293.000000
7256.000000
9238.000000
7179.000000
9189.000000
11551155
7768.000000
9626.000000
7699.000000
9565.000000
7623.000000
9501.000000
7541.000000
9436.000000
7456.000000
9372.000000
7371.000000
9312.000000
7287.000000
9255.000000
7208.000000
9203.000000
11551155
7768.000000
9626.000000
7699.000000
9565.000000
7623.000000
9501.000000
7541.000000
9436.000000
7456.000000
9372.000000
7371.000000
9312.000000
7287.000000
9255.000000
7208.000000
9203.000000
11551155
7709.000000
9584.000000
7641.000000
9522.000000
7565.000000
9458.000000
7483.000000
9394.000000
7399.000000
9333.000000
7317.000000
9275.000000
7237.000000
9222.000000
7163.000000
9175.000000
11551155
7709.000000
9584.000000
7641.000000
9522.000000
7565.000000
9458.000000
7483.000000
9394.000000
7399.000000
9333.000000
7317.000000
9275.000000
7237.000000
9222.000000
7163.000000
9175.000000
11551155
7709.000000
9584.000000
7641.000000
9522.000000
7565.000000
9458.000000
7483.000000
9394.000000
7399.000000
9333.000000
7317.000000
9275.000000
7237.000000
9222.000000
7163.000000
9175.000000
11551155
7815.000000
9660.000000
7750.000000
9602.000000
7677.000000
9539.000000
7597.000000
9475.000000
7513.000000
9410.000000
7427.000000
9347.000000
7342.000000
9287.000000
7260.000000
9232.000000
11551155
7815.000000
9660.000000
7750.000000
9602.000000
7677.000000
9539.000000
7597.000000
9475.000000
7513.000000
9410.000000
7427.000000
9347.000000
7342.000000
9287.000000
7260.000000
9232.000000
11551155
7716.000000
9566.000000
7639.000000
9503.000000
7557.000000
9438.000000
7472.000000
9374.000000
7386.000000
9313.000000
7302.000000
9256.000000
7222.000000
9204.000000
7148.000000
9158.000000
11551155
7716.000000
9566.000000
7639.000000
9503.000000
7557.000000
9438.000000
7472.000000
9374.000000
7386.000000
9313.000000
7302.000000
9256.000000
7222.000000
9204.000000
7148.000000
9158.000000
11551155
7716.000000
9566.000000
7639.000000
9503.000000
7557.000000
9438.000000
7472.000000
9374.000000
7386.000000
9313.000000
7302.000000
9256.000000
7222.000000
9204.000000
7148.000000
9158.000000
11551155
7849.000000
9681.000000
7785.000000
9623.000000
7713.000000
9562.000000
7634.000000
9498.000000
7551.000000
9433.000000
7465.000000
9370.000000
7380.000000
9310.000000
7298.000000
9254.000000
11551155
7849.000000
9681.000000
7785.000000
9623.000000
7713.000000
9562.000000
7634.000000
9498.000000
7551.000000
9433.000000
7465.000000
9370.000000
7380.000000
9310.000000
7298.000000
9254.000000
11551155
7852.000000
9675.000000
7784.000000
9616.000000
7709.000000
9553.000000
7628.000000
9489.000000
7543.000000
9424.000000
7457.000000
9362.000000
7373.000000
9304.000000
7293.000000
9251.000000
11551155
7852.000000
9675.000000
7784.000000
9616.000000
7709.000000
9553.000000
7628.000000
9489.000000
7543.000000
9424.000000
7457.000000
9362.000000
7373.000000
9304.000000
7293.000000
9251.000000
11551155
7852.000000
9675.000000
7784.000000
9616.000000
7709.000000
9553.000000
7628.000000
9489.000000
7543.000000
9424.000000
7457.000000
9362.000000
7373.000000
9304.000000
7293.000000
9251.000000
11551155
7813.000000
9654.000000
7754.000000
9593.000000
7682.000000
9528.000000
7602.000000
9463.000000
7517.000000
9399.000000
7432.000000
9338.000000
7349.000000
9281.000000
7270.000000
9230.000000
11551155
7813.000000
9654.000000
7754.000000
9593.000000
7682.000000
9528.000000
7602.000000
9463.000000
7517.000000
9399.000000
7432.000000
9338.000000
7349.000000
9281.000000
7270.000000
9230.000000
11551155
7915.000000
9716.000000
7851.000000
9659.000000
7779.000000
9597.000000
7700.000000
9533.000000
7616.000000
9469.000000
7530.000000
9405.000000
7444.000000
9345.000000
7360.000000
9290.000000
11551155
7915.000000
9716.000000
7851.000000
9659.000000
7779.000000
9597.000000
7700.000000
9533.000000
7616.000000
9469.000000
7530.000000
9405.000000
7444.000000
9345.000000
7360.000000
9290.000000
11551155
7915.000000
9716.000000
7851.000000
9659.000000
7779.000000
9597.000000
7700.000000
9533.000000
7616.000000
9469.000000
7530.000000
9405.000000
7444.000000
9345.000000
7360.000000
9290.000000
11551155
7828.000000
9633.000000
7752.000000
9570.000000
7670.000000
9506.000000
7585.000000
9443.000000
7500.000000
9382.000000
7416.000000
9325.000000
7336.000000
9273.000000
7262.000000
9227.000000
11551155
7828.000000
9633.000000
7752.000000
9570.000000
7670.000000
9506.000000
7585.000000
9443.000000
7500.000000
9382.000000
7416.000000
9325.000000
7336.000000
9273.000000
7262.000000
9227.000000
11551155
7909.000000
9700.000000
7838.000000
9639.000000
7759.000000
9575.000000
7675.000000
9509.000000
7589.000000
9445.000000
7502.000000
9383.000000
7418.000000
9325.000000
7338.000000
9273.000000
11551155
7909.000000
9700.000000
7838.000000
9639.000000
7759.000000
9575.000000
7675.000000
9509.000000
7589.000000
9445.000000
7502.000000
9383.000000
7418.000000
9325.000000
7338.000000
9273.000000
11551155
7909.000000
9700.000000
7838.000000
9639.000000
7759.000000
9575.000000
7675.000000
9509.000000
7589.000000
9445.000000
7502.000000
9383.000000
7418.000000
9325.000000
7338.000000
9273.000000
11551155
7887.000000
9675.000000
7812.000000
9612.000000
7731.000000
9547.000000
7645.000000
9481.000000
7557.000000
9417.000000
7470.000000
9356.000000
7387.000000
9300.000000
7309.000000
9250.000000
11551155
7887.000000
9675.000000
7812.000000
9612.000000
7731.000000
9547.000000
7645.000000
9481.000000
7557.000000
9417.000000
7470.000000
9356.000000
7387.000000
9300.000000
7309.000000
9250.000000
11551155
7885.000000
9696.000000
7826.000000
9634.000000
7754.000000
9570.000000
7674.000000
9505.000000
7589.000000
9442.000000
7504.000000
9381.000000
7421.000000
9325.000000
7342.000000
9275.000000
11551155
7885.000000
9696.000000
7826.000000
9634.000000
7754.000000
9570.000000
7674.000000
9505.000000
7589.000000
9442.000000
7504.000000
9381.000000
7421.000000
9325.000000
7342.000000
9275.000000
11551155
7885.000000
9696.000000
7826.000000
9634.000000
7754.000000
9570.000000
7674.000000
9505.000000
7589.000000
9442.000000
7504.000000
9381.000000
7421.000000
9325.000000
7342.000000
9275.000000
11551155
7959.000000
9724.000000
7887.000000
9663.000000
7808.000000
9598.000000
7723.000000
9532.000000
7635.000000
9466.000000
7547.000000
9403.000000
7461.000000
9344.000000
7379.000000
9291.000000
11551155
7959.000000
9724.000000
7887.000000
9663.000000
7808.000000
9598.000000
7723.000000
9532.000000
7635.000000
9466.000000
7547.000000
9403.000000
7461.000000
9344.000000
7379.000000
9291.000000
11551155
7879.000000
9655.000000
7800.000000
9590.000000
7716.000000
9523.000000
7629.000000
9458.000000
7541.000000
9395.000000
7455.000000
9337.000000
7373.000000
9283.000000
7297.000000
9237.000000
11551155
7879.000000
9655.000000
7800.000000
9590.000000
7716.000000
9523.000000
7629.000000
9458.000000
7541.000000
9395.000000
7455.000000
9337.000000
7373.000000
9283.000000
7297.000000
9237.000000
11551155
7879.000000
9655.000000
7800.000000
9590.000000
7716.000000
9523.000000
7629.000000
9458.000000
7541.000000
9395.000000
7455.000000
9337.000000
7373.000000
9283.000000
7297.000000
9237.000000
11551155
7945.000000
9709.000000
7871.000000
9646.000000
7789.000000
9580.000000
7703.000000
9514.000000
7615.000000
9449.000000
7527.000000
9387.000000
7442.000000
9331.000000
7362.000000
9280.000000
11551155
7945.000000
9709.000000
7871.000000
9646.000000
7789.000000
9580.000000
7703.000000
9514.000000
7615.000000
9449.000000
7527.000000
9387.000000
7442.000000
9331.000000
7362.000000
9280.000000
11551155
7941.000000
9700.000000
7861.000000
9635.000000
7776.000000
9568.000000
7687.000000
9501.000000
7598.000000
9436.000000
7510.000000
9376.000000
7426.000000
9321.000000
7348.000000
9272.000000
11551155
7941.000000
9700.000000
7861.000000
9635.000000
7776.000000
9568.000000
7687.000000
9501.000000
7598.000000
9436.000000
7510.000000
9376.000000
7426.000000
9321.000000
7348.000000
9272.000000
11551155
7941.000000
9700.000000
7861.000000
9635.000000
7776.000000
9568.000000
7687.000000
9501.000000
7598.000000
9436.000000
7510.000000
9376.000000
7426.000000
9321.000000
7348.000000
9272.000000
11551155
7822.000000
9667.000000
7733.000000
9599.000000
7687.000000
9531.000000
7618.000000
9464.000000
7539.000000
9401.000000
7458.000000
9342.000000
7379.000000
9289.000000
7305.000000
9242.000000
11551155
7822.000000
9667.000000
7733.000000
9599.000000
7687.000000
9531.000000
7618.000000
9464.000000
7539.000000
9401.000000
7458.000000
9342.000000
7379.000000
9289.000000
7305.000000
9242.000000
11551155
7995.000000
9739.000000
7922.000000
9675.000000
7841.000000
9608.000000
7754.000000
9539.000000
7664.000000
9472.000000
7574.000000
9408.000000
7486.000000
9347.000000
7403.000000
9293.000000
11551155
7995.000000
9739.000000
7922.000000
9675.000000
7841.000000
9608.000000
7754.000000
9539.000000
7664.000000
9472.000000
7574.000000
9408.000000
7486.000000
9347.000000
7403.000000
9293.000000
11551155
7995.000000
9739.000000
7922.000000
9675.000000
7841.000000
9608.000000
7754.000000
9539.000000
7664.000000
9472.000000
7574.000000
9408.000000
7486.000000
9347.000000
7403.000000
9293.000000
11551155
7905.000000
9659.000000
7823.000000
9592.000000
7735.000000
9523.000000
7645.000000
9456.000000
7556.000000
9391.000000
7469.000000
9331.000000
7387.000000
9278.000000
7311.000000
9230.000000
11551155
7905.000000
9659.000000
7823.000000
9592.000000
7735.000000
9523.000000
7645.000000
9456.000000
7556.000000
9391.000000
7469.000000
9331.000000
7387.000000
9278.000000
7311.000000
9230.000000
11551155
7916.000000
9654.000000
7835.000000
9586.000000
7748.000000
9518.000000
7658.000000
9450.000000
7567.000000
9385.000000
7478.000000
9324.000000
7393.000000
9269.000000
7315.000000
9220.000000
11551155
7916.000000
9654.000000
7835.000000
9586.000000
7748.000000
9518.000000
7658.000000
9450.000000
7567.000000
9385.000000
7478.000000
9324.000000
7393.000000
9269.000000
7315.000000
9220.000000
11551155
7916.000000
9654.000000
7835.000000
9586.000000
7748.000000
9518.000000
7658.000000
9450.000000
7567.000000
9385.000000
7478.000000
9324.000000
7393.000000
9269.000000
7315.000000
9220.000000
11551155
7842.000000
9586.000000
7756.000000
9517.000000
7665.000000
9449.000000
7574.000000
9382.000000
7484.000000
9320.000000
7398.000000
9263.000000
7318.000000
9213.000000
7246.000000
9169.000000
11551155
7842.000000
9586.000000
7756.000000
9517.000000
7665.000000
9449.000000
7574.000000
9382.000000
7484.000000
9320.000000
7398.000000
9263.000000
7318.000000
9213.000000
7246.000000
9169.000000
11551155
7872.000000
9605.000000
7790.000000
9537.000000
7702.000000
9468.000000
7611.000000
9400.000000
7520.000000
9335.000000
7432.000000
9274.000000
7349.000000
9220.000000
7272.000000
9172.000000
11551155
7872.000000
9605.000000
7790.000000
9537.000000
7702.000000
9468.000000
7611.000000
9400.000000
7520.000000
9335.000000
7432.000000
9274.000000
7349.000000
9220.000000
7272.000000
9172.000000
11551155
7872.000000
9605.000000
7790.000000
9537.000000
7702.000000
9468.000000
7611.000000
9400.000000
7520.000000
9335.000000
7432.000000
9274.000000
7349.000000
9220.000000
7272.000000
9172.000000
11551155
7817.000000
9555.000000
7731.000000
9486.000000
7641.000000
9417.000000
7549.000000
9350.000000
7458.000000
9287.000000
7371.000000
9229.000000
7290.000000
9178.000000
7217.000000
9133.000000
11551155
7817.000000
9555.000000
7731.000000
9486.000000
7641.000000
9417.000000
7549.000000
9350.000000
7458.000000
9287.000000
7371.000000
9229.000000
7290.000000
9178.000000
7217.000000
9133.000000
11551155
7833.000000
9559.000000
7663.000000
9489.000000
7568.000000
9420.000000
7521.000000
9352.000000
7452.000000
9287.000000
7375.000000
9228.000000
7298.000000
9175.000000
7225.000000
9129.000000
11551155
7833.000000
9559.000000
7663.000000
9489.000000
7568.000000
9420.000000
7521.000000
9352.000000
7452.000000
9287.000000
7375.000000
9228.000000
7298.000000
9175.000000
7225.000000
9129.000000
11551155
7900.000000
9614.000000
7822.000000
9548.000000
7737.000000
9478.000000
7647.000000
9409.000000
7556.000000
9342.000000
7466.000000
9278.000000
7379.000000
9220.000000
7298.000000
9167.000000
11551155
7900.000000
9614.000000
7822.000000
9548.000000
7737.000000
9478.000000
7647.000000
9409.000000
7556.000000
9342.000000
7466.000000
9278.000000
7379.000000
9220.000000
7298.000000
9167.000000
11551155
7900.000000
9614.000000
7822.000000
9548.000000
7737.000000
9478.000000
7647.000000
9409.000000
7556.000000
9342.000000
7466.000000
9278.000000
7379.000000
9220.000000
7298.000000
9167.000000
11551155
7815.000000
9531.000000
7727.000000
9460.000000
7634.000000
9389.000000
7541.000000
9321.000000
7449.000000
9257.000000
7361.000000
9199.000000
7280.000000
9147.000000
7206.000000
9103.000000
11551155
7815.000000
9531.000000
7727.000000
9460.000000
7634.000000
9389.000000
7541.000000
9321.000000
7449.000000
9257.000000
7361.000000
9199.000000
7280.000000
9147.000000
7206.000000
9103.000000
11551155
7934.000000
9623.000000
7854.000000
9556.000000
7767.000000
9484.000000
7675.000000
9412.000000
7580.000000
9341.000000
7485.000000
9273.000000
7393.000000
9210.000000
7306.000000
9152.000000
11551155
7934.000000
9623.000000
7854.000000
9556.000000
7767.000000
9484.000000
7675.000000
9412.000000
7580.000000
9341.000000
7485.000000
9273.000000
7393.000000
9210.000000
7306.000000
9152.000000
11551155
7934.000000
9623.000000
7854.000000
9556.000000
7767.000000
9484.000000
7675.000000
9412.000000
7580.000000
9341.000000
7485.000000
9273.000000
7393.000000
9210.000000
7306.000000
9152.000000
11551155
7654.000000
9316.000000
7572.000000
9250.000000
7485.000000
9184.000000
7396.000000
9120.000000
7308.000000
9061.000000
7224.000000
9006.000000
7145.000000
8958.000000
7074.000000
8917.000000
11551155
7654.000000
9316.000000
7572.000000
9250.000000
7485.000000
9184.000000
7396.000000
9120.000000
7308.000000
9061.000000
7224.000000
9006.000000
7145.000000
8958.000000
7074.000000
8917.000000
11551155
7783.000000
9409.000000
7706.000000
9342.000000
7621.000000
9273.000000
7532.000000
9204.000000
7440.000000
9136.000000
7349.000000
9073.000000
7261.000000
9014.000000
7179.000000
8963.000000
11551155
7783.000000
9409.000000
7706.000000
9342.000000
7621.000000
9273.000000
7532.000000
9204.000000
7440.000000
9136.000000
7349.000000
9073.000000
7261.000000
9014.000000
7179.000000
8963.000000
11551155
7783.000000
9409.000000
7706.000000
9342.000000
7621.000000
9273.000000
7532.000000
9204.000000
7440.000000
9136.000000
7349.000000
9073.000000
7261.000000
9014.000000
7179.000000
8963.000000
11551155
7936.000000
9578.000000
7865.000000
9515.000000
7786.000000
9449.000000
7700.000000
9379.000000
7610.000000
9310.000000
7519.000000
9243.000000
7428.000000
9180.000000
7341.000000
9122.000000
11551155
7936.000000
9578.000000
7865.000000
9515.000000
7786.000000
9449.000000
7700.000000
9379.000000
7610.000000
9310.000000
7519.000000
9243.000000
7428.000000
9180.000000
7341.000000
9122.000000
11551155
8017.000000
9663.000000
7941.000000
9596.000000
7856.000000
9526.000000
7766.000000
9455.000000
7673.000000
9386.000000
7580.000000
9321.000000
7490.000000
9260.000000
7405.000000
9207.000000
11551155
8017.000000
9663.000000
7941.000000
9596.000000
7856.000000
9526.000000
7766.000000
9455.000000
7673.000000
9386.000000
7580.000000
9321.000000
7490.000000
9260.000000
7405.000000
9207.000000
11551155
8017.000000
9663.000000
7941.000000
9596.000000
7856.000000
9526.000000
7766.000000
9455.000000
7673.000000
9386.000000
7580.000000
9321.000000
7490.000000
9260.000000
7405.000000
9207.000000
11551155
8071.000000
9689.000000
7996.000000
9623.000000
7913.000000
9554.000000
7823.000000
9483.000000
7730.000000
9413.000000
7635.000000
9346.000000
7542.000000
9283.000000
7453.000000
9226.000000
11551155
8071.000000
9689.000000
7996.000000
9623.000000
7913.000000
9554.000000
7823.000000
9483.000000
7730.000000
9413.000000
7635.000000
9346.000000
7542.000000
9283.000000
7453.000000
9226.000000
11551155
7975.000000
9609.000000
7889.000000
9540.000000
7798.000000
9470.000000
7704.000000
9401.000000
7610.000000
9335.000000
7518.000000
9274.000000
7432.000000
9220.000000
7353.000000
9172.000000
11551155
7975.000000
9609.000000
7889.000000
9540.000000
7798.000000
9470.000000
7704.000000
9401.000000
7610.000000
9335.000000
7518.000000
9274.000000
7432.000000
9220.000000
7353.000000
9172.000000
11551155
7975.000000
9609.000000
7889.000000
9540.000000
7798.000000
9470.000000
7704.000000
9401.000000
7610.000000
9335.000000
7518.000000
9274.000000
7432.000000
9220.000000
7353.000000
9172.000000
11551155
8011.000000
9638.000000
7930.000000
9572.000000
7843.000000
9503.000000
7751.000000
9434.000000
7658.000000
9368.000000
7567.000000
9306.000000
7480.000000
9249.000000
7399.000000
9199.000000
11551155
8011.000000
9638.000000
7930.000000
9572.000000
7843.000000
9503.000000
7751.000000
9434.000000
7658.000000
9368.000000
7567.000000
9306.000000
7480.000000
9249.000000
7399.000000
9199.000000
11551155
7921.000000
9554.000000
7832.000000
9484.000000
7739.000000
9414.000000
7644.000000
9347.000000
7552.000000
9284.000000
7464.000000
9227.000000
7382.000000
9177.000000
7308.000000
9134.000000
11551155
7921.000000
9554.000000
7832.000000
9484.000000
7739.000000
9414.000000
7644.000000
9347.000000
7552.000000
9284.000000
7464.000000
9227.000000
7382.000000
9177.000000
7308.000000
9134.000000
11551155
7961.000000
9588.000000
7877.000000
9520.000000
7787.000000
9450.000000
7694.000000
9380.000000
7601.000000
9314.000000
7510.000000
9252.000000
7424.000000
9197.000000
7266.000000
9148.000000
11551155
7961.000000
9588.000000
7877.000000
9520.000000
7787.000000
9450.000000
7694.000000
9380.000000
7601.000000
9314.000000
7510.000000
9252.000000
7424.000000
9197.000000
7266.000000
9148.000000
11551155
7961.000000
9588.000000
7877.000000
9520.000000
7787.000000
9450.000000
7694.000000
9380.000000
7601.000000
9314.000000
7510.000000
9252.000000
7424.000000
9197.000000
7266.000000
9148.000000
11551155
7929.000000
9558.000000
7843.000000
9490.000000
7752.000000
9421.000000
7659.000000
9354.000000
7568.000000
9292.000000
7480.000000
9234.000000
7398.000000
9183.000000
7323.000000
9138.000000
11551155
7929.000000
9558.000000
7843.000000
9490.000000
7752.000000
9421.000000
7659.000000
9354.000000
7568.000000
9292.000000
7480.000000
9234.000000
7398.000000
9183.000000
7323.000000
9138.000000
11551155
7948.000000
9566.000000
7861.000000
9496.000000
7678.000000
9427.000000
7582.000000
9359.000000
7535.000000
9295.000000
7469.000000
9236.000000
7396.000000
9184.000000
7325.000000
9138.000000
11551155
7948.000000
9566.000000
7861.000000
9496.000000
7678.000000
9427.000000
7582.000000
9359.000000
7535.000000
9295.000000
7469.000000
9236.000000
7396.000000
9184.000000
7325.000000
9138.000000
11551155
7948.000000
9566.000000
7861.000000
9496.000000
7678.000000
9427.000000
7582.000000
9359.000000
7535.000000
9295.000000
7469.000000
9236.000000
7396.000000
9184.000000
7325.000000
9138.000000
11551155
7968.000000
9579.000000
7883.000000
9511.000000
7793.000000
9441.000000
7700.000000
9373.000000
7607.000000
9307.000000
7516.000000
9246.000000
7430.000000
9191.000000
7351.000000
9143.000000
11551155
7968.000000
9579.000000
7883.000000
9511.000000
7793.000000
9441.000000
7700.000000
9373.000000
7607.000000
9307.000000
7516.000000
9246.000000
7430.000000
9191.000000
7351.000000
9143.000000
11551155
7977.000000
9577.000000
7896.000000
9509.000000
7808.000000
9440.000000
7715.000000
9371.000000
7622.000000
9305.000000
7531.000000
9244.000000
7444.000000
9189.000000
7364.000000
9140.000000
11551155
7977.000000
9577.000000
7896.000000
9509.000000
7808.000000
9440.000000
7715.000000
9371.000000
7622.000000
9305.000000
7531.000000
9244.000000
7444.000000
9189.000000
7364.000000
9140.000000
11551155
7979.000000
9571.000000
7897.000000
9504.000000
7809.000000
9435.000000
7717.000000
9367.000000
7624.000000
9302.000000
7534.000000
9241.000000
7448.000000
9185.000000
7368.000000
9136.000000
11551155
7979.000000
9571.000000
7897.000000
9504.000000
7809.000000
9435.000000
7717.000000
9367.000000
7624.000000
9302.000000
7534.000000
9241.000000
7448.000000
9185.000000
7368.000000
9136.000000
11551155
7979.000000
9571.000000
7897.000000
9504.000000
7809.000000
9435.000000
7717.000000
9367.000000
7624.000000
9302.000000
7534.000000
9241.000000
7448.000000
9185.000000
7368.000000
9136.000000
11551155
7805.000000
9426.000000
7715.000000
9357.000000
7622.000000
9290.000000
7530.000000
9227.000000
7441.000000
9169.000000
7358.000000
9117.000000
7282.000000
9072.000000
7215.000000
9034.000000
11551155
7805.000000
9426.000000
7715.000000
9357.000000
7622.000000
9290.000000
7530.000000
9227.000000
7441.000000
9169.000000
7358.000000
9117.000000
7282.000000
9072.000000
7215.000000
9034.000000
11551155
7939.000000
9529.000000
7856.000000
9462.000000
7768.000000
9394.000000
7676.000000
9326.000000
7583.000000
9262.000000
7492.000000
9202.000000
7406.000000
9147.000000
7326.000000
9099.000000
11551155
7939.000000
9529.000000
7856.000000
9462.000000
7768.000000
9394.000000
7676.000000
9326.000000
7583.000000
9262.000000
7492.000000
9202.000000
7406.000000
9147.000000
7326.000000
9099.000000
11551155
7939.000000
9529.000000
7856.000000
9462.000000
7768.000000
9394.000000
7676.000000
9326.000000
7583.000000
9262.000000
7492.000000
9202.000000
7406.000000
9147.000000
7326.000000
9099.000000
11551155
7778.000000
9398.000000
7688.000000
9331.000000
7597.000000
9268.000000
7508.000000
9207.000000
7423.000000
9153.000000
7343.000000
9105.000000
7271.000000
9064.000000
7208.000000
9030.000000
11551155
7778.000000
9398.000000
7688.000000
9331.000000
7597.000000
9268.000000
7508.000000
9207.000000
7423.000000
9153.000000
7343.000000
9105.000000
7271.000000
9064.000000
7208.000000
9030.000000
11551155
7828.000000
9437.000000
7739.000000
9368.000000
7647.000000
9299.000000
7554.000000
9234.000000
7463.000000
9173.000000
7376.000000
9118.000000
7296.000000
9069.000000
7224.000000
9027.000000
11551155
7828.000000
9437.000000
7739.000000
9368.000000
7647.000000
9299.000000
7554.000000
9234.000000
7463.000000
9173.000000
7376.000000
9118.000000
7296.000000
9069.000000
7224.000000
9027.000000
11551155
7743.000000
9361.000000
7651.000000
9292.000000
7557.000000
9225.000000
7465.000000
9163.000000
7377.000000
9107.000000
7295.000000
9057.000000
7221.000000
9014.000000
7156.000000
8978.000000
11551155
7743.000000
9361.000000
7651.000000
9292.000000
7557.000000
9225.000000
7465.000000
9163.000000
7377.000000
9107.000000
7295.000000
9057.000000
7221.000000
9014.000000
7156.000000
8978.000000
11551155
7743.000000
9361.000000
7651.000000
9292.000000
7557.000000
9225.000000
7465.000000
9163.000000
7377.000000
9107.000000
7295.000000
9057.000000
7221.000000
9014.000000
7156.000000
8978.000000
11551155
7885.000000
9477.000000
7805.000000
9411.000000
7718.000000
9344.000000
7628.000000
9277.000000
7537.000000
9213.000000
7448.000000
9152.000000
7363.000000
9097.000000
7285.000000
9049.000000
11551155
7885.000000
9477.000000
7805.000000
9411.000000
7718.000000
9344.000000
7628.000000
9277.000000
7537.000000
9213.000000
7448.000000
9152.000000
7363.000000
9097.000000
7285.000000
9049.000000
11551155
7911.000000
9480.000000
7830.000000
9414.000000
7742.000000
9346.000000
7651.000000
9278.000000
7559.000000
9213.000000
7469.000000
9153.000000
7383.000000
9098.000000
7303.000000
9049.000000
11551155
7911.000000
9480.000000
7830.000000
9414.000000
7742.000000
9346.000000
7651.000000
9278.000000
7559.000000
9213.000000
7469.000000
9153.000000
7383.000000
9098.000000
7303.000000
9049.000000
11551155
7911.000000
9480.000000
7830.000000
9414.000000
7742.000000
9346.000000
7651.000000
9278.000000
7559.000000
9213.000000
7469.000000
9153.000000
7383.000000
9098.000000
7303.000000
9049.000000
11551155
7921.000000
9491.000000
7841.000000
9428.000000
7756.000000
9363.000000
7667.000000
9299.000000
7490.000000
9237.000000
7404.000000
9179.000000
7364.000000
9128.000000
7309.000000
9081.000000
11551155
7921.000000
9491.000000
7841.000000
9428.000000
7756.000000
9363.000000
7667.000000
9299.000000
7490.000000
9237.000000
7404.000000
9179.000000
7364.000000
9128.000000
7309.000000
9081.000000
11551155
7975.000000
9531.000000
7896.000000
9467.000000
7810.000000
9401.000000
7720.000000
9335.000000
7630.000000
9272.000000
7541.000000
9212.000000
7456.000000
9158.000000
7376.000000
9109.000000
11551155
7975.000000
9531.000000
7896.000000
9467.000000
7810.000000
9401.000000
7720.000000
9335.000000
7630.000000
9272.000000
7541.000000
9212.000000
7456.000000
9158.000000
7376.000000
9109.000000
11551155
7975.000000
9531.000000
7896.000000
9467.000000
7810.000000
9401.000000
7720.000000
9335.000000
7630.000000
9272.000000
7541.000000
9212.000000
7456.000000
9158.000000
7376.000000
9109.000000
11551155
8025.000000
9570.000000
7945.000000
9505.000000
7859.000000
9438.000000
7769.000000
9372.000000
7678.000000
9309.000000
7588.000000
9249.000000
7502.000000
9195.000000
7423.000000
9147.000000
11551155
8025.000000
9570.000000
7945.000000
9505.000000
7859.000000
9438.000000
7769.000000
9372.000000
7678.000000
9309.000000
7588.000000
9249.000000
7502.000000
9195.000000
7423.000000
9147.000000
11551155
8050.000000
9581.000000
7971.000000
9517.000000
7885.000000
9451.000000
7795.000000
9385.000000
7704.000000
9321.000000
7613.000000
9260.000000
7526.000000
9205.000000
7444.000000
9156.000000
11551155
8050.000000
9581.000000
7971.000000
9517.000000
7885.000000
9451.000000
7795.000000
9385.000000
7704.000000
9321.000000
7613.000000
9260.000000
7526.000000
9205.000000
7444.000000
9156.000000
11551155
8050.000000
9581.000000
7971.000000
9517.000000
7885.000000
9451.000000
7795.000000
9385.000000
7704.000000
9321.000000
7613.000000
9260.000000
7526.000000
9205.000000
7444.000000
9156.000000
11551155
8001.000000
9525.000000
7917.000000
9459.000000
7828.000000
9393.000000
7736.000000
9328.000000
7645.000000
9266.000000
7556.000000
9208.000000
7472.000000
9157.000000
7395.000000
9112.000000
11551155
8001.000000
9525.000000
7917.000000
9459.000000
7828.000000
9393.000000
7736.000000
9328.000000
7645.000000
9266.000000
7556.000000
9208.000000
7472.000000
9157.000000
7395.000000
9112.000000
11551155
8076.000000
9583.000000
7999.000000
9521.000000
7915.000000
9455.000000
7826.000000
9389.000000
7735.000000
9325.000000
7645.000000
9263.000000
7557.000000
9207.000000
7474.000000
9155.000000
11551155
8076.000000
9583.000000
7999.000000
9521.000000
7915.000000
9455.000000
