11551155
8721.000000
10712.000000
8683.000000
10670.000000
8636.000000
10626.000000
8584.000000
10581.000000
8528.000000
10538.000000
8472.000000
10497.000000
8418.000000
10460.000000
8368.000000
10427.000000
11551155
8721.000000
10712.000000
8683.000000
10670.000000
8636.000000
10626.000000
8584.000000
10581.000000
8528.000000
10538.000000
8472.000000
10497.000000
8418.000000
10460.000000
8368.000000
10427.000000
11551155
8766.000000
10728.000000
8725.000000
10689.000000
8678.000000
10646.000000
8626.000000
10602.000000
8571.000000
10557.000000
8514.000000
10514.000000
8458.000000
10473.000000
8404.000000
10436.000000
11551155
8766.000000
10728.000000
8725.000000
10689.000000
8678.000000
10646.000000
8626.000000
10602.000000
8571.000000
10557.000000
8514.000000
10514.000000
8458.000000
10473.000000
8404.000000
10436.000000
11551155
8700.000000
10655.000000
8650.000000
10611.000000
8595.000000
10567.000000
8537.000000
10523.000000
8479.000000
10481.000000
8423.000000
10442.000000
8370.000000
10409.000000
8322.000000
10380.000000
11551155
8700.000000
10655.000000
8650.000000
10611.000000
8595.000000
10567.000000
8537.000000
10523.000000
8479.000000
10481.000000
8423.000000
10442.000000
8370.000000
10409.000000
8322.000000
10380.000000
11551155
8707.000000
10658.000000
8656.000000
10614.000000
8601.000000
10568.000000
8543.000000
10523.000000
8484.000000
10479.000000
8426.000000
10438.000000
8370.000000
10401.000000
8319.000000
10369.000000
11551155
8707.000000
10658.000000
8656.000000
10614.000000
8601.000000
10568.000000
8543.000000
10523.000000
8484.000000
10479.000000
8426.000000
10438.000000
8370.000000
10401.000000
8319.000000
10369.000000
11551155
8707.000000
10658.000000
8656.000000
10614.000000
8601.000000
10568.000000
8543.000000
10523.000000
8484.000000
10479.000000
8426.000000
10438.000000
8370.000000
10401.000000
8319.000000
10369.000000
11551155
8669.000000
10616.000000
8614.000000
10570.000000
8555.000000
10523.000000
8494.000000
10476.000000
8432.000000
10431.000000
8372.000000
10391.000000
8316.000000
10355.000000
8265.000000
10324.000000
11551155
8669.000000
10616.000000
8614.000000
10570.000000
8555.000000
10523.000000
8494.000000
10476.000000
8432.000000
10431.000000
8372.000000
10391.000000
8316.000000
10355.000000
8265.000000
10324.000000
11551155
8721.000000
10644.000000
8672.000000
10601.000000
8618.000000
10554.000000
8559.000000
10506.000000
8498.000000
10459.000000
8436.000000
10413.000000
8375.000000
10372.000000
8318.000000
10335.000000
11551155
8721.000000
10644.000000
8672.000000
10601.000000
8618.000000
10554.000000
8559.000000
10506.000000
8498.000000
10459.000000
8436.000000
10413.000000
8375.000000
10372.000000
8318.000000
10335.000000
11551155
8656.000000
10577.000000
8599.000000
10530.000000
8538.000000
10482.000000
8476.000000
10436.000000
8414.000000
10393.000000
8354.000000
10353.000000
8298.000000
10319.000000
8248.000000
10290.000000
11551155
8656.000000
10577.000000
8599.000000
10530.000000
8538.000000
10482.000000
8476.000000
10436.000000
8414.000000
10393.000000
8354.000000
10353.000000
8298.000000
10319.000000
8248.000000
10290.000000
11551155
8656.000000
10577.000000
8599.000000
10530.000000
8538.000000
10482.000000
8476.000000
10436.000000
8414.000000
10393.000000
8354.000000
10353.000000
8298.000000
10319.000000
8248.000000
10290.000000
11551155
8692.000000
10607.000000
8638.000000
10561.000000
8580.000000
10514.000000
8518.000000
10467.000000
8455.000000
10421.000000
8393.000000
10379.000000
8335.000000
10341.000000
8281.000000
10309.000000
11551155
8692.000000
10607.000000
8638.000000
10561.000000
8580.000000
10514.000000
8518.000000
10467.000000
8455.000000
10421.000000
8393.000000
10379.000000
8335.000000
10341.000000
8281.000000
10309.000000
11551155
8662.000000
10583.000000
8605.000000
10536.000000
8544.000000
10488.000000
8481.000000
10442.000000
8419.000000
10399.000000
8360.000000
10360.000000
8305.000000
10327.000000
8256.000000
10299.000000
11551155
8662.000000
10583.000000
8605.000000
10536.000000
8544.000000
10488.000000
8481.000000
10442.000000
8419.000000
10399.000000
8360.000000
10360.000000
8305.000000
10327.000000
8256.000000
10299.000000
11551155
8733.000000
10647.000000
8680.000000
10601.000000
8622.000000
10554.000000
8560.000000
10507.000000
8498.000000
10462.000000
8436.000000
10419.000000
8378.000000
10381.000000
8324.000000
10349.000000
11551155
8733.000000
10647.000000
8680.000000
10601.000000
8622.000000
10554.000000
8560.000000
10507.000000
8498.000000
10462.000000
8436.000000
10419.000000
8378.000000
10381.000000
8324.000000
10349.000000
11551155
8733.000000
10647.000000
8680.000000
10601.000000
8622.000000
10554.000000
8560.000000
10507.000000
8498.000000
10462.000000
8436.000000
10419.000000
8378.000000
10381.000000
8324.000000
10349.000000
11551155
8683.000000
10606.000000
8623.000000
10557.000000
8559.000000
10508.000000
8493.000000
10461.000000
8428.000000
10416.000000
8366.000000
10375.000000
8309.000000
10340.000000
8258.000000
10310.000000
11551155
8683.000000
10606.000000
8623.000000
10557.000000
8559.000000
10508.000000
8493.000000
10461.000000
8428.000000
10416.000000
8366.000000
10375.000000
8309.000000
10340.000000
8258.000000
10310.000000
11551155
8714.000000
10627.000000
8659.000000
10580.000000
8598.000000
10531.000000
8534.000000
10482.000000
8468.000000
10435.000000
8403.000000
10390.000000
8341.000000
10350.000000
8285.000000
10315.000000
11551155
8714.000000
10627.000000
8659.000000
10580.000000
8598.000000
10531.000000
8534.000000
10482.000000
8468.000000
10435.000000
8403.000000
10390.000000
8341.000000
10350.000000
8285.000000
10315.000000
11551155
8670.000000
10579.000000
8609.000000
10528.000000
8543.000000
10478.000000
8476.000000
10429.000000
8409.000000
10382.000000
8345.000000
10341.000000
8286.000000
10305.000000
8233.000000
10274.000000
11551155
8670.000000
10579.000000
8609.000000
10528.000000
8543.000000
10478.000000
8476.000000
10429.000000
8409.000000
10382.000000
8345.000000
10341.000000
8286.000000
10305.000000
8233.000000
10274.000000
11551155
8726.000000
10622.000000
8670.000000
10573.000000
8608.000000
10522.000000
8542.000000
10471.000000
8474.000000
10421.000000
8407.000000
10374.000000
8343.000000
10332.000000
8283.000000
10295.000000
11551155
8726.000000
10622.000000
8670.000000
10573.000000
8608.000000
10522.000000
8542.000000
10471.000000
8474.000000
10421.000000
8407.000000
10374.000000
8343.000000
10332.000000
8283.000000
10295.000000
11551155
8726.000000
10622.000000
8670.000000
10573.000000
8608.000000
10522.000000
8542.000000
10471.000000
8474.000000
10421.000000
8407.000000
10374.000000
8343.000000
10332.000000
8283.000000
10295.000000
11551155
8633.000000
10538.000000
8569.000000
10486.000000
8501.000000
10433.000000
8432.000000
10383.000000
8364.000000
10335.000000
8298.000000
10293.000000
8238.000000
10256.000000
8184.000000
10225.000000
11551155
8633.000000
10538.000000
8569.000000
10486.000000
8501.000000
10433.000000
8432.000000
10383.000000
8364.000000
10335.000000
8298.000000
10293.000000
8238.000000
10256.000000
8184.000000
10225.000000
11551155
8675.000000
10569.000000
8614.000000
10517.000000
8548.000000
10464.000000
8479.000000
10412.000000
8410.000000
10363.000000
8343.000000
10317.000000
8280.000000
10277.000000
8222.000000
10242.000000
11551155
8675.000000
10569.000000
8614.000000
10517.000000
8548.000000
10464.000000
8479.000000
10412.000000
8410.000000
10363.000000
8343.000000
10317.000000
8280.000000
10277.000000
8222.000000
10242.000000
11551155
8646.000000
10532.000000
8580.000000
10480.000000
8511.000000
10429.000000
8441.000000
10381.000000
8374.000000
10336.000000
8311.000000
10297.000000
8254.000000
10264.000000
8204.000000
10237.000000
11551155
8646.000000
10532.000000
8580.000000
10480.000000
8511.000000
10429.000000
8441.000000
10381.000000
8374.000000
10336.000000
8311.000000
10297.000000
8254.000000
10264.000000
8204.000000
10237.000000
11551155
8673.000000
10550.000000
8609.000000
10496.000000
8541.000000
10443.000000
8471.000000
10390.000000
8402.000000
10342.000000
8336.000000
10298.000000
8274.000000
10260.000000
8219.000000
10229.000000
11551155
8673.000000
10550.000000
8609.000000
10496.000000
8541.000000
10443.000000
8471.000000
10390.000000
8402.000000
10342.000000
8336.000000
10298.000000
8274.000000
10260.000000
8219.000000
10229.000000
11551155
8673.000000
10550.000000
8609.000000
10496.000000
8541.000000
10443.000000
8471.000000
10390.000000
8402.000000
10342.000000
8336.000000
10298.000000
8274.000000
10260.000000
8219.000000
10229.000000
11551155
8560.000000
10467.000000
8492.000000
10415.000000
8424.000000
10366.000000
8357.000000
10320.000000
8293.000000
10279.000000
8234.000000
10244.000000
8183.000000
10215.000000
8139.000000
10193.000000
11551155
8560.000000
10467.000000
8492.000000
10415.000000
8424.000000
10366.000000
8357.000000
10320.000000
8293.000000
10279.000000
8234.000000
10244.000000
8183.000000
10215.000000
8139.000000
10193.000000
11551155
8642.000000
10524.000000
8578.000000
10472.000000
8512.000000
10421.000000
8445.000000
10373.000000
8380.000000
10328.000000
8319.000000
10289.000000
8263.000000
10255.000000
8214.000000
10229.000000
11551155
8642.000000
10524.000000
8578.000000
10472.000000
8512.000000
10421.000000
8445.000000
10373.000000
8380.000000
10328.000000
8319.000000
10289.000000
8263.000000
10255.000000
8214.000000
10229.000000
11551155
8644.000000
10566.000000
8577.000000
10515.000000
8542.000000
10464.000000
8490.000000
10414.000000
8431.000000
10367.000000
8371.000000
10325.000000
8313.000000
10288.000000
8260.000000
10258.000000
11551155
8644.000000
10566.000000
8577.000000
10515.000000
8542.000000
10464.000000
8490.000000
10414.000000
8431.000000
10367.000000
8371.000000
10325.000000
8313.000000
10288.000000
8260.000000
10258.000000
11551155
8738.000000
10590.000000
8678.000000
10540.000000
8614.000000
10489.000000
8548.000000
10439.000000
8481.000000
10392.000000
8417.000000
10350.000000
8358.000000
10314.000000
8305.000000
10284.000000
11551155
8738.000000
10590.000000
8678.000000
10540.000000
8614.000000
10489.000000
8548.000000
10439.000000
8481.000000
10392.000000
8417.000000
10350.000000
8358.000000
10314.000000
8305.000000
10284.000000
11551155
8756.000000
10604.000000
8695.000000
10556.000000
8632.000000
10509.000000
8568.000000
10464.000000
8444.000000
10423.000000
8389.000000
10387.000000
8365.000000
10356.000000
8334.000000
10332.000000
11551155
8756.000000
10604.000000
8695.000000
10556.000000
8632.000000
10509.000000
8568.000000
10464.000000
8444.000000
10423.000000
8389.000000
10387.000000
8365.000000
10356.000000
8334.000000
10332.000000
11551155
8756.000000
10604.000000
8695.000000
10556.000000
8632.000000
10509.000000
8568.000000
10464.000000
8444.000000
10423.000000
8389.000000
10387.000000
8365.000000
10356.000000
8334.000000
10332.000000
11551155
8790.000000
10614.000000
8725.000000
10563.000000
8657.000000
10512.000000
8588.000000
10464.000000
8521.000000
10419.000000
8459.000000
10380.000000
8402.000000
10348.000000
8352.000000
10321.000000
11551155
8790.000000
10614.000000
8725.000000
10563.000000
8657.000000
10512.000000
8588.000000
10464.000000
8521.000000
10419.000000
8459.000000
10380.000000
8402.000000
10348.000000
8352.000000
10321.000000
11551155
8778.000000
10603.000000
8714.000000
10552.000000
8647.000000
10502.000000
8579.000000
10454.000000
8513.000000
10411.000000
8452.000000
10374.000000
8397.000000
10342.000000
8349.000000
10317.000000
11551155
8778.000000
10603.000000
8714.000000
10552.000000
8647.000000
10502.000000
8579.000000
10454.000000
8513.000000
10411.000000
8452.000000
10374.000000
8397.000000
10342.000000
8349.000000
10317.000000
11551155
8781.000000
10601.000000
8714.000000
10551.000000
8646.000000
10502.000000
8579.000000
10457.000000
8516.000000
10417.000000
8458.000000
10383.000000
8407.000000
10355.000000
8364.000000
10333.000000
11551155
8781.000000
10601.000000
8714.000000
10551.000000
8646.000000
10502.000000
8579.000000
10457.000000
8516.000000
10417.000000
8458.000000
10383.000000
8407.000000
10355.000000
8364.000000
10333.000000
11551155
8914.000000
10694.000000
8849.000000
10642.000000
8781.000000
10590.000000
8711.000000
10540.000000
8642.000000
10494.000000
8575.000000
10452.000000
8514.000000
10416.000000
8460.000000
10387.000000
11551155
8914.000000
10694.000000
8849.000000
10642.000000
8781.000000
10590.000000
8711.000000
10540.000000
8642.000000
10494.000000
8575.000000
10452.000000
8514.000000
10416.000000
8460.000000
10387.000000
11551155
8914.000000
10694.000000
8849.000000
10642.000000
8781.000000
10590.000000
8711.000000
10540.000000
8642.000000
10494.000000
8575.000000
10452.000000
8514.000000
10416.000000
8460.000000
10387.000000
11551155
8885.000000
10667.000000
8816.000000
10614.000000
8744.000000
10561.000000
8672.000000
10510.000000
8601.000000
10463.000000
8535.000000
10422.000000
8475.000000
10387.000000
8422.000000
10359.000000
11551155
8885.000000
10667.000000
8816.000000
10614.000000
8744.000000
10561.000000
8672.000000
10510.000000
8601.000000
10463.000000
8535.000000
10422.000000
8475.000000
10387.000000
8422.000000
10359.000000
11551155
8858.000000
10645.000000
8790.000000
10591.000000
8718.000000
10537.000000
8645.000000
10486.000000
8574.000000
10439.000000
8507.000000
10397.000000
8445.000000
10360.000000
8391.000000
10331.000000
11551155
8858.000000
10645.000000
8790.000000
10591.000000
8718.000000
10537.000000
8645.000000
10486.000000
8574.000000
10439.000000
8507.000000
10397.000000
8445.000000
10360.000000
8391.000000
10331.000000
11551155
8842.000000
10630.000000
8771.000000
10576.000000
8698.000000
10522.000000
8625.000000
10472.000000
8554.000000
10426.000000
8488.000000
10385.000000
8429.000000
10352.000000
8378.000000
10324.000000
11551155
8842.000000
10630.000000
8771.000000
10576.000000
8698.000000
10522.000000
8625.000000
10472.000000
8554.000000
10426.000000
8488.000000
10385.000000
8429.000000
10352.000000
8378.000000
10324.000000
11551155
8986.000000
10733.000000
8922.000000
10679.000000
8852.000000
10623.000000
8779.000000
10569.000000
8705.000000
10517.000000
8634.000000
10470.000000
8567.000000
10427.000000
8505.000000
10392.000000
11551155
8986.000000
10733.000000
8922.000000
10679.000000
8852.000000
10623.000000
8779.000000
10569.000000
8705.000000
10517.000000
8634.000000
10470.000000
8567.000000
10427.000000
8505.000000
10392.000000
11551155
8986.000000
10733.000000
8922.000000
10679.000000
8852.000000
10623.000000
8779.000000
10569.000000
8705.000000
10517.000000
8634.000000
10470.000000
8567.000000
10427.000000
8505.000000
10392.000000
11551155
8968.000000
10707.000000
8899.000000
10652.000000
8827.000000
10598.000000
8754.000000
10546.000000
8682.000000
10498.000000
8614.000000
10456.000000
8552.000000
10420.000000
8498.000000
10391.000000
11551155
8968.000000
10707.000000
8899.000000
10652.000000
8827.000000
10598.000000
8754.000000
10546.000000
8682.000000
10498.000000
8614.000000
10456.000000
8552.000000
10420.000000
8498.000000
10391.000000
11551155
8970.000000
10706.000000
8899.000000
10651.000000
8825.000000
10596.000000
8750.000000
10543.000000
8676.000000
10495.000000
8606.000000
10451.000000
8542.000000
10414.000000
8486.000000
10384.000000
11551155
8970.000000
10706.000000
8899.000000
10651.000000
8825.000000
10596.000000
8750.000000
10543.000000
8676.000000
10495.000000
8606.000000
10451.000000
8542.000000
10414.000000
8486.000000
10384.000000
11551155
8941.000000
10684.000000
8869.000000
10628.000000
8794.000000
10572.000000
8718.000000
10520.000000
8644.000000
10471.000000
8574.000000
10428.000000
8510.000000
10392.000000
8454.000000
10363.000000
11551155
8941.000000
10684.000000
8869.000000
10628.000000
8794.000000
10572.000000
8718.000000
10520.000000
8644.000000
10471.000000
8574.000000
10428.000000
8510.000000
10392.000000
8454.000000
10363.000000
11551155
8941.000000
10684.000000
8869.000000
10628.000000
8794.000000
10572.000000
8718.000000
10520.000000
8644.000000
10471.000000
8574.000000
10428.000000
8510.000000
10392.000000
8454.000000
10363.000000
11551155
9018.000000
10736.000000
8950.000000
10680.000000
8876.000000
10624.000000
8800.000000
10569.000000
8725.000000
10516.000000
8652.000000
10469.000000
8516.000000
10427.000000
8461.000000
10392.000000
11551155
9018.000000
10736.000000
8950.000000
10680.000000
8876.000000
10624.000000
8800.000000
10569.000000
8725.000000
10516.000000
8652.000000
10469.000000
8516.000000
10427.000000
8461.000000
10392.000000
11551155
9071.000000
10768.000000
9006.000000
10714.000000
8935.000000
10659.000000
8861.000000
10603.000000
8786.000000
10551.000000
8712.000000
10502.000000
8642.000000
10459.000000
8579.000000
10423.000000
11551155
9071.000000
10768.000000
9006.000000
10714.000000
8935.000000
10659.000000
8861.000000
10603.000000
8786.000000
10551.000000
8712.000000
10502.000000
8642.000000
10459.000000
8579.000000
10423.000000
11551155
8995.000000
10700.000000
8846.000000
10641.000000
8764.000000
10584.000000
8724.000000
10528.000000
8665.000000
10478.000000
8601.000000
10432.000000
8539.000000
10393.000000
8482.000000
10361.000000
11551155
8995.000000
10700.000000
8846.000000
10641.000000
8764.000000
10584.000000
8724.000000
10528.000000
8665.000000
10478.000000
8601.000000
10432.000000
8539.000000
10393.000000
8482.000000
10361.000000
11551155
8995.000000
10700.000000
8846.000000
10641.000000
8764.000000
10584.000000
8724.000000
10528.000000
8665.000000
10478.000000
8601.000000
10432.000000
8539.000000
10393.000000
8482.000000
10361.000000
11551155
8982.000000
10695.000000
8911.000000
10638.000000
8835.000000
10581.000000
8758.000000
10526.000000
8682.000000
10475.000000
8609.000000
10430.000000
8542.000000
10390.000000
8483.000000
10358.000000
11551155
8982.000000
10695.000000
8911.000000
10638.000000
8835.000000
10581.000000
8758.000000
10526.000000
8682.000000
10475.000000
8609.000000
10430.000000
8542.000000
10390.000000
8483.000000
10358.000000
11551155
9028.000000
10725.000000
8960.000000
10669.000000
8887.000000
10612.000000
8811.000000
10557.000000
8736.000000
10505.000000
8663.000000
10458.000000
8595.000000
10418.000000
8534.000000
10384.000000
11551155
9028.000000
10725.000000
8960.000000
10669.000000
8887.000000
10612.000000
8811.000000
10557.000000
8736.000000
10505.000000
8663.000000
10458.000000
8595.000000
10418.000000
8534.000000
10384.000000
11551155
9121.000000
10786.000000
9056.000000
10732.000000
8985.000000
10676.000000
8910.000000
10620.000000
8833.000000
10566.000000
8757.000000
10515.000000
8685.000000
10471.000000
8619.000000
10432.000000
11551155
9121.000000
10786.000000
9056.000000
10732.000000
8985.000000
10676.000000
8910.000000
10620.000000
8833.000000
10566.000000
8757.000000
10515.000000
8685.000000
10471.000000
8619.000000
10432.000000
11551155
9121.000000
10786.000000
9056.000000
10732.000000
8985.000000
10676.000000
8910.000000
10620.000000
8833.000000
10566.000000
8757.000000
10515.000000
8685.000000
10471.000000
8619.000000
10432.000000
11551155
9024.000000
10707.000000
8949.000000
10650.000000
8870.000000
10592.000000
8791.000000
10537.000000
8714.000000
10487.000000
8641.000000
10442.000000
8575.000000
10403.000000
8517.000000
10372.000000
11551155
9024.000000
10707.000000
8949.000000
10650.000000
8870.000000
10592.000000
8791.000000
10537.000000
8714.000000
10487.000000
8641.000000
10442.000000
8575.000000
10403.000000
8517.000000
10372.000000
11551155
9062.000000
10737.000000
8992.000000
10679.000000
8917.000000
10621.000000
8839.000000
10564.000000
8761.000000
10510.000000
8686.000000
10461.000000
8616.000000
10418.000000
8553.000000
10382.000000
11551155
9062.000000
10737.000000
8992.000000
10679.000000
8917.000000
10621.000000
8839.000000
10564.000000
8761.000000
10510.000000
8686.000000
10461.000000
8616.000000
10418.000000
8553.000000
10382.000000
11551155
9073.000000
10742.000000
9002.000000
10685.000000
8926.000000
10627.000000
8849.000000
10571.000000
8772.000000
10518.000000
8698.000000
10471.000000
8630.000000
10429.000000
8569.000000
10395.000000
11551155
9073.000000
10742.000000
9002.000000
10685.000000
8926.000000
10627.000000
8849.000000
10571.000000
8772.000000
10518.000000
8698.000000
10471.000000
8630.000000
10429.000000
8569.000000
10395.000000
11551155
9073.000000
10742.000000
9002.000000
10685.000000
8926.000000
10627.000000
8849.000000
10571.000000
8772.000000
10518.000000
8698.000000
10471.000000
8630.000000
10429.000000
8569.000000
10395.000000
11551155
9114.000000
10762.000000
9044.000000
10706.000000
8970.000000
10649.000000
8893.000000
10594.000000
8816.000000
10542.000000
8742.000000
10495.000000
8673.000000
10453.000000
8611.000000
10419.000000
11551155
9114.000000
10762.000000
9044.000000
10706.000000
8970.000000
10649.000000
8893.000000
10594.000000
8816.000000
10542.000000
8742.000000
10495.000000
8673.000000
10453.000000
8611.000000
10419.000000
11551155
9065.000000
10722.000000
8991.000000
10664.000000
8913.000000
10606.000000
8833.000000
10550.000000
8755.000000
10497.000000
8681.000000
10451.000000
8613.000000
10411.000000
8553.000000
10378.000000
11551155
9065.000000
10722.000000
8991.000000
10664.000000
8913.000000
10606.000000
8833.000000
10550.000000
8755.000000
10497.000000
8681.000000
10451.000000
8613.000000
10411.000000
8553.000000
10378.000000
11551155
9020.000000
10685.000000
8945.000000
10626.000000
8866.000000
10567.000000
8786.000000
10511.000000
8708.000000
10460.000000
8634.000000
10414.000000
8567.000000
10375.000000
8507.000000
10344.000000
11551155
9020.000000
10685.000000
8945.000000
10626.000000
8866.000000
10567.000000
8786.000000
10511.000000
8708.000000
10460.000000
8634.000000
10414.000000
8567.000000
10375.000000
8507.000000
10344.000000
11551155
9020.000000
10685.000000
8945.000000
10626.000000
8866.000000
10567.000000
8786.000000
10511.000000
8708.000000
10460.000000
8634.000000
10414.000000
8567.000000
10375.000000
8507.000000
10344.000000
11551155
9074.000000
10721.000000
9003.000000
10664.000000
8926.000000
10606.000000
8846.000000
10548.000000
8767.000000
10494.000000
8690.000000
10444.000000
8618.000000
10401.000000
8553.000000
10364.000000
11551155
9074.000000
10721.000000
9003.000000
10664.000000
8926.000000
10606.000000
8846.000000
10548.000000
8767.000000
10494.000000
8690.000000
10444.000000
8618.000000
10401.000000
8553.000000
10364.000000
11551155
9076.000000
10718.000000
9005.000000
10661.000000
8928.000000
10602.000000
8848.000000
10545.000000
8769.000000
10491.000000
8616.000000
10442.000000
8549.000000
10399.000000
8520.000000
10362.000000
11551155
9076.000000
10718.000000
9005.000000
10661.000000
8928.000000
10602.000000
8848.000000
10545.000000
8769.000000
10491.000000
8616.000000
10442.000000
8549.000000
10399.000000
8520.000000
10362.000000
11551155
9058.000000
10702.000000
8984.000000
10643.000000
8905.000000
10582.000000
8823.000000
10523.000000
8741.000000
10467.000000
8662.000000
10416.000000
8588.000000
10372.000000
8522.000000
10334.000000
11551155
9058.000000
10702.000000
8984.000000
10643.000000
8905.000000
10582.000000
8823.000000
10523.000000
8741.000000
10467.000000
8662.000000
10416.000000
8588.000000
10372.000000
8522.000000
10334.000000
11551155
9058.000000
10702.000000
8984.000000
10643.000000
8905.000000
10582.000000
8823.000000
10523.000000
8741.000000
10467.000000
8662.000000
10416.000000
8588.000000
10372.000000
8522.000000
10334.000000
11551155
8975.000000
10635.000000
8821.000000
10576.000000
8737.000000
10517.000000
8696.000000
10461.000000
8637.000000
10410.000000
8573.000000
10364.000000
8512.000000
10326.000000
8456.000000
10295.000000
11551155
8975.000000
10635.000000
8821.000000
10576.000000
8737.000000
10517.000000
8696.000000
10461.000000
8637.000000
10410.000000
8573.000000
10364.000000
8512.000000
10326.000000
8456.000000
10295.000000
11551155
9078.000000
10720.000000
9009.000000
10663.000000
8933.000000
10604.000000
8854.000000
10547.000000
8775.000000
10491.000000
8698.000000
10441.000000
8625.000000
10395.000000
8559.000000
10357.000000
11551155
9078.000000
10720.000000
9009.000000
10663.000000
8933.000000
10604.000000
8854.000000
10547.000000
8775.000000
10491.000000
8698.000000
10441.000000
8625.000000
10395.000000
8559.000000
10357.000000
11551155
8993.000000
10648.000000
8917.000000
10591.000000
8838.000000
10534.000000
8760.000000
10481.000000
8684.000000
10433.000000
8614.000000
10391.000000
8551.000000
10356.000000
8496.000000
10327.000000
11551155
8993.000000
10648.000000
8917.000000
10591.000000
8838.000000
10534.000000
8760.000000
10481.000000
8684.000000
10433.000000
8614.000000
10391.000000
8551.000000
10356.000000
8496.000000
10327.000000
11551155
8993.000000
10648.000000
8917.000000
10591.000000
8838.000000
10534.000000
8760.000000
10481.000000
8684.000000
10433.000000
8614.000000
10391.000000
8551.000000
10356.000000
8496.000000
10327.000000
11551155
9057.000000
10694.000000
8986.000000
10639.000000
8910.000000
10582.000000
8832.000000
10527.000000
8754.000000
10474.000000
8679.000000
10426.000000
8609.000000
10385.000000
8546.000000
10349.000000
11551155
9057.000000
10694.000000
8986.000000
10639.000000
8910.000000
10582.000000
8832.000000
10527.000000
8754.000000
10474.000000
8679.000000
10426.000000
8609.000000
10385.000000
8546.000000
10349.000000
11551155
9044.000000
10672.000000
8969.000000
10614.000000
8889.000000
10555.000000
8808.000000
10499.000000
8729.000000
10447.000000
8653.000000
10401.000000
8584.000000
10361.000000
8522.000000
10328.000000
11551155
9044.000000
10672.000000
8969.000000
10614.000000
8889.000000
10555.000000
8808.000000
10499.000000
8729.000000
10447.000000
8653.000000
10401.000000
8584.000000
10361.000000
8522.000000
10328.000000
11551155
9090.000000
10697.000000
9019.000000
10640.000000
8943.000000
10583.000000
8865.000000
10527.000000
8788.000000
10475.000000
8713.000000
10428.000000
8644.000000
10387.000000
8582.000000
10353.000000
11551155
9090.000000
10697.000000
9019.000000
10640.000000
8943.000000
10583.000000
8865.000000
10527.000000
8788.000000
10475.000000
8713.000000
10428.000000
8644.000000
10387.000000
8582.000000
10353.000000
11551155
9090.000000
10697.000000
9019.000000
10640.000000
8943.000000
10583.000000
8865.000000
10527.000000
8788.000000
10475.000000
8713.000000
10428.000000
8644.000000
10387.000000
8582.000000
10353.000000
11551155
9000.000000
10628.000000
8922.000000
10570.000000
8842.000000
10514.000000
8763.000000
10461.000000
8687.000000
10414.000000
8617.000000
10373.000000
8554.000000
10338.000000
8500.000000
10311.000000
11551155
9000.000000
10628.000000
8922.000000
10570.000000
8842.000000
10514.000000
8763.000000
10461.000000
8687.000000
10414.000000
8617.000000
10373.000000
8554.000000
10338.000000
8500.000000
10311.000000
11551155
9073.000000
10687.000000
9002.000000
10630.000000
8926.000000
10572.000000
8847.000000
10515.000000
8768.000000
10461.000000
8691.000000
10411.000000
8619.000000
10368.000000
8555.000000
10331.000000
11551155
9073.000000
10687.000000
9002.000000
10630.000000
8926.000000
10572.000000
8847.000000
10515.000000
8768.000000
10461.000000
8691.000000
10411.000000
8619.000000
10368.000000
8555.000000
10331.000000
11551155
9047.000000
10657.000000
8973.000000
10599.000000
8895.000000
10542.000000
8816.000000
10489.000000
8738.000000
10439.000000
8665.000000
10395.000000
8598.000000
10358.000000
8539.000000
10327.000000
11551155
9047.000000
10657.000000
8973.000000
10599.000000
8895.000000
10542.000000
8816.000000
10489.000000
8738.000000
10439.000000
8665.000000
10395.000000
8598.000000
10358.000000
8539.000000
10327.000000
11551155
9047.000000
10657.000000
8973.000000
10599.000000
8895.000000
10542.000000
8816.000000
10489.000000
8738.000000
10439.000000
8665.000000
10395.000000
8598.000000
10358.000000
8539.000000
10327.000000
11551155
9108.000000
10701.000000
9038.000000
10645.000000
8962.000000
10589.000000
8884.000000
10534.000000
8807.000000
10483.000000
8732.000000
10436.000000
8663.000000
10395.000000
8601.000000
10361.000000
11551155
9108.000000
10701.000000
9038.000000
10645.000000
8962.000000
10589.000000
8884.000000
10534.000000
8807.000000
10483.000000
8732.000000
10436.000000
8663.000000
10395.000000
8601.000000
10361.000000
11551155
9053.000000
10651.000000
8977.000000
10594.000000
8899.000000
10539.000000
8821.000000
10487.000000
8747.000000
10441.000000
8678.000000
10400.000000
8616.000000
10366.000000
8562.000000
10339.000000
11551155
9053.000000
10651.000000
8977.000000
10594.000000
8899.000000
10539.000000
8821.000000
10487.000000
8747.000000
10441.000000
8678.000000
10400.000000
8616.000000
10366.000000
8562.000000
10339.000000
11551155
9098.000000
10683.000000
9026.000000
10627.000000
8950.000000
10571.000000
8872.000000
10517.000000
8795.000000
10468.000000
8721.000000
10423.000000
8653.000000
10384.000000
8593.000000
10353.000000
11551155
9098.000000
10683.000000
9026.000000
10627.000000
8950.000000
10571.000000
8872.000000
10517.000000
8795.000000
10468.000000
8721.000000
10423.000000
8653.000000
10384.000000
8593.000000
10353.000000
11551155
9098.000000
10683.000000
9026.000000
10627.000000
8950.000000
10571.000000
8872.000000
10517.000000
8795.000000
10468.000000
8721.000000
10423.000000
8653.000000
10384.000000
8593.000000
10353.000000
11551155
9068.000000
10653.000000
8992.000000
10597.000000
8914.000000
10543.000000
8837.000000
10491.000000
8763.000000
10445.000000
8695.000000
10404.000000
8634.000000
10371.000000
8581.000000
10344.000000
11551155
9068.000000
10653.000000
8992.000000
10597.000000
8914.000000
10543.000000
8837.000000
10491.000000
8763.000000
10445.000000
8695.000000
10404.000000
8634.000000
10371.000000
8581.000000
10344.000000
11551155
9253.000000
10787.000000
9188.000000
10734.000000
9117.000000
10678.000000
9040.000000
10622.000000
8961.000000
10567.000000
8883.000000
10515.000000
8808.000000
10469.000000
8738.000000
10429.000000
11551155
9253.000000
10787.000000
9188.000000
10734.000000
9117.000000
10678.000000
9040.000000
10622.000000
8961.000000
10567.000000
8883.000000
10515.000000
8808.000000
10469.000000
8738.000000
10429.000000
11551155
9111.000000
10676.000000
9034.000000
10618.000000
8954.000000
10561.000000
8873.000000
10508.000000
8795.000000
10458.000000
8722.000000
10415.000000
8656.000000
10378.000000
8598.000000
10348.000000
11551155
9111.000000
10676.000000
9034.000000
10618.000000
8954.000000
10561.000000
8873.000000
10508.000000
8795.000000
10458.000000
8722.000000
10415.000000
8656.000000
10378.000000
8598.000000
10348.000000
11551155
9111.000000
10676.000000
9034.000000
10618.000000
8954.000000
10561.000000
8873.000000
10508.000000
8795.000000
10458.000000
8722.000000
10415.000000
8656.000000
10378.000000
8598.000000
10348.000000
11551155
9059.000000
10631.000000
8982.000000
10573.000000
8903.000000
10516.000000
8824.000000
10463.000000
8748.000000
10415.000000
8676.000000


