11551155
3785.000000
5583.000000
3767.000000
5563.000000
3747.000000
5544.000000
3727.000000
5524.000000
3707.000000
5506.000000
3688.000000
5488.000000
3669.000000
5473.000000
3652.000000
5460.000000
11551155
3741.000000
5538.000000
3722.000000
5519.000000
3702.000000
5499.000000
3681.000000
5480.000000
3660.000000
5462.000000
3640.000000
5445.000000
3621.000000
5430.000000
3604.000000
5417.000000
11551155
3741.000000
5538.000000
3722.000000
5519.000000
3702.000000
5499.000000
3681.000000
5480.000000
3660.000000
5462.000000
3640.000000
5445.000000
3621.000000
5430.000000
3604.000000
5417.000000
11551155
3711.000000
5511.000000
3692.000000
5491.000000
3671.000000
5471.000000
3650.000000
5452.000000
3629.000000
5434.000000
3609.000000
5417.000000
3590.000000
5401.000000
3573.000000
5388.000000
11551155
3711.000000
5511.000000
3692.000000
5491.000000
3671.000000
5471.000000
3650.000000
5452.000000
3629.000000
5434.000000
3609.000000
5417.000000
3590.000000
5401.000000
3573.000000
5388.000000
11551155
3711.000000
5511.000000
3692.000000
5491.000000
3671.000000
5471.000000
3650.000000
5452.000000
3629.000000
5434.000000
3609.000000
5417.000000
3590.000000
5401.000000
3573.000000
5388.000000
11551155
3707.000000
5515.000000
3691.000000
5497.000000
3674.000000
5477.000000
3655.000000
5457.000000
3635.000000
5436.000000
3614.000000
5417.000000
3594.000000
5399.000000
3574.000000
5382.000000
11551155
3707.000000
5515.000000
3691.000000
5497.000000
3674.000000
5477.000000
3655.000000
5457.000000
3635.000000
5436.000000
3614.000000
5417.000000
3594.000000
5399.000000
3574.000000
5382.000000
11551155
3657.000000
5454.000000
3638.000000
5433.000000
3617.000000
5412.000000
3596.000000
5392.000000
3575.000000
5372.000000
3555.000000
5353.000000
3536.000000
5337.000000
3518.000000
5323.000000
11551155
3657.000000
5454.000000
3638.000000
5433.000000
3617.000000
5412.000000
3596.000000
5392.000000
3575.000000
5372.000000
3555.000000
5353.000000
3536.000000
5337.000000
3518.000000
5323.000000
11551155
3631.000000
5433.000000
3613.000000
5412.000000
3594.000000
5391.000000
3573.000000
5369.000000
3552.000000
5348.000000
3531.000000
5328.000000
3510.000000
5310.000000
3490.000000
5294.000000
11551155
3631.000000
5433.000000
3613.000000
5412.000000
3594.000000
5391.000000
3573.000000
5369.000000
3552.000000
5348.000000
3531.000000
5328.000000
3510.000000
5310.000000
3490.000000
5294.000000
11551155
3631.000000
5433.000000
3613.000000
5412.000000
3594.000000
5391.000000
3573.000000
5369.000000
3552.000000
5348.000000
3531.000000
5328.000000
3510.000000
5310.000000
3490.000000
5294.000000
11551155
3582.000000
5373.000000
3562.000000
5351.000000
3541.000000
5330.000000
3519.000000
5309.000000
3497.000000
5289.000000
3476.000000
5271.000000
3456.000000
5255.000000
3437.000000
5242.000000
11551155
3582.000000
5373.000000
3562.000000
5351.000000
3541.000000
5330.000000
3519.000000
5309.000000
3497.000000
5289.000000
3476.000000
5271.000000
3456.000000
5255.000000
3437.000000
5242.000000
11551155
3565.000000
5359.000000
3546.000000
5338.000000
3526.000000
5316.000000
3504.000000
5295.000000
3482.000000
5275.000000
3461.000000
5256.000000
3441.000000
5240.000000
3422.000000
5225.000000
11551155
3565.000000
5359.000000
3546.000000
5338.000000
3526.000000
5316.000000
3504.000000
5295.000000
3482.000000
5275.000000
3461.000000
5256.000000
3441.000000
5240.000000
3422.000000
5225.000000
11551155
3526.000000
5312.000000
3505.000000
5289.000000
3483.000000
5267.000000
3461.000000
5245.000000
3439.000000
5224.000000
3417.000000
5205.000000
3397.000000
5188.000000
3378.000000
5174.000000
11551155
3526.000000
5312.000000
3505.000000
5289.000000
3483.000000
5267.000000
3461.000000
5245.000000
3439.000000
5224.000000
3417.000000
5205.000000
3397.000000
5188.000000
3378.000000
5174.000000
11551155
3526.000000
5312.000000
3505.000000
5289.000000
3483.000000
5267.000000
3461.000000
5245.000000
3439.000000
5224.000000
3417.000000
5205.000000
3397.000000
5188.000000
3378.000000
5174.000000
11551155
3484.000000
5272.000000
3463.000000
5249.000000
3440.000000
5226.000000
3417.000000
5203.000000
3393.000000
5181.000000
3371.000000
5162.000000
3350.000000
5144.000000
3330.000000
5129.000000
11551155
3484.000000
5272.000000
3463.000000
5249.000000
3440.000000
5226.000000
3417.000000
5203.000000
3393.000000
5181.000000
3371.000000
5162.000000
3350.000000
5144.000000
3330.000000
5129.000000
11551155
3448.000000
5229.000000
3425.000000
5205.000000
3401.000000
5181.000000
3377.000000
5158.000000
3353.000000
5136.000000
3330.000000
5116.000000
3308.000000
5099.000000
3288.000000
5084.000000
11551155
3448.000000
5229.000000
3425.000000
5205.000000
3401.000000
5181.000000
3377.000000
5158.000000
3353.000000
5136.000000
3330.000000
5116.000000
3308.000000
5099.000000
3288.000000
5084.000000
11551155
3425.000000
5207.000000
3404.000000
5184.000000
3382.000000
5160.000000
3359.000000
5136.000000
3336.000000
5114.000000
3313.000000
5093.000000
3291.000000
5075.000000
3271.000000
5058.000000
11551155
3425.000000
5207.000000
3404.000000
5184.000000
3382.000000
5160.000000
3359.000000
5136.000000
3336.000000
5114.000000
3313.000000
5093.000000
3291.000000
5075.000000
3271.000000
5058.000000
11551155
3425.000000
5207.000000
3404.000000
5184.000000
3382.000000
5160.000000
3359.000000
5136.000000
3336.000000
5114.000000
3313.000000
5093.000000
3291.000000
5075.000000
3271.000000
5058.000000
11551155
3369.000000
5142.000000
3346.000000
5118.000000
3322.000000
5095.000000
3298.000000
5073.000000
3275.000000
5053.000000
3253.000000
5035.000000
3233.000000
5019.000000
3215.000000
5005.000000
11551155
3369.000000
5142.000000
3346.000000
5118.000000
3322.000000
5095.000000
3298.000000
5073.000000
3275.000000
5053.000000
3253.000000
5035.000000
3233.000000
5019.000000
3215.000000
5005.000000
11551155
3346.000000
5120.000000
3323.000000
5096.000000
3299.000000
5071.000000
3274.000000
5048.000000
3250.000000
5026.000000
3227.000000
5006.000000
3205.000000
4988.000000
3185.000000
4973.000000
11551155
3346.000000
5120.000000
3323.000000
5096.000000
3299.000000
5071.000000
3274.000000
5048.000000
3250.000000
5026.000000
3227.000000
5006.000000
3205.000000
4988.000000
3185.000000
4973.000000
11551155
3308.000000
5080.000000
3285.000000
5055.000000
3261.000000
5030.000000
3237.000000
5007.000000
3214.000000
4985.000000
3192.000000
4965.000000
3171.000000
4948.000000
3153.000000
4934.000000
11551155
3308.000000
5080.000000
3285.000000
5055.000000
3261.000000
5030.000000
3237.000000
5007.000000
3214.000000
4985.000000
3192.000000
4965.000000
3171.000000
4948.000000
3153.000000
4934.000000
11551155
3308.000000
5080.000000
3285.000000
5055.000000
3261.000000
5030.000000
3237.000000
5007.000000
3214.000000
4985.000000
3192.000000
4965.000000
3171.000000
4948.000000
3153.000000
4934.000000
11551155
3291.000000
5055.000000
3269.000000
5031.000000
3246.000000
5006.000000
3222.000000
4983.000000
3199.000000
4962.000000
3176.000000
4942.000000
3155.000000
4926.000000
3136.000000
4912.000000
11551155
3291.000000
5055.000000
3269.000000
5031.000000
3246.000000
5006.000000
3222.000000
4983.000000
3199.000000
4962.000000
3176.000000
4942.000000
3155.000000
4926.000000
3136.000000
4912.000000
11551155
3246.000000
5032.000000
3234.000000
5007.000000
3215.000000
4982.000000
3193.000000
4958.000000
3170.000000
4936.000000
3147.000000
4915.000000
3126.000000
4897.000000
3106.000000
4881.000000
11551155
3246.000000
5032.000000
3234.000000
5007.000000
3215.000000
4982.000000
3193.000000
4958.000000
3170.000000
4936.000000
3147.000000
4915.000000
3126.000000
4897.000000
3106.000000
4881.000000
11551155
3252.000000
5015.000000
3230.000000
4990.000000
3207.000000
4964.000000
3183.000000
4939.000000
3158.000000
4915.000000
3134.000000
4893.000000
3111.000000
4873.000000
3090.000000
4855.000000
11551155
3252.000000
5015.000000
3230.000000
4990.000000
3207.000000
4964.000000
3183.000000
4939.000000
3158.000000
4915.000000
3134.000000
4893.000000
3111.000000
4873.000000
3090.000000
4855.000000
11551155
3252.000000
5015.000000
3230.000000
4990.000000
3207.000000
4964.000000
3183.000000
4939.000000
3158.000000
4915.000000
3134.000000
4893.000000
3111.000000
4873.000000
3090.000000
4855.000000
11551155
3221.000000
4972.000000
3198.000000
4947.000000
3151.000000
4921.000000
3126.000000
4897.000000
3113.000000
4874.000000
3096.000000
4854.000000
3077.000000
4835.000000
3058.000000
4820.000000
11551155
3221.000000
4972.000000
3198.000000
4947.000000
3151.000000
4921.000000
3126.000000
4897.000000
3113.000000
4874.000000
3096.000000
4854.000000
3077.000000
4835.000000
3058.000000
4820.000000
11551155
3203.000000
4954.000000
3181.000000
4929.000000
3157.000000
4903.000000
3132.000000
4878.000000
3108.000000
4854.000000
3084.000000
4832.000000
3062.000000
4812.000000
3041.000000
4795.000000
11551155
3203.000000
4954.000000
3181.000000
4929.000000
3157.000000
4903.000000
3132.000000
4878.000000
3108.000000
4854.000000
3084.000000
4832.000000
3062.000000
4812.000000
3041.000000
4795.000000
11551155
3176.000000
4921.000000
3153.000000
4896.000000
3129.000000
4870.000000
3104.000000
4844.000000
3079.000000
4820.000000
3054.000000
4797.000000
3031.000000
4776.000000
3010.000000
4759.000000
11551155
3176.000000
4921.000000
3153.000000
4896.000000
3129.000000
4870.000000
3104.000000
4844.000000
3079.000000
4820.000000
3054.000000
4797.000000
3031.000000
4776.000000
3010.000000
4759.000000
11551155
3113.000000
4850.000000
3089.000000
4824.000000
3064.000000
4799.000000
3039.000000
4775.000000
3015.000000
4752.000000
2993.000000
4732.000000
2972.000000
4715.000000
2954.000000
4700.000000
11551155
3113.000000
4850.000000
3089.000000
4824.000000
3064.000000
4799.000000
3039.000000
4775.000000
3015.000000
4752.000000
2993.000000
4732.000000
2972.000000
4715.000000
2954.000000
4700.000000
11551155
3113.000000
4850.000000
3089.000000
4824.000000
3064.000000
4799.000000
3039.000000
4775.000000
3015.000000
4752.000000
2993.000000
4732.000000
2972.000000
4715.000000
2954.000000
4700.000000
11551155
3103.000000
4830.000000
3080.000000
4805.000000
3056.000000
4779.000000
3031.000000
4755.000000
3006.000000
4731.000000
2982.000000
4710.000000
2960.000000
4691.000000
2939.000000
4675.000000
11551155
3103.000000
4830.000000
3080.000000
4805.000000
3056.000000
4779.000000
3031.000000
4755.000000
3006.000000
4731.000000
2982.000000
4710.000000
2960.000000
4691.000000
2939.000000
4675.000000
11551155
3037.000000
4759.000000
3012.000000
4734.000000
2986.000000
4709.000000
2961.000000
4686.000000
2938.000000
4666.000000
2917.000000
4648.000000
2898.000000
4632.000000
2881.000000
4619.000000
11551155
3037.000000
4759.000000
3012.000000
4734.000000
2986.000000
4709.000000
2961.000000
4686.000000
2938.000000
4666.000000
2917.000000
4648.000000
2898.000000
4632.000000
2881.000000
4619.000000
11551155
3018.000000
4731.000000
2993.000000
4705.000000
2968.000000
4679.000000
2943.000000
4656.000000
2919.000000
4634.000000
2896.000000
4615.000000
2876.000000
4598.000000
2858.000000
4584.000000
11551155
3018.000000
4731.000000
2993.000000
4705.000000
2968.000000
4679.000000
2943.000000
4656.000000
2919.000000
4634.000000
2896.000000
4615.000000
2876.000000
4598.000000
2858.000000
4584.000000
11551155
3018.000000
4731.000000
2993.000000
4705.000000
2968.000000
4679.000000
2943.000000
4656.000000
2919.000000
4634.000000
2896.000000
4615.000000
2876.000000
4598.000000
2858.000000
4584.000000
11551155
3020.000000
4732.000000
2996.000000
4706.000000
2971.000000
4680.000000
2946.000000
4655.000000
2922.000000
4632.000000
2899.000000
4612.000000
2878.000000
4594.000000
2859.000000
4578.000000
11551155
3020.000000
4732.000000
2996.000000
4706.000000
2971.000000
4680.000000
2946.000000
4655.000000
2922.000000
4632.000000
2899.000000
4612.000000
2878.000000
4594.000000
2859.000000
4578.000000
11551155
3045.000000
4750.000000
3023.000000
4726.000000
3000.000000
4702.000000
2976.000000
4678.000000
2952.000000
4654.000000
2929.000000
4633.000000
2907.000000
4614.000000
2887.000000
4598.000000
11551155
3045.000000
4750.000000
3023.000000
4726.000000
3000.000000
4702.000000
2976.000000
4678.000000
2952.000000
4654.000000
2929.000000
4633.000000
2907.000000
4614.000000
2887.000000
4598.000000
11551155
3035.000000
4734.000000
3012.000000
4709.000000
2989.000000
4684.000000
2965.000000
4660.000000
2942.000000
4639.000000
2920.000000
4620.000000
2900.000000
4603.000000
2882.000000
4589.000000
11551155
3035.000000
4734.000000
3012.000000
4709.000000
2989.000000
4684.000000
2965.000000
4660.000000
2942.000000
4639.000000
2920.000000
4620.000000
2900.000000
4603.000000
2882.000000
4589.000000
11551155
3035.000000
4734.000000
3012.000000
4709.000000
2989.000000
4684.000000
2965.000000
4660.000000
2942.000000
4639.000000
2920.000000
4620.000000
2900.000000
4603.000000
2882.000000
4589.000000
11551155
3077.000000
4778.000000
3057.000000
4754.000000
3035.000000
4729.000000
3012.000000
4704.000000
2989.000000
4680.000000
2965.000000
4657.000000
2943.000000
4637.000000
2922.000000
4619.000000
11551155
3077.000000
4778.000000
3057.000000
4754.000000
3035.000000
4729.000000
3012.000000
4704.000000
2989.000000
4680.000000
2965.000000
4657.000000
2943.000000
4637.000000
2922.000000
4619.000000
11551155
3061.000000
4757.000000
3039.000000
4732.000000
3016.000000
4708.000000
2993.000000
4684.000000
2970.000000
4662.000000
2948.000000
4642.000000
2928.000000
4624.000000
2910.000000
4609.000000
11551155
3061.000000
4757.000000
3039.000000
4732.000000
3016.000000
4708.000000
2993.000000
4684.000000
2970.000000
4662.000000
2948.000000
4642.000000
2928.000000
4624.000000
2910.000000
4609.000000
11551155
3098.000000
4787.000000
3077.000000
4763.000000
3055.000000
4738.000000
3032.000000
4714.000000
3008.000000
4691.000000
2985.000000
4669.000000
2963.000000
4649.000000
2942.000000
4632.000000
11551155
3098.000000
4787.000000
3077.000000
4763.000000
3055.000000
4738.000000
3032.000000
4714.000000
3008.000000
4691.000000
2985.000000
4669.000000
2963.000000
4649.000000
2942.000000
4632.000000
11551155
3098.000000
4787.000000
3077.000000
4763.000000
3055.000000
4738.000000
3032.000000
4714.000000
3008.000000
4691.000000
2985.000000
4669.000000
2963.000000
4649.000000
2942.000000
4632.000000
11551155
3057.000000
4740.000000
3034.000000
4714.000000
3010.000000
4690.000000
2986.000000
4666.000000
2962.000000
4644.000000
2940.000000
4625.000000
2919.000000
4607.000000
2901.000000
4593.000000
11551155
3057.000000
4740.000000
3034.000000
4714.000000
3010.000000
4690.000000
2986.000000
4666.000000
2962.000000
4644.000000
2940.000000
4625.000000
2919.000000
4607.000000
2901.000000
4593.000000
11551155
3054.000000
4732.000000
3032.000000
4707.000000
3008.000000
4682.000000
2984.000000
4658.000000
2960.000000
4636.000000
2937.000000
4615.000000
2916.000000
4597.000000
2896.000000
4581.000000
11551155
3054.000000
4732.000000
3032.000000
4707.000000
3008.000000
4682.000000
2984.000000
4658.000000
2960.000000
4636.000000
2937.000000
4615.000000
2916.000000
4597.000000
2896.000000
4581.000000
11551155
3017.000000
4686.000000
2993.000000
4662.000000
2969.000000
4639.000000
2945.000000
4617.000000
2923.000000
4597.000000
2902.000000
4579.000000
2884.000000
4563.000000
2868.000000
4551.000000
11551155
3017.000000
4686.000000
2993.000000
4662.000000
2969.000000
4639.000000
2945.000000
4617.000000
2923.000000
4597.000000
2902.000000
4579.000000
2884.000000
4563.000000
2868.000000
4551.000000
11551155
3017.000000
4686.000000
2993.000000
4662.000000
2969.000000
4639.000000
2945.000000
4617.000000
2923.000000
4597.000000
2902.000000
4579.000000
2884.000000
4563.000000
2868.000000
4551.000000
11551155
3031.000000
4699.000000
3009.000000
4674.000000
2986.000000
4648.000000
2963.000000
4623.000000
2940.000000
4599.000000
2917.000000
4577.000000
2895.000000
4558.000000
2875.000000
4541.000000
11551155
3031.000000
4699.000000
3009.000000
4674.000000
2986.000000
4648.000000
2963.000000
4623.000000
2940.000000
4599.000000
2917.000000
4577.000000
2895.000000
4558.000000
2875.000000
4541.000000
11551155
2977.000000
4634.000000
2929.000000
4609.000000
2904.000000
4585.000000
2892.000000
4562.000000
2875.000000
4542.000000
2857.000000
4523.000000
2839.000000
4507.000000
2823.000000
4494.000000
11551155
2977.000000
4634.000000
2929.000000
4609.000000
2904.000000
4585.000000
2892.000000
4562.000000
2875.000000
4542.000000
2857.000000
4523.000000
2839.000000
4507.000000
2823.000000
4494.000000
11551155
2988.000000
4640.000000
2965.000000
4615.000000
2941.000000
4590.000000
2917.000000
4567.000000
2894.000000
4545.000000
2872.000000
4525.000000
2852.000000
4508.000000
2834.000000
4494.000000
11551155
2988.000000
4640.000000
2965.000000
4615.000000
2941.000000
4590.000000
2917.000000
4567.000000
2894.000000
4545.000000
2872.000000
4525.000000
2852.000000
4508.000000
2834.000000
4494.000000
11551155
2988.000000
4640.000000
2965.000000
4615.000000
2941.000000
4590.000000
2917.000000
4567.000000
2894.000000
4545.000000
2872.000000
4525.000000
2852.000000
4508.000000
2834.000000
4494.000000
11551155
3006.000000
4661.000000
2985.000000
4636.000000
2963.000000
4612.000000
2917.000000
4588.000000
2894.000000
4566.000000
2883.000000
4545.000000
2868.000000
4526.000000
2851.000000
4510.000000
11551155
3006.000000
4661.000000
2985.000000
4636.000000
2963.000000
4612.000000
2917.000000
4588.000000
2894.000000
4566.000000
2883.000000
4545.000000
2868.000000
4526.000000
2851.000000
4510.000000
11551155
3011.000000
4659.000000
2990.000000
4634.000000
2967.000000
4610.000000
2943.000000
4586.000000
2920.000000
4563.000000
2897.000000
4542.000000
2876.000000
4523.000000
2856.000000
4507.000000
11551155
3011.000000
4659.000000
2990.000000
4634.000000
2967.000000
4610.000000
2943.000000
4586.000000
2920.000000
4563.000000
2897.000000
4542.000000
2876.000000
4523.000000
2856.000000
4507.000000
11551155
2992.000000
4633.000000
2970.000000
4608.000000
2947.000000
4584.000000
2923.000000
4561.000000
2900.000000
4539.000000
2878.000000
4520.000000
2858.000000
4503.000000
2840.000000
4489.000000
11551155
2992.000000
4633.000000
2970.000000
4608.000000
2947.000000
4584.000000
2923.000000
4561.000000
2900.000000
4539.000000
2878.000000
4520.000000
2858.000000
4503.000000
2840.000000
4489.000000
11551155
2988.000000
4627.000000
2966.000000
4604.000000
2943.000000
4581.000000
2920.000000
4559.000000
2898.000000
4539.000000
2878.000000
4521.000000
2859.000000
4506.000000
2843.000000
4493.000000
11551155
2988.000000
4627.000000
2966.000000
4604.000000
2943.000000
4581.000000
2920.000000
4559.000000
2898.000000
4539.000000
2878.000000
4521.000000
2859.000000
4506.000000
2843.000000
4493.000000
11551155
2988.000000
4627.000000
2966.000000
4604.000000
2943.000000
4581.000000
2920.000000
4559.000000
2898.000000
4539.000000
2878.000000
4521.000000
2859.000000
4506.000000
2843.000000
4493.000000
11551155
3017.000000
4654.000000
2997.000000
4631.000000
2975.000000
4608.000000
2953.000000
4586.000000
2931.000000
4565.000000
2909.000000
4546.000000
2889.000000
4529.000000
2871.000000
4515.000000
11551155
3017.000000
4654.000000
2997.000000
4631.000000
2975.000000
4608.000000
2953.000000
4586.000000
2931.000000
4565.000000
2909.000000
4546.000000
2889.000000
4529.000000
2871.000000
4515.000000
11551155
3013.000000
4642.000000
2991.000000
4619.000000
2969.000000
4597.000000
2947.000000
4576.000000
2925.000000
4557.000000
2905.000000
4540.000000
2887.000000
4526.000000
2871.000000
4515.000000
11551155
3013.000000
4642.000000
2991.000000
4619.000000
2969.000000
4597.000000
2947.000000
4576.000000
2925.000000
4557.000000
2905.000000
4540.000000
2887.000000
4526.000000
2871.000000
4515.000000
11551155
3060.000000
4695.000000
3040.000000
4672.000000
3019.000000
4649.000000
2997.000000
4627.000000
2975.000000
4606.000000
2954.000000
4586.000000
2933.000000
4568.000000
2914.000000
4553.000000
11551155
3060.000000
4695.000000
3040.000000
4672.000000
3019.000000
4649.000000
2997.000000
4627.000000
2975.000000
4606.000000
2954.000000
4586.000000
2933.000000
4568.000000
2914.000000
4553.000000
11551155
3062.000000
4691.000000
3020.000000
4668.000000
2996.000000
4644.000000
2984.000000
4621.000000
2967.000000
4599.000000
2947.000000
4579.000000
2928.000000
4561.000000
2910.000000
4546.000000
11551155
3062.000000
4691.000000
3020.000000
4668.000000
2996.000000
4644.000000
2984.000000
4621.000000
2967.000000
4599.000000
2947.000000
4579.000000
2928.000000
4561.000000
2910.000000
4546.000000
11551155
3060.000000
4685.000000
3039.000000
4661.000000
3016.000000
4637.000000
2993.000000
4613.000000
2970.000000
4591.000000
2948.000000
4571.000000
2927.000000
4554.000000
2909.000000
4538.000000
11551155
3060.000000
4685.000000
3039.000000
4661.000000
3016.000000
4637.000000
2993.000000
4613.000000
2970.000000
4591.000000
2948.000000
4571.000000
2927.000000
4554.000000
2909.000000
4538.000000
11551155
3060.000000
4685.000000
3039.000000
4661.000000
3016.000000
4637.000000
2993.000000
4613.000000
2970.000000
4591.000000
2948.000000
4571.000000
2927.000000
4554.000000
2909.000000
4538.000000
11551155
3083.000000
4709.000000
3062.000000
4686.000000
3040.000000
4662.000000
3017.000000
4638.000000
2994.000000
4614.000000
2971.000000
4593.000000
2949.000000
4573.000000
2929.000000
4556.000000
11551155
3083.000000
4709.000000
3062.000000
4686.000000
3040.000000
4662.000000
3017.000000
4638.000000
2994.000000
4614.000000
2971.000000
4593.000000
2949.000000
4573.000000
2929.000000
4556.000000
11551155
3065.000000
4685.000000
3044.000000
4661.000000
3021.000000
4638.000000
2998.000000
4615.000000
2976.000000
4593.000000
2954.000000
4573.000000
2934.000000
4556.000000
2916.000000
4541.000000
11551155
3065.000000
4685.000000
3044.000000
4661.000000
3021.000000
4638.000000
2998.000000
4615.000000
2976.000000
4593.000000
2954.000000
4573.000000
2934.000000
4556.000000
2916.000000
4541.000000
11551155
3057.000000
4671.000000
3035.000000
4646.000000
3012.000000
4622.000000
2988.000000
4598.000000
2964.000000
4575.000000
2941.000000
4555.000000
2920.000000
4537.000000
2901.000000
4522.000000
11551155
3057.000000
4671.000000
3035.000000
4646.000000
3012.000000
4622.000000
2988.000000
4598.000000
2964.000000
4575.000000
2941.000000
4555.000000
2920.000000
4537.000000
2901.000000
4522.000000
11551155
2997.000000
4605.000000
2973.000000
4581.000000
2949.000000
4557.000000
2925.000000
4535.000000
2903.000000
4515.000000
2882.000000
4498.000000
2864.000000
4483.000000
2848.000000
4471.000000
11551155
2997.000000
4605.000000
2973.000000
4581.000000
2949.000000
4557.000000
2925.000000
4535.000000
2903.000000
4515.000000
2882.000000
4498.000000
2864.000000
4483.000000
2848.000000
4471.000000
11551155
2997.000000
4605.000000
2973.000000
4581.000000
2949.000000
4557.000000
2925.000000
4535.000000
2903.000000
4515.000000
2882.000000
4498.000000
2864.000000
4483.000000
2848.000000
4471.000000
11551155
3018.000000
4623.000000
2995.000000
4598.000000
2971.000000
4573.000000
2946.000000
4549.000000
2922.000000
4526.000000
2899.000000
4506.000000
2877.000000
4488.000000
2858.000000
4472.000000
11551155
3018.000000
4623.000000
2995.000000
4598.000000
2971.000000
4573.000000
2946.000000
4549.000000
2922.000000
4526.000000
2899.000000
4506.000000
2877.000000
4488.000000
2858.000000
4472.000000
11551155
2999.000000
4600.000000
2976.000000
4575.000000
2952.000000
4551.000000
2928.000000
4528.000000
2905.000000
4506.000000
2883.000000
4487.000000
2863.000000
4470.000000
2845.000000
4456.000000
11551155
2999.000000
4600.000000
2976.000000
4575.000000
2952.000000
4551.000000
2928.000000
4528.000000
2905.000000
4506.000000
2883.000000
4487.000000
2863.000000
4470.000000
2845.000000
4456.000000
11551155
3019.000000
4616.000000
2997.000000
4591.000000
2973.000000
4566.000000
2948.000000
4541.000000
2923.000000
4517.000000
2899.000000
4495.000000
2876.000000
4475.000000
2854.000000
4457.000000
11551155
3019.000000
4616.000000
2997.000000
4591.000000
2973.000000
4566.000000
2948.000000
4541.000000
2923.000000
4517.000000
2899.000000
4495.000000
2876.000000
4475.000000
2854.000000
4457.000000
11551155
3019.000000
4616.000000
2997.000000
4591.000000
2973.000000
4566.000000
2948.000000
4541.000000
2923.000000
4517.000000
2899.000000
4495.000000
2876.000000
4475.000000
2854.000000
4457.000000
11551155
2984.000000
4575.000000
2960.000000
4549.000000
2936.000000
4525.000000
2911.000000
4501.000000
2887.000000
4479.000000
2864.000000
4459.000000
2843.000000
4441.000000
2824.000000
4427.000000
11551155
2984.000000
4575.000000
2960.000000
4549.000000
2936.000000
4525.000000
2911.000000
4501.000000
2887.000000
4479.000000
2864.000000
4459.000000
2843.000000
4441.000000
2824.000000
4427.000000
11551155
3030.000000
4620.000000
3010.000000
4596.000000
2988.000000
4571.000000
2965.000000
4546.000000
2940.000000
4521.000000
2916.000000
4497.000000
2892.000000
4475.000000
2869.000000
4456.000000
11551155
3030.000000
4620.000000
3010.000000
4596.000000
2988.000000
4571.000000
2965.000000
4546.000000
2940.000000
4521.000000
2916.000000
4497.000000
2892.000000
4475.000000
2869.000000
4456.000000
11551155
3030.000000
4620.000000
3010.000000
4596.000000
2988.000000
4571.000000
2965.000000
4546.000000
2940.000000
4521.000000
2916.000000
4497.000000
2892.000000
4475.000000
2869.000000
4456.000000
11551155
3000.000000
4586.000000
2978.000000
4561.000000
2954.000000
4536.000000
2930.000000
4512.000000
2906.000000
4489.000000
2883.000000
4468.000000
2861.000000
4449.000000
2841.000000
4433.000000
11551155
3000.000000
4586.000000
2978.000000
4561.000000
2954.000000
4536.000000
2930.000000
4512.000000
2906.000000
4489.000000
2883.000000
4468.000000
2861.000000
4449.000000
2841.000000
4433.000000
11551155
3030.000000
4610.000000
3010.000000
4585.000000
2987.000000
4559.000000
2963.000000
4532.000000
2938.000000
4506.000000
2913.000000
4481.000000
2888.000000
4458.000000
2864.000000
4437.000000
11551155
3030.000000
4610.000000
3010.000000
4585.000000
2987.000000
4559.000000
2963.000000
4532.000000
2938.000000
4506.000000
2913.000000
4481.000000
2888.000000
4458.000000
2864.000000
4437.000000
11551155
2990.000000
4558.000000
2967.000000
4532.000000
2943.000000
4507.000000
2918.000000
4482.000000
2894.000000
4459.000000
2871.000000
4438.000000
2849.000000
4419.000000
2829.000000
4403.000000
11551155
2990.000000
4558.000000
2967.000000
4532.000000
2943.000000
4507.000000
2918.000000
4482.000000
2894.000000
4459.000000
2871.000000
4438.000000
2849.000000
4419.000000
2829.000000
4403.000000
11551155
2990.000000
4558.000000
2967.000000
4532.000000
2943.000000
4507.000000
2918.000000
4482.000000
2894.000000
4459.000000
2871.000000
4438.000000
2849.000000
4419.000000
2829.000000
4403.000000
11551155
3058.000000
4630.000000
3040.000000
4607.000000
3019.000000
4582.000000
2997.000000
4557.000000
2973.000000
4531.000000
2949.000000
4506.000000
2925.000000
4483.000000
2879.000000
4461.000000
11551155
3058.000000
4630.000000
3040.000000
4607.000000
3019.000000
4582.000000
2997.000000
4557.000000
2973.000000
4531.000000
2949.000000
4506.000000
2925.000000
4483.000000
2879.000000
4461.000000
11551155
3058.000000
4617.000000
3037.000000
4592.000000
3014.000000
4567.000000
2990.000000
4541.000000
2965.000000
4517.000000
2941.000000
4493.000000
2917.000000
4471.000000
2894.000000
4452.000000
11551155
3058.000000
4617.000000
3037.000000
4592.000000
3014.000000
4567.000000
2990.000000
4541.000000
2965.000000
4517.000000
2941.000000
4493.000000
2917.000000
4471.000000
2894.000000
4452.000000
11551155
3058.000000
4617.000000
3037.000000
4592.000000
3014.000000
4567.000000
2990.000000
4541.000000
2965.000000
4517.000000
2941.000000
4493.000000
2917.000000
4471.000000
2894.000000
4452.000000
11551155
3036.000000
4588.000000
3015.000000
4562.000000
2991.000000
4536.000000
2966.000000
4511.000000
2941.000000
4486.000000
2917.000000
4463.000000
2894.000000
4443.000000
2872.000000
4425.000000
11551155
3036.000000
4588.000000
3015.000000
4562.000000
2991.000000
4536.000000
2966.000000
4511.000000
2941.000000
4486.000000
2917.000000
4463.000000
2894.000000
4443.000000
2872.000000
4425.000000
11551155
3000.000000
4544.000000
2975.000000
4518.000000
2950.000000
4492.000000
2925.000000
4468.000000
2900.000000
4445.000000
2877.000000
4425.000000
2856.000000
4408.000000
2838.000000
4393.000000
11551155
3000.000000
4544.000000
2975.000000
4518.000000
2950.000000
4492.000000
2925.000000
4468.000000
2900.000000
4445.000000
2877.000000
4425.000000
2856.000000
4408.000000
2838.000000
4393.000000
11551155
3000.000000
4544.000000
2975.000000
4518.000000
2950.000000
4492.000000
2925.000000
4468.000000
2900.000000
4445.000000
2877.000000
4425.000000
2856.000000
4408.000000
2838.000000
4393.000000
11551155
3028.000000
4571.000000
3005.000000
4546.000000
2981.000000
4520.000000
2956.000000
4495.000000
2931.000000
4471.000000
2907.000000
4448.000000
2884.000000
4428.000000
2863.000000
4410.000000
11551155
3028.000000
4571.000000
3005.000000
4546.000000
2981.000000
4520.000000
2956.000000
4495.000000
2931.000000
4471.000000
2907.000000
4448.000000
2884.000000
4428.000000
2863.000000
4410.000000
11551155
3043.000000
4584.000000
3022.000000
4560.000000
2999.000000
4534.000000
2974.000000
4508.000000
2949.000000
4483.000000
2923.000000
4458.000000
2899.000000
4436.000000
2876.000000
4416.000000
11551155
3043.000000
4584.000000
3022.000000
4560.000000
2999.000000
4534.000000
2974.000000
4508.000000
2949.000000
4483.000000
2923.000000
4458.000000
2899.000000
4436.000000
2876.000000
4416.000000
11551155
3043.000000
4584.000000
3022.000000
4560.000000
2999.000000
4534.000000
2974.000000
4508.000000
2949.000000
4483.000000
2923.000000
4458.000000
2899.000000
4436.000000
2876.000000
4416.000000
11551155
2995.000000
4532.000000
2971.000000
4506.000000
2946.000000
4479.000000
2920.000000
4454.000000
2895.000000
4430.000000
2871.000000
4409.000000
2848.000000
4389.000000
2828.000000
4372.000000
11551155
2995.000000
4532.000000
2971.000000
4506.000000
2946.000000
4479.000000
2920.000000
4454.000000
2895.000000
4430.000000
2871.000000
4409.000000
2848.000000
4389.000000
2828.000000
4372.000000
11551155
3021.000000
4557.000000
3000.000000
4533.000000
2976.000000
4507.000000
2951.000000
4480.000000
2925.000000
4455.000000
2899.000000
4430.000000
2874.000000
4407.000000
2850.000000
4386.000000
11551155
3021.000000
4557.000000
3000.000000
4533.000000
2976.000000
4507.000000
2951.000000
4480.000000
2925.000000
4455.000000
2899.000000
4430.000000
2874.000000
4407.000000
2850.000000
4386.000000
11551155
3021.000000
4557.000000
3000.000000
4533.000000
2976.000000
4507.000000
2951.000000
4480.000000
2925.000000
4455.000000
2899.000000
4430.000000
2874.000000
4407.000000
2850.000000
4386.000000
11551155
2975.000000
4503.000000
2951.000000
4477.000000
2926.000000
4451.000000
2901.000000
4426.000000
2876.000000
4402.000000
2852.000000
4381.000000
2829.000000
4362.000000
2809.000000
4345.000000
11551155
2975.000000
4503.000000
2951.000000
4477.000000
2926.000000
4451.000000
2901.000000
4426.000000
2876.000000
4402.000000
2852.000000
4381.000000
2829.0000

